7 0.8453125 0.36171875 0.01328125 0.0515625
7 0.27265625 0.39609375 0.01328125 0.0640625
7 0.3078125 0.35546875 0.0203125 0.0890625
4 0.47421875 0.85390625 0.19765625 0.28203125
7 0.76796875 0.35703125 0.01484375 0.06875
7 0.41640625 0.33515625 0.01875 0.0984375
6 0.26171875 0.70390625 0.0984375 0.1359375
6 0.10703125 0.6609375 0.07421875 0.08984375
6 0.75 0.69921875 0.0859375 0.15078125
6 0.17421875 0.6359375 0.0921875 0.08828125
6 0.21015625 0.6109375 0.0578125 0.06171875
7 0.31953125 0.39921875 0.01328125 0.05703125