2 0.25 0.66796875 0.0171875 0.0796875
1 0.309375 0.8328125 0.0625 0.1
2 0.309375 0.79609375 0.0328125 0.1234375
2 0.34609375 0.59609375 0.0125 0.059375
2 0.38203125 0.5984375 0.0140625 0.071875
2 0.4109375 0.59453125 0.009375 0.046875
2 0.41953125 0.59140625 0.0125 0.0640625
2 0.43125 0.58984375 0.0109375 0.059375
2 0.1046875 0.7234375 0.0171875 0.121875
2 0.03046875 0.7015625 0.0140625 0.1203125
6 0.27265625 0.3953125 0.0109375 0.05625
6 0.3078125 0.35625 0.01875 0.0859375
6 0.3171875 0.39765625 0.0109375 0.0515625
6 0.415625 0.3390625 0.021875 0.096875
6 0.76796875 0.3578125 0.0125 0.06875
6 0.84453125 0.36171875 0.0125 0.053125
7 0.49140625 0.8 0.2421875 0.296875
5 0.1375 0.659375 0.0921875 0.084375
5 0.17265625 0.596875 0.084375 0.065625
5 0.19609375 0.62265625 0.084375 0.0578125