3 0.11875 0.6609375 0.11875 0.0984375
4 0.23515625 0.75859375 0.084375 0.1328125
5 0.26484375 0.621875 0.1125 0.096875
5 0.35859375 0.884375 0.2859375 0.23125
3 0.57890625 0.5734375 0.0421875 0.0765625
5 0.61953125 0.58203125 0.05625 0.065625
7 0.678125 0.5703125 0.0671875 0.1125
7 0.7234375 0.553125 0.0328125 0.071875
5 0.759375 0.5390625 0.0359375 0.0484375
3 0.784375 0.52109375 0.0328125 0.046875
5 0.80078125 0.51328125 0.021875 0.0375
6 0.76796875 0.35703125 0.0125 0.0671875
6 0.84375 0.36328125 0.0125 0.0515625
6 0.415625 0.334375 0.0234375 0.09375
6 0.271875 0.3953125 0.0125 0.0578125
6 0.30859375 0.35625 0.0203125 0.090625
6 0.31796875 0.39375 0.0125 0.0546875
5 0.12421875 0.58671875 0.0421875 0.04375