6 0.67734375 0.88671875 0.165625 0.22421875
6 0.46484375 0.88515625 0.19765625 0.228125
7 0.8453125 0.3609375 0.01328125 0.053125
6 0.80078125 0.5484375 0.0359375 0.0609375
0 0.1453125 0.7375 0.0375 0.0609375
3 0.140625 0.70390625 0.0296875 0.11953125
7 0.3078125 0.35546875 0.0203125 0.0890625
6 0.16953125 0.63984375 0.09453125 0.0796875
7 0.7671875 0.35859375 0.01484375 0.06953125
6 0.83359375 0.51640625 0.02890625 0.03671875
6 0.43125 0.678125 0.11328125 0.13125
7 0.41640625 0.33359375 0.01875 0.096875
7 0.27265625 0.39453125 0.01328125 0.05859375
6 0.6328125 0.64765625 0.08046875 0.103125