7 0.84453125 0.3609375 0.0125 0.053125
7 0.7671875 0.35703125 0.015625 0.0671875
6 0.14375 0.63359375 0.08125 0.08125
7 0.2734375 0.39609375 0.0171875 0.0671875
7 0.3078125 0.35625 0.0203125 0.090625
4 0.79296875 0.57421875 0.0421875 0.0734375
7 0.415625 0.33359375 0.0203125 0.09375
6 0.77890625 0.696875 0.0828125 0.1359375
6 0.68359375 0.584375 0.0640625 0.0890625
4 0.4609375 0.63515625 0.1453125 0.1140625
6 0.575 0.7421875 0.1015625 0.1625
4 0.22265625 0.68125 0.1375 0.1296875
3 0.10078125 0.71875 0.015625 0.1265625
3 0.11875 0.7203125 0.0171875 0.121875