3 0.46796875 0.60703125 0.01484375 0.08125
9 0.72421875 0.5484375 0.03984375 0.08515625
5 0.76015625 0.53515625 0.03671875 0.0515625
6 0.3453125 0.8984375 0.29609375 0.2015625
6 0.61875 0.58125 0.05703125 0.06953125
7 0.3078125 0.35546875 0.0203125 0.0890625
6 0.12421875 0.59453125 0.04375 0.06796875
7 0.84375 0.36171875 0.01328125 0.05390625
7 0.76796875 0.36015625 0.01640625 0.071875
7 0.415625 0.33515625 0.01953125 0.09453125
8 0.32734375 0.65390625 0.1546875 0.13125
9 0.67734375 0.57421875 0.07734375 0.11953125
4 0.79140625 0.51328125 0.0328125 0.046875