3 0.10078125 0.7078125 0.015625 0.11640625
3 0.11796875 0.71328125 0.01875 0.10625
7 0.84453125 0.3609375 0.01328125 0.053125
7 0.3078125 0.35546875 0.01953125 0.0890625
6 0.14453125 0.6359375 0.08515625 0.08046875
7 0.76875 0.35859375 0.01796875 0.07109375
8 0.2015625 0.89765625 0.403125 0.2015625
6 0.45703125 0.64453125 0.10390625 0.10078125
7 0.41484375 0.33359375 0.01953125 0.0953125
7 0.2734375 0.39609375 0.01328125 0.059375
6 0.68359375 0.58671875 0.065625 0.0765625
6 0.721875 0.55703125 0.04765625 0.0765625