6 0.78828125 0.51875 0.02890625 0.04296875
7 0.84375 0.36171875 0.01328125 0.0515625
3 0.1234375 0.7328125 0.01796875 0.12578125
3 0.14296875 0.7265625 0.02265625 0.13046875
7 0.3078125 0.35625 0.0203125 0.08828125
6 0.2 0.63828125 0.0984375 0.0859375
7 0.76796875 0.35703125 0.01640625 0.0703125
4 0.63671875 0.56015625 0.05546875 0.071875
5 0.79453125 0.57265625 0.03984375 0.06171875
7 0.415625 0.33515625 0.01953125 0.09453125
7 0.27265625 0.39609375 0.01328125 0.0609375
6 0.72578125 0.7359375 0.10234375 0.146875
4 0.6734375 0.59453125 0.07421875 0.08671875