3 0.1296875 0.72109375 0.0171875 0.12421875
7 0.76796875 0.35703125 0.01484375 0.071875
7 0.3078125 0.35546875 0.0203125 0.08671875
6 0.321875 0.928125 0.3 0.14296875
7 0.8453125 0.36171875 0.01328125 0.0515625
7 0.4171875 0.33359375 0.01953125 0.09375
6 0.70859375 0.56328125 0.05 0.0734375
3 0.2234375 0.67265625 0.01796875 0.09375
6 0.58984375 0.7640625 0.1375 0.16875
3 0.25078125 0.67578125 0.02109375 0.08671875
6 0.79921875 0.61484375 0.05078125 0.08125
6 0.378125 0.628125 0.1109375 0.09140625
4 0.14140625 0.6546875 0.1078125 0.11640625