6 0.4 0.89140625 0.2578125 0.215625
7 0.3078125 0.35625 0.0203125 0.090625
7 0.84375 0.36171875 0.0125 0.0515625
7 0.415625 0.3359375 0.0203125 0.0953125
6 0.7703125 0.53203125 0.034375 0.04375
6 0.82578125 0.49453125 0.0234375 0.028125
7 0.7671875 0.36015625 0.0140625 0.071875
6 0.61484375 0.58046875 0.0625 0.078125
7 0.2734375 0.39453125 0.0140625 0.0609375
4 0.6859375 0.57578125 0.071875 0.08125
4 0.25390625 0.62109375 0.125 0.0921875
3 0.7734375 0.82265625 0.0328125 0.165625
3 0.79453125 0.80390625 0.034375 0.184375