5 0.30625 0.62890625 0.0921875 0.0859375
3 0.51640625 0.73046875 0.1078125 0.178125
3 0.5375 0.57578125 0.0734375 0.071875
6 0.271875 0.39296875 0.015625 0.0578125
6 0.30859375 0.35390625 0.0203125 0.09375
6 0.31875 0.39375 0.0125 0.05
6 0.41484375 0.3390625 0.0234375 0.096875
6 0.76875 0.36015625 0.015625 0.0703125
6 0.84609375 0.3640625 0.0140625 0.0546875
5 0.59609375 0.59140625 0.059375 0.075
3 0.66015625 0.553125 0.0484375 0.0640625
5 0.690625 0.57890625 0.05625 0.075
8 0.7234375 0.54140625 0.0546875 0.0875
5 0.790625 0.6453125 0.0640625 0.1078125