6 0.1484375 0.62421875 0.0828125 0.07890625
6 0.8390625 0.4890625 0.0171875 0.028125
3 0.3578125 0.5703125 0.015625 0.05859375
3 0.0296875 0.69375 0.01796875 0.10703125
7 0.84375 0.3625 0.0125 0.05078125
7 0.4140625 0.33671875 0.01640625 0.084375
7 0.27109375 0.39375 0.01015625 0.0546875
7 0.30859375 0.35546875 0.015625 0.08203125
7 0.93515625 0.41796875 0.00859375 0.03515625
9 0.46875 0.83984375 0.24296875 0.28359375
5 0.6609375 0.89609375 0.18046875 0.203125
6 0.21328125 0.68515625 0.12890625 0.1390625
5 0.46171875 0.703125 0.140625 0.0859375
4 0.796875 0.590625 0.0546875 0.10078125
5 0.11640625 0.653125 0.040625 0.07421875