4 0.53671875 0.58828125 0.1109375 0.0859375
7 0.3078125 0.35546875 0.0203125 0.0890625
7 0.8453125 0.36171875 0.0140625 0.0515625
6 0.78671875 0.5859375 0.04375 0.0796875
6 0.63828125 0.67265625 0.0734375 0.121875
7 0.7671875 0.35703125 0.015625 0.06875
3 0.06171875 0.7109375 0.0140625 0.0921875
3 0.09453125 0.70859375 0.0203125 0.1171875
3 0.11171875 0.715625 0.0203125 0.115625
7 0.27265625 0.39453125 0.0140625 0.0609375
7 0.41640625 0.33515625 0.01875 0.096875
4 0.35625 0.86328125 0.34375 0.271875
3 0.05 0.71796875 0.0234375 0.1015625
4 0.1296875 0.6578125 0.1 0.0984375
6 0.15234375 0.628125 0.0734375 0.0734375