3 0.20703125 0.6484375 0.01484375 0.0796875
3 0.31953125 0.62421875 0.0125 0.06171875
3 0.33828125 0.6234375 0.01484375 0.078125
6 0.2625 0.93671875 0.3109375 0.125
3 0.28203125 0.63515625 0.0125 0.0703125
3 0.29296875 0.62734375 0.01328125 0.0640625
7 0.3078125 0.35546875 0.01953125 0.0890625
7 0.84453125 0.36171875 0.01328125 0.0515625
7 0.76796875 0.35859375 0.01640625 0.06953125
6 0.625 0.58515625 0.05390625 0.06875
6 0.7265625 0.55859375 0.0421875 0.05859375
7 0.41484375 0.33515625 0.01953125 0.09453125
7 0.2734375 0.39453125 0.01328125 0.06015625
2 0.54765625 0.5921875 0.02734375 0.05
2 0.5796875 0.5796875 0.02421875 0.04375
6 0.621875 0.55625 0.05390625 0.05234375
4 0.6796875 0.5828125 0.06640625 0.0859375
4 0.75546875 0.5375 0.03984375 0.06015625