6 0.66171875 0.8859375 0.184375 0.2265625
5 0.4734375 0.89296875 0.1984375 0.2140625
3 0.42109375 0.59921875 0.0109375 0.0625
7 0.8453125 0.3609375 0.0140625 0.053125
3 0.13046875 0.68515625 0.015625 0.109375
6 0.77421875 0.59609375 0.0421875 0.06875
7 0.7671875 0.359375 0.015625 0.0703125
7 0.3078125 0.35546875 0.0203125 0.0890625
3 0.0296875 0.70078125 0.0171875 0.11875
6 0.2390625 0.61328125 0.084375 0.0734375
6 0.52421875 0.65703125 0.0921875 0.1140625
7 0.41640625 0.33359375 0.01875 0.09375
0 0.13515625 0.72421875 0.0578125 0.0671875
7 0.27265625 0.39609375 0.0125 0.05625
6 0.1703125 0.6390625 0.0921875 0.0859375
3 0.43671875 0.590625 0.0109375 0.0703125