7 0.8453125 0.3609375 0.01328125 0.053125
6 0.20703125 0.63203125 0.0546875 0.08125
7 0.76875 0.35859375 0.0171875 0.07109375
6 0.2953125 0.7515625 0.15234375 0.146875
6 0.2609375 0.93046875 0.31484375 0.13828125
7 0.3078125 0.35625 0.01953125 0.08828125
7 0.415625 0.33515625 0.01953125 0.09453125
7 0.2734375 0.39609375 0.0140625 0.0609375
6 0.76640625 0.49765625 0.03828125 0.03203125
6 0.8234375 0.49453125 0.02578125 0.0359375
3 0.109375 0.72890625 0.02890625 0.12265625
4 0.6765625 0.5875 0.0828125 0.09296875
4 0.528125 0.76171875 0.21015625 0.23046875
4 0.6 0.87734375 0.26875 0.2453125