3 0.11328125 0.7390625 0.0234375 0.11875
6 0.1125 0.65703125 0.05546875 0.07421875
7 0.8453125 0.36171875 0.01328125 0.0515625
6 0.79375 0.5484375 0.04296875 0.06328125
7 0.27265625 0.3984375 0.01015625 0.0671875
7 0.30703125 0.35546875 0.01953125 0.0890625
3 0.38515625 0.590625 0.0125 0.08046875
6 0.84375 0.51171875 0.0234375 0.03125
7 0.76796875 0.35859375 0.01640625 0.07109375
3 0.35546875 0.58828125 0.01171875 0.06171875
7 0.415625 0.3359375 0.01953125 0.09375
4 0.5859375 0.91015625 0.271875 0.1796875
4 0.13125 0.61328125 0.075 0.07421875
4 0.65 0.60390625 0.08515625 0.0921875