7 0.84453125 0.3609375 0.01171875 0.053125
3 0.19296875 0.71640625 0.02734375 0.109375
6 0.8 0.50859375 0.03125 0.04375
7 0.30703125 0.35546875 0.01953125 0.0890625
7 0.7671875 0.3609375 0.01484375 0.0734375
7 0.41484375 0.33515625 0.0203125 0.09296875
6 0.68359375 0.58359375 0.05625 0.0765625
4 0.34609375 0.87578125 0.34921875 0.246875
4 0.62265625 0.57265625 0.065625 0.08046875
0 0.1984375 0.74375 0.0234375 0.06640625
7 0.27265625 0.39453125 0.01171875 0.0578125
6 0.71875 0.5609375 0.03828125 0.06171875