6 0.6734375 0.58671875 0.05859375 0.08359375
7 0.84453125 0.36171875 0.01328125 0.0515625
7 0.2734375 0.3984375 0.01171875 0.06953125
7 0.30703125 0.35625 0.01953125 0.08828125
7 0.7671875 0.36171875 0.01484375 0.07578125
4 0.8078125 0.5390625 0.03984375 0.05546875
3 0.58203125 0.59765625 0.00703125 0.059375
3 0.5890625 0.596875 0.0078125 0.05546875
7 0.415625 0.33359375 0.01953125 0.09140625
9 0.27890625 0.60625 0.12890625 0.1109375
6 0.72109375 0.5609375 0.04375 0.06484375
6 0.74921875 0.54609375 0.03125 0.05234375
0 0.63203125 0.80078125 0.053125 0.08359375
3 0.61640625 0.75546875 0.02421875 0.1234375