7 0.84375 0.3609375 0.01328125 0.0546875
6 0.17421875 0.81328125 0.16796875 0.21796875
7 0.271875 0.39296875 0.009375 0.06328125
7 0.3078125 0.35390625 0.02109375 0.08828125
6 0.53125 0.7140625 0.08203125 0.14453125
6 0.8109375 0.54453125 0.0328125 0.04921875
7 0.415625 0.33359375 0.01953125 0.0953125
4 0.69296875 0.5484375 0.05390625 0.071875
7 0.76796875 0.35703125 0.01484375 0.0703125
6 0.1828125 0.63515625 0.09609375 0.09296875
8 0.28125 0.57578125 0.153125 0.15859375
0 0.10859375 0.74609375 0.034375 0.059375
3 0.10078125 0.69921875 0.01640625 0.09296875