3 0.34453125 0.603125 0.0109375 0.0609375
3 0.15 0.71171875 0.0234375 0.13125
1 0.44921875 0.64140625 0.1328125 0.08125
3 0.38359375 0.58203125 0.0125 0.06875
6 0.64375 0.55390625 0.0515625 0.059375
7 0.3078125 0.35546875 0.0203125 0.0890625
7 0.7671875 0.35859375 0.015625 0.0703125
3 0.29296875 0.77109375 0.0171875 0.13125
7 0.84453125 0.36171875 0.0140625 0.05
3 0.42890625 0.79921875 0.0359375 0.14375
6 0.71484375 0.53828125 0.0375 0.046875
6 0.82265625 0.49375 0.025 0.03125
3 0.12578125 0.70625 0.021875 0.109375
7 0.415625 0.33203125 0.0203125 0.0953125
6 0.2625 0.93828125 0.3125 0.121875
6 0.259375 0.6734375 0.121875 0.1453125
2 0.5453125 0.5921875 0.0265625 0.05625
2 0.58203125 0.5859375 0.0234375 0.05
4 0.67734375 0.5921875 0.0765625 0.0875
6 0.87890625 0.67890625 0.1328125 0.128125