9 0.5447037760416666 0.06872549019607843 0.2094759114583334 0.13745098039215686
9 0.7870149739583333 0.06229901960784314 0.18977539062499993 0.10383088235294118
4 0.901259765625 0.49946813725490197 0.19747721354166656 0.18162499999999993
4 0.682490234375 0.49098039215686273 0.1987207031250001 0.16761274509803925
4 0.4745377604166667 0.4836225490196079 0.17591471354166663 0.16761274509803925
4 0.298623046875 0.46154656862745097 0.15202473958333337 0.17088235294117654
14 0.27853515624999997 0.8065808823529411 0.08578776041666665 0.19377696078431364
15 0.40992838541666665 0.8351985294117648 0.16180013020833336 0.19377696078431364
15 0.5932747395833333 0.8668627450980393 0.1879687500000001 0.2176004901960783
29 0.05684895833333333 0.7574803921568627 0.11369466145833333 0.19715196078431374
4 0.053427734375 0.4495392156862745 0.10685546875 0.1554436274509804