2 0.21339518229166665 0.760563725490196 0.060546875 0.09785049019607854
2 0.14767903645833333 0.7550049019607843 0.06497721354166668 0.10229901960784317
2 0.06793294270833333 0.7505563725490196 0.06793294270833332 0.10452205882352937
6 0.29388020833333334 0.7705710784313725 0.07088541666666666 0.08895588235294108
6 0.3189876302083333 0.678281862745098 0.08565429687499997 0.08895588235294108
4 0.42633463541666666 0.5026495098039215 0.1260677083333334 0.14410784313725492
4 0.2750553385416667 0.4970392156862745 0.13294270833333335 0.15014705882352944
4 0.117470703125 0.48798039215686273 0.14784179687500001 0.1510098039215686
3 0.5357845052083333 0.24420588235294116 0.06761718749999994 0.13461519607843134
3 0.6326269531250001 0.23945833333333333 0.07105468750000006 0.14410784313725492
3 0.710556640625 0.23902696078431374 0.06876302083333326 0.1518725490196078
3 0.7432194010416667 0.09837254901960785 0.09512369791666675 0.12598529411764706
3 0.6383561197916666 0.09578431372549019 0.06876302083333341 0.13806617647058822
3 0.5529752604166667 0.09923529411764706 0.07220052083333339 0.14669607843137256
1 0.41888671875 0.2010588235294118 0.15013346354166668 0.21055147058823528
1 0.2464029947916667 0.20666911764705884 0.13752604166666668 0.18380147058823526
1 0.07564127604166666 0.19415686274509802 0.14669596354166667 0.18811519607843136
9 0.5839192708333333 0.5173186274509803 0.14784179687500001 0.14755882352941174
9 0.7558268229166667 0.5220637254901961 0.15471679687499998 0.15014705882352944