30 0.31734049479166665 0.31066731770833333 0.06398763020833331 0.09799804687499998
30 0.38453776041666665 0.3114225260416667 0.06261067708333339 0.0998372395833333
18 0.5273079427083334 0.28772135416666667 0.10255533854166672 0.11207031249999999
15 0.8012727864583334 0.2754361979166667 0.07218098958333326 0.09677083333333332
37 0.9573600260416667 0.26248046875000003 0.06327799479166678 0.10476888020833337
32 0.8842936197916668 0.27487955729166663 0.0769075520833334 0.0848274739583333
33 0.7822265625 0.061389973958333344 0.07843750000000001 0.09040364583333334
33 0.6905924479166666 0.049479166666666664 0.07845052083333333 0.09895833333333333
9 0.18190429687499998 0.32303385416666663 0.10503255208333336 0.10944986979166664
35 0.622392578125 0.7321940104166668 0.08320963541666664 0.09317057291666675
35 0.6613346354166666 0.5002311197916667 0.08524088541666663 0.10708333333333335
35 0.7446582031250001 0.49314453125 0.07298828125000008 0.09376627604166672
14 0.5798860677083334 0.519951171875 0.05547851562499995 0.10277018229166668
12 0.533046875 0.5411328125 0.03274088541666664 0.08549153645833336
12 0.42697265625 0.5559407552083333 0.04164388020833328 0.07770507812500001
9 0.05514322916666667 0.3333854166666667 0.11028645833333334 0.09409830729166668
26 0.4451888020833333 0.2974674479166667 0.050589192708333286 0.10117838541666664
3 0.09611979166666666 0.577734375 0.08094401041666666 0.12343749999999994
3 0.18060546875000003 0.5691341145833334 0.06981445312500001 0.1123079427083334
13 0.53625 0.7644075520833334 0.07487304687499992 0.07790690104166664
13 0.44721354166666666 0.7780696614583333 0.08499023437500004 0.08094401041666661