36 0.3021936274509804 0.27476888020833334 0.0839240196078431 0.15898437499999996
37 0.4734730392156863 0.2760221354166667 0.08146813725490198 0.15764322916666662
24 0.7949264705882353 0.242109375 0.05002205882352945 0.16232096354166667
21 0.4371887254901961 0.493623046875 0.08660294117647062 0.1387272135416667
21 0.5249313725490196 0.487568359375 0.08356372549019604 0.14175455729166675
29 0.8015392156862745 0.47639322916666665 0.07212499999999988 0.15452148437500002
14 0.3001078431372549 0.6928873697916668 0.05874019607843134 0.15553059895833332
15 0.3750392156862745 0.6911393229166666 0.08660539215686272 0.1530305989583333
15 0.464093137254902 0.6906380208333333 0.08622794117647063 0.15002929687500002
18 0.5520171568627451 0.6968880208333333 0.08434558823529414 0.13252604166666662
19 0.6388112745098039 0.6868880208333333 0.08397058823529421 0.14852864583333325
16 0.7092254901960784 0.6856380208333334 0.04857352941176478 0.15703124999999996
38 0.2855171568627451 0.8934212239583333 0.07613725490196076 0.11490885416666667
40 0.3670612745098039 0.9086490885416666 0.08262745098039213 0.1430631510416666
39 0.5401029411764705 0.9026139322916666 0.08349264705882349 0.1390397135416667