3 0.6070963541666666 0.18259803921568626 0.07269856770833331 0.1331691176470588
3 0.682509765625 0.18668382352941176 0.06727539062500003 0.12009803921568628
3 0.7709407552083333 0.19036029411764704 0.06618815104166664 0.10947794117647061
3 0.824111328125 0.3247549019607843 0.05099934895833336 0.1364387254901961
3 0.753037109375 0.3165857843137255 0.06510416666666667 0.13970588235294118
3 0.68359375 0.31862745098039214 0.07161458333333333 0.1323529411764706
3 0.5864811197916667 0.3141348039215687 0.055338541666666664 0.125
4 0.48611002604166664 0.5604583333333334 0.13020833333333334 0.1290857843137255
4 0.33420247395833336 0.548203431372549 0.12803710937499999 0.14542401960784312
4 0.17632486979166664 0.5404411764705882 0.14865559895833336 0.15114460784313727
2 0.267470703125 0.8153602941176471 0.06402018229166669 0.09477205882352943
2 0.194228515625 0.8153602941176471 0.067275390625 0.09803921568627451
2 0.10796549479166667 0.8145416666666666 0.06618815104166668 0.09640441176470586
2 0.036350911458333336 0.8165857843137255 0.07053059895833333 0.09885539215686273
6 0.34288085937499996 0.8223039215686274 0.07595377604166664 0.08251715686274512
6 0.3580729166666667 0.7303921568627451 0.08246419270833331 0.08660049019607842
9 0.6331380208333334 0.5698529411764706 0.13997395833333334 0.13480392156862744
9 0.7866764322916667 0.5682181372549019 0.14756835937499999 0.13807107843137253