5 0.14429036458333333 0.0959950980392157 0.22483398437500002 0.1919877450980392
5 0.37601562499999996 0.09923774509803922 0.21794270833333332 0.19847549019607844
4 0.6565592447916666 0.09736029411764706 0.2385677083333333 0.1932107843137255
4 0.8795898437499999 0.10641666666666669 0.17942708333333326 0.18264460784313727
33 0.13833007812499998 0.5418995098039215 0.15837565104166665 0.22490931372549022
33 0.3357975260416666 0.5547279411764706 0.17842447916666662 0.22038235294117645
33 0.535771484375 0.5547279411764706 0.19145507812500004 0.23245833333333335
33 0.7477766927083334 0.5513333333333333 0.21250325520833324 0.2558553921568628
29 0.05563151041666667 0.8822720588235294 0.11126302083333334 0.23545588235294115
29 0.2059895833333333 0.881139705882353 0.1754166666666667 0.23772058823529402
29 0.4098307291666667 0.8878676470588235 0.15625 0.22426470588235295
29 0.5598307291666667 0.9011397058823529 0.12128906249999998 0.19771813725490187
29 0.7182063802083333 0.9049142156862745 0.16338867187500003 0.19017156862745088
28 0.9079687500000001 0.935857843137255 0.18406249999999988 0.12828186274509812