25 0.08931315104166666 0.25785294117647056 0.12772786458333332 0.16827450980392156
25 0.150419921875 0.11844362745098039 0.10150065104166668 0.1105563725490196
11 0.6094726562499999 0.25049754901960786 0.132421875 0.18371323529411762
24 0.026809895833333333 0.454953431372549 0.053619791666666666 0.14595833333333338
29 0.10311197916666666 0.4697058823529412 0.09279947916666664 0.11956127450980396
29 0.20725585937500002 0.454953431372549 0.10930013020833333 0.1490637254901961
29 0.321708984375 0.46388235294117647 0.10723632812499999 0.12654901960784318
29 0.4444140625 0.4537892156862745 0.096923828125 0.1482867647058824
29 0.546494140625 0.4568946078431373 0.08455078124999993 0.13897058823529412
28 0.20313151041666666 0.7647279411764706 0.09486328125000003 0.09782352941176468
28 0.09898763020833333 0.7631740196078431 0.09279947916666668 0.09471813725490191
20 0.6490917968750001 0.4654362745098039 0.08764648437500007 0.13741911764705883
20 0.7578743489583334 0.462718137254902 0.10517578125000011 0.13819362745098043
20 0.8718131510416667 0.47475245098039215 0.10826822916666679 0.12033823529411765
15 0.6191861979166667 0.616828431372549 0.10826822916666663 0.09083578431372541
15 0.7305501302083334 0.6447769607843138 0.11032877604166676 0.09549264705882345
18 0.84705078125 0.6382132352941177 0.11078450520833331 0.1086127450980393
18 0.8372395833333334 0.777671568627451 0.1004003906250001 0.0973186274509805
18 0.7290494791666666 0.7781078431372549 0.10328450520833332 0.0973186274509805
16 0.8205078124999999 0.9197377450980393 0.10501627604166656 0.06343137254901965
19 0.7111653645833332 0.9062720588235295 0.10097656249999994 0.09644852941176477
19 0.6067252604166666 0.9032303921568627 0.10213216145833333 0.09644852941176477
35 0.5045930989583333 0.8977990196078431 0.09520507812499994 0.0890637254901961
35 0.40521484375 0.8961029411764706 0.09534505208333337 0.09001715686274499
35 0.3089388020833333 0.9077401960784314 0.09348307291666665 0.06393627450980384
31 0.2329622395833333 0.8924558823529412 0.04878906249999996 0.09282107843137256
31 0.175791015625 0.8895122549019608 0.05065104166666665 0.09198039215686268
31 0.115830078125 0.8853063725490197 0.05288736979166667 0.09198039215686268
31 0.05195638020833334 0.8834828431372549 0.03687174479166666 0.09338235294117647
32 0.30377604166666666 0.7672843137254902 0.09906901041666667 0.10560049019607852
32 0.4055305989583333 0.7695294117647058 0.09727864583333339 0.10470098039215693
32 0.5108658854166667 0.771328431372549 0.10026367187500007 0.10380147058823534
32 0.6188899739583333 0.774921568627451 0.10145833333333336 0.10200490196078439
33 0.5183268229166667 0.6153995098039216 0.07937500000000004 0.08942156862745101
33 0.427314453125 0.6120294117647058 0.08116536458333339 0.09436519607843143
33 0.32705078125000003 0.6144999999999999 0.08355143229166669 0.08942156862745101
33 0.21962565104166668 0.6142769607843137 0.08236002604166666 0.08268137254901964
33 0.105634765625 0.6147254901960784 0.089521484375 0.07549264705882358
5 0.9520475260416666 0.8476911764705882 0.09590494791666664 0.10951715686274507
1 0.95654296875 0.6770833333333334 0.0869140625 0.1497549019607843