25 0.41328125 0.20012369791666665 0.07889648437499996 0.1503352864583333
25 0.50130859375 0.206455078125 0.08500325520833336 0.14791666666666667
24 0.41774088541666665 0.3743131510416667 0.043050130208333336 0.13074218749999997
26 0.5824967447916667 0.8924544270833333 0.028261718750000053 0.06376627604166678
27 0.31652343750000006 0.6361067708333333 0.03964518229166669 0.10194335937500003
27 0.2725390625 0.6320898437499999 0.04174153645833334 0.09960937499999993
27 0.2311490885416667 0.6383203125 0.03842122395833333 0.09155924479166673
37 0.12317708333333333 0.634384765625 0.07327799479166668 0.09177408854166669
27 0.18594075520833334 0.6342285156249999 0.041572265625000014 0.09991210937500002
27 0.35120117187500005 0.6357682291666666 0.024599609375000053 0.10262044270833333
27 0.40802408854166666 0.6562858072916665 0.031686197916666714 0.09615234374999997
28 0.45661783854166665 0.6605110677083333 0.06240559895833334 0.10367838541666674
28 0.5291373697916667 0.6589095052083334 0.07145182291666667 0.09976562499999993
29 0.76703125 0.3818359375 0.05900716145833348 0.12581054687499996
29 0.699951171875 0.3756998697916667 0.07133789062499996 0.12656250000000002
29 0.6285188802083334 0.380390625 0.06492513020833328 0.12754231770833332
29 0.5516341145833333 0.378857421875 0.06964843750000001 0.13657226562500002
29 0.4771614583333333 0.3835221354166667 0.06752604166666669 0.12422851562500004
32 0.74990234375 0.21741861979166666 0.07992187500000014 0.13607421875
32 0.666484375 0.21498697916666668 0.07952799479166672 0.13092773437500002
32 0.5831998697916666 0.218427734375 0.08327473958333338 0.13411458333333334
32 0.66146484375 0.09409505208333334 0.07561197916666666 0.108603515625
32 0.5784114583333334 0.095166015625 0.07785156249999996 0.10785156249999998
33 0.7495377604166666 0.5225390625 0.059000651041666664 0.08121093750000001
33 0.6859342447916666 0.5159179687500001 0.06553385416666664 0.0809016927083334
33 0.61205078125 0.5223828125 0.06280924479166661 0.06953776041666664
33 0.5526334635416666 0.5161555989583334 0.06296223958333336 0.07758789062499998
33 0.4798600260416667 0.513291015625 0.0644563802083334 0.07909505208333334
32 0.8124088541666666 0.669736328125 0.06824544270833321 0.09971679687499997
32 0.7410481770833334 0.6663671875 0.06650065104166665 0.09452148437499996
32 0.672705078125 0.6671516927083333 0.0689680989583333 0.0975325520833333
32 0.6020996093750001 0.6660970052083334 0.06692057291666664 0.09813476562500008
31 0.5314095052083333 0.7832779947916667 0.03680013020833339 0.09121093749999994
31 0.49048502604166666 0.7873372395833332 0.040481770833333375 0.09489908854166658
31 0.448427734375 0.7833203125 0.04016927083333336 0.09437174479166661
31 0.40812825520833335 0.7833658854166666 0.03767578124999993 0.09572591145833324
30 0.4573079427083333 0.8878125 0.025419921875000046 0.07091471354166679
30 0.48990559895833335 0.8890104166666667 0.03092122395833326 0.0667740885416667
11 0.8381608072916666 0.20736653645833333 0.08982096354166676 0.14890625000000002
20 0.9151041666666666 0.39155924479166665 0.07108723958333336 0.12222656250000001
20 0.8469335937500001 0.38912109375000004 0.06376953124999989 0.12403320312499995
15 0.8944824218749999 0.5453841145833334 0.06723307291666665 0.09074544270833333
15 0.8225358072916666 0.5211914062499999 0.06752604166666654 0.08221028645833339
18 0.967998046875 0.5444108072916667 0.06400390624999996 0.09576171874999995
18 0.95791015625 0.6721028645833332 0.07297851562499987 0.1002962239583333
18 0.88478515625 0.6711783854166667 0.07446940104166681 0.09502929687500002
16 0.941015625 0.8021354166666667 0.07689127604166668 0.07418945312499996
19 0.8669205729166666 0.7896549479166667 0.06972330729166654 0.09879882812500007
19 0.79392578125 0.7895735677083334 0.0725683593750001 0.09601236979166661
35 0.7227897135416667 0.7868033854166666 0.06412109374999986 0.08841145833333346
35 0.6525846354166667 0.7853255208333333 0.06440755208333337 0.08690429687500008
35 0.586455078125 0.796630859375 0.06869791666666665 0.06869466145833325
7 0.3655598958333333 0.7595247395833334 0.041673177083333325 0.09213216145833325
7 0.3204557291666667 0.7608658854166667 0.044567057291666656 0.09389973958333335
37 0.03990234375 0.6192415364583334 0.07980143229166667 0.10494140625000004
37 0.21587565104166664 0.7591471354166667 0.06705078125000001 0.09263997395833339
37 0.14962565104166667 0.7587858072916666 0.06520833333333331 0.08902343749999986
36 0.079892578125 0.7551790364583333 0.06717122395833335 0.09489908854166658
8 0.9836328124999999 0.8763151041666667 0.03273111979166673 0.07994466145833339