18 0.13558268229166667 0.3455403645833333 0.16743489583333337 0.22324544270833332
5 0.29901692708333333 0.5020768229166667 0.1255208333333334 0.19752604166666674
5 0.427763671875 0.5074967447916666 0.12190755208333333 0.1912825520833333
5 0.5620345052083333 0.5101204427083333 0.09936197916666674 0.19938476562499993
5 0.6714095052083334 0.5106705729166666 0.10647460937500004 0.18668619791666666
4 0.9107779947916667 0.5313541666666667 0.1040625000000001 0.1481608072916667
3 0.6135774739583334 0.7966666666666667 0.06915690104166661 0.15659830729166657
3 0.535224609375 0.7962890625 0.07725911458333339 0.16853190104166652
3 0.452822265625 0.7983658854166666 0.08207682291666663 0.16634114583333334
2 0.685908203125 0.8159798177083334 0.05865559895833328 0.09958333333333336
2 0.7409537760416667 0.810341796875 0.049459635416666536 0.10078776041666664
2 0.7949511718750001 0.8101236979166666 0.04562825520833336 0.09903320312499986
2 0.8514615885416666 0.8094140625 0.05622721354166652 0.09410481770833339
8 0.3625390625 0.8039485677083333 0.08864257812499998 0.16962565104166671
8 0.26645507812499997 0.8032942708333333 0.07988932291666669 0.17619140625000007
18 0.145712890625 0.08128580729166666 0.17582031250000005 0.16257161458333333
4 0.7984114583333333 0.5316731770833333 0.10597330729166672 0.16257161458333336
1 0.865849609375 0.230009765625 0.10597330729166672 0.2047200520833333
1 0.749638671875 0.20652669270833335 0.10958658854166654 0.22519205729166666
1 0.614765625 0.19448567708333334 0.13126302083333327 0.23723632812499998
1 0.47266276041666666 0.17943033854166668 0.12885416666666671 0.2408463541666667
1 0.32213541666666673 0.15474609375 0.1553483072916667 0.24927734375