1 0.18692708333333333 0.26756127450980394 0.17156901041666664 0.1825612745098039
1 0.34833658854166666 0.28090196078431373 0.14276041666666664 0.17134558823529417
1 0.5128743489583333 0.28360294117647056 0.1507584635416667 0.173593137254902
3 0.6969889322916667 0.31598774509803923 0.0736067708333333 0.11779656862745101
3 0.768974609375 0.31491176470588234 0.0634179687499999 0.12524019607843137
3 0.8326985677083334 0.3196789215686274 0.05884114583333341 0.1265049019607843
3 0.7643391927083334 0.19952450980392156 0.0733007812500001 0.10058823529411767
5 0.10103841145833332 0.5315343137254902 0.14306315104166667 0.16364950980392165
4 0.25097005208333334 0.5380367647058824 0.13742513020833336 0.15038970588235298
4 0.4026985677083333 0.5424558823529412 0.14880859374999997 0.1383063725490196
4 0.5446191406249999 0.5475710784313725 0.12823567708333336 0.13247058823529406
9 0.675517578125 0.5465367647058823 0.1248990885416666 0.13471813725490192
9 0.8101204427083334 0.5451544117647059 0.10838867187500008 0.13084803921568625
6 0.42581705729166663 0.7972745098039216 0.07111979166666667 0.07939460784313733
2 0.28842773437499997 0.7961323529411765 0.06547200520833336 0.09997058823529414
2 0.2125 0.7988259803921569 0.07712890625000002 0.09229166666666672
2 0.13364583333333332 0.8023848039215686 0.07415364583333335 0.10187990196078434
3 0.04513020833333333 0.7857107843137254 0.08600911458333334 0.13255147058823516
6 0.426484375 0.7116838235294117 0.06916992187500008 0.08782598039215685
2 0.3563411458333334 0.7923799019607842 0.06150065104166665 0.09424754901960779