11 0.08560221354166668 0.12388346354166664 0.08145507812500001 0.15047200520833331
11 0.17252604166666666 0.11879557291666666 0.08710937499999999 0.14329752604166665
11 0.261142578125 0.12237630208333333 0.08258463541666668 0.14593750000000003
11 0.3465559895833333 0.12256510416666666 0.08522460937499998 0.14329752604166668
11 0.42876627604166667 0.12181315104166666 0.07541992187500002 0.14179036458333336
11 0.50927734375 0.12256510416666666 0.07805989583333339 0.1417903645833333
11 0.5888444010416667 0.12199869791666666 0.07655273437500003 0.139150390625
16 0.662001953125 0.13633138020833332 0.06749999999999996 0.10747395833333333
16 0.6601171875 0.29451822916666665 0.06523763020833329 0.09502929687499999
11 0.09917643229166667 0.28942708333333333 0.08446940104166667 0.13160807291666665
11 0.1862890625 0.2882942708333333 0.08296223958333336 0.12859049479166665
11 0.27075846354166666 0.28791666666666665 0.07919270833333332 0.13010091145833336
11 0.35126953125 0.2869759114583334 0.07881510416666664 0.130478515625
11 0.43027343749999997 0.28716471354166667 0.07466471354166664 0.13236328125000005
15 0.10483398437500001 0.48306966145833335 0.07617513020833333 0.09050455729166673
15 0.18195312500000002 0.48137044270833335 0.07277994791666666 0.0886197916666666
15 0.2564290364583333 0.47760091145833333 0.07315755208333334 0.08937174479166672
16 0.473828125 0.4662858072916667 0.06825520833333328 0.09389973958333335
16 0.5432161458333333 0.46289388020833333 0.06373046875000006 0.09238932291666672
19 0.4040657552083333 0.46610026041666663 0.06901041666666667 0.09578450520833333
18 0.33184895833333333 0.4685514322916667 0.07089518229166665 0.09314453124999995
18 0.602421875 0.59751953125 0.053170572916666714 0.0750423177083334
18 0.546044921875 0.6007259114583333 0.05430338541666672 0.07466471354166664
15 0.487216796875 0.6022330729166666 0.05430338541666672 0.07541992187500002
15 0.42914388020833333 0.6050618489583334 0.057320963541666714 0.07353515625000002
11 0.367109375 0.5971419270833334 0.06750000000000005 0.09465169270833333
11 0.29828776041666666 0.6016666666666667 0.06410807291666669 0.09766927083333332
20 0.233427734375 0.604873046875 0.05581054687500001 0.09955403645833331
20 0.17422200520833334 0.6022330729166666 0.053548177083333336 0.1055891927083333
20 0.11105794270833334 0.6052506510416666 0.059205729166666665 0.09352213541666672
25 0.1470703125 0.907119140625 0.0784375 0.11350911458333328
25 0.22795898437499998 0.9031608072916667 0.07805989583333332 0.10860677083333344
25 0.306962890625 0.8967513020833334 0.07768229166666663 0.10332682291666669
29 0.13010091145833333 0.7485481770833333 0.06863281250000001 0.11614908854166679
29 0.19948567708333334 0.7432682291666667 0.06410807291666669 0.11614908854166679
29 0.26981770833333335 0.7398763020833333 0.06146809895833331 0.11388346354166679
29 0.33166015625 0.732333984375 0.060712890624999995 0.11162109374999989
29 0.39482747395833334 0.7332747395833333 0.058072916666666696 0.1142610677083334
29 0.45874674479166666 0.7246028645833333 0.06071289062500007 0.11049153645833343
29 0.5241731770833333 0.720830078125 0.057320963541666714 0.10822916666666682
34 0.6412630208333333 0.8794042968750001 0.09616210937499996 0.07994466145833339
34 0.5360514322916666 0.89052734375 0.09465169270833333 0.06901041666666667
33 0.7285611979166666 0.129912109375 0.05430338541666657 0.115771484375
33 0.7949316406250001 0.12764973958333334 0.05430338541666657 0.10898111979166665
33 0.8545149739583334 0.13028971354166666 0.05279296875000009 0.11426106770833333
33 0.9123990885416666 0.13085611979166667 0.0486458333333332 0.10634440104166669
33 0.967080078125 0.12953450520833334 0.05166341145833334 0.1082291666666667
33 0.6461653645833333 0.718193359375 0.05543294270833332 0.08937174479166672
33 0.5850748697916667 0.72064453125 0.05543294270833332 0.09276692708333349
36 0.050908203124999996 0.92541015625 0.07315755208333334 0.0950292968750001
37 0.03657877604166667 0.6218424479166667 0.071650390625 0.0791927083333334