5 0.15759440104166667 0.25285481770833335 0.12555013020833336 0.09657552083333336
5 0.1641796875 0.12555013020833333 0.12467122395833334 0.14398763020833336
5 0.3055338541666667 0.09526041666666667 0.12115885416666668 0.13081705729166668
5 0.310361328125 0.2379296875 0.12203776041666663 0.136962890625
5 0.4512760416666666 0.24978190104166667 0.1141373697916667 0.11325846354166669
5 0.44732421875 0.12247721354166667 0.11150065104166673 0.136083984375
5 0.5877994791666666 0.12467122395833334 0.11150065104166673 0.09306640625000001
5 0.6009700520833333 0.23880859375 0.12379231770833332 0.12642903645833337
5 0.7304720052083334 0.25417317708333337 0.11589192708333347 0.10623372395833337
5 0.7133496093749999 0.13564778645833334 0.10447916666666668 0.12203776041666665
5 0.8463639322916667 0.14266927083333333 0.13520833333333324 0.08516276041666665
5 0.8924576822916667 0.24934244791666668 0.1185253906249999 0.11237955729166667
9 0.859970703125 0.5561946614583334 0.11501302083333324 0.11325846354166662
9 0.724326171875 0.550927734375 0.10360026041666674 0.09218749999999994
9 0.6018489583333334 0.54873046875 0.11501302083333338 0.10360026041666659
9 0.4732259114583333 0.549169921875 0.10886718750000002 0.09042968750000006
9 0.34767578125 0.5408300781250001 0.1246712239583333 0.11062500000000004
9 0.220810546875 0.540390625 0.10799153645833333 0.10096679687500003
9 0.09130859375 0.5333658854166666 0.11237955729166667 0.10799153645833333
3 0.564140625 0.812236328125 0.05897786458333328 0.14231770833333326
3 0.6436360677083334 0.8128776041666667 0.0641080729166666 0.14103515625000007
3 0.7365885416666668 0.8186458333333334 0.06539062500000004 0.13718749999999988
2 0.5006770833333333 0.8327506510416667 0.06026041666666663 0.10128906249999996
2 0.37310221354166667 0.82826171875 0.05385091145833328 0.10513671874999986
2 0.4256705729166667 0.830185546875 0.04359375000000002 0.09872395833333325
2 0.31348307291666666 0.82826171875 0.052568359374999964 0.09744140625000004
2 0.25001627604166665 0.8308268229166668 0.06154296874999998 0.10000651041666675
2 0.18783203125 0.8269791666666667 0.05513346354166665 0.10000651041666675
2 0.11475260416666666 0.8256998697916668 0.042311197916666675 0.09231445312500004
2 0.030771484375 0.8481347656249999 0.04359375000000001 0.13718749999999988