36 0.15312174479166665 0.10760091145833334 0.06952473958333333 0.11422200520833332
36 0.22264973958333334 0.10470377604166665 0.06621419270833336 0.10842773437499997
36 0.22016601562500002 0.27313802083333333 0.05959309895833331 0.09601236979166668
36 0.15726236979166666 0.2735514322916667 0.061250000000000006 0.08856119791666665
36 0.15560546875 0.553310546875 0.04800455729166667 0.0753190104166667
36 0.32611002604166667 0.8454850260416666 0.06124999999999999 0.08525065104166678
37 0.29507161458333336 0.10387369791666667 0.0753190104166667 0.11008138020833336
37 0.3455598958333333 0.2764485677083333 0.06041992187500004 0.09766601562499999
37 0.28224283854166665 0.27479166666666666 0.05959309895833331 0.09435546874999996
37 0.33769856770833334 0.5661393229166667 0.05628255208333336 0.07614583333333336
37 0.2764485677083333 0.5640690104166667 0.057939453125000005 0.0753190104166667
37 0.21313151041666667 0.5591048177083333 0.06041992187500004 0.07862955729166672
35 0.27960611979166666 0.7032747395833333 0.05751953125000001 0.07402994791666669
35 0.22208658854166666 0.6971484375 0.05219401041666664 0.07882161458333337
35 0.16536783854166667 0.690224609375 0.05059570312500002 0.07349609374999999
35 0.11237630208333334 0.685166015625 0.05325846354166667 0.07402994791666669
35 0.27561197916666663 0.42979492187499996 0.059117838541666634 0.10012695312500004
35 0.21276692708333333 0.42633138020833333 0.059117838541666634 0.10172200520833326
35 0.15205078125000002 0.42313476562499996 0.059117838541666655 0.09852864583333328
25 0.41034830729166666 0.8487467447916667 0.06751953125000003 0.12077473958333318
25 0.4826204427083333 0.8625358072916667 0.06942057291666659 0.117919921875
25 0.556796875 0.8772786458333334 0.0713248697916667 0.11887369791666676
25 0.04707356770833334 0.6633072916666667 0.06181315104166666 0.10365559895833328
26 0.010937499999999998 0.8092838541666666 0.021871744791666665 0.06276367187500013
26 0.036611328125 0.8140364583333333 0.023776041666666674 0.0589615885416667
24 0.10793619791666666 0.259140625 0.033284505208333336 0.11316731770833328
24 0.06942057291666666 0.261044921875 0.04564778645833334 0.11696940104166664
24 0.021396484375 0.25819010416666666 0.03899088541666667 0.11696940104166664
29 0.8016731770833333 0.7412890624999999 0.06466796874999996 0.11887369791666676
29 0.7279752604166667 0.7322526041666667 0.06181315104166677 0.11221679687500015
29 0.6637825520833334 0.7270214843749999 0.06086263020833327 0.11696940104166664
29 0.5986393229166667 0.7184635416666666 0.05991210937500006 0.11506835937499993
29 0.5363509114583334 0.7108561197916666 0.05705729166666673 0.11506835937499993
29 0.4735872395833333 0.710380859375 0.0589615885416667 0.11221679687499993
29 0.4117740885416667 0.7032486979166667 0.05515625000000002 0.11126302083333339
11 0.41843098958333336 0.101279296875 0.07798177083333331 0.14359700520833332
11 0.49973958333333335 0.10080403645833334 0.07893229166666667 0.15025390625
11 0.5838997395833333 0.09557291666666667 0.07988281250000002 0.14359700520833332
11 0.6652083333333333 0.09699869791666667 0.0770279947916667 0.15025390624999999
11 0.753173828125 0.09177083333333336 0.0817838541666666 0.15120442708333334
11 0.8435188802083333 0.09177083333333334 0.08558919270833343 0.155009765625
11 0.9362369791666666 0.08844075520833333 0.09224609375000004 0.15786132812499998
11 0.7398600260416667 0.26912760416666665 0.0817838541666666 0.1407454427083333
11 0.6571256510416666 0.26199544270833336 0.0817838541666666 0.12648111979166665
11 0.5705859375 0.26199544270833336 0.07607747395833335 0.13218749999999999
11 0.49403320312500004 0.26674804687500003 0.0713248697916667 0.12648111979166665
11 0.41890625000000004 0.2615201822916667 0.0713248697916667 0.127431640625
16 0.8473209635416666 0.46597981770833335 0.07227539062499992 0.10460611979166663
16 0.7674381510416667 0.45694661458333335 0.0703710937500001 0.09794921875000002
19 0.6923111979166667 0.45504231770833337 0.06847005208333339 0.10365559895833328
18 0.6190885416666666 0.45171549479166667 0.06847005208333339 0.09699869791666667
18 0.9043815104166667 0.6186100260416666 0.060862630208333414 0.08653971354166663
18 0.8354329427083332 0.6133821614583334 0.05991210937500006 0.08749023437499999
15 0.7736197916666666 0.60767578125 0.06371419270833319 0.08558919270833328
15 0.7061002604166666 0.5967382812500001 0.05801106770833334 0.07322591145833328
15 0.5487141927083333 0.45171549479166667 0.06656901041666667 0.08749023437499999
15 0.47739257812499997 0.44743489583333335 0.06656901041666667 0.08653971354166663
15 0.40796875 0.44505859375 0.06466796874999996 0.08749023437499999
11 0.6423860677083334 0.584375 0.061813151041666625 0.10175455729166671
11 0.5739160156249999 0.5805729166666667 0.06561848958333331 0.10746093749999996
20 0.5097233072916666 0.5739160156249999 0.05515625000000002 0.09794921875000002
20 0.46074869791666667 0.5639290364583334 0.042792968750000014 0.09890299479166664
20 0.40654296875 0.5644042968749999 0.05230468749999995 0.099853515625
34 0.912939453125 0.9362369791666666 0.11411783854166657 0.08653971354166679
34 0.7907389322916667 0.9172200520833332 0.10936197916666668 0.08653971354166679
33 0.9395670572916667 0.7641113281249999 0.06466796874999996 0.10365559895833343
33 0.8691927083333333 0.7574544270833333 0.0589615885416667 0.09794921874999989
31 0.7127571614583333 0.8967740885416666 0.042792968750000014 0.11601888020833329
31 0.6647330729166666 0.8905924479166667 0.04184244791666666 0.11316731770833321
31 0.6205143229166666 0.8820312499999999 0.046598307291666696 0.11506835937499993
30 0.06323893229166667 0.8159407552083334 0.023776041666666674 0.06847005208333339
30 0.08320963541666666 0.8187923177083333 0.01806966145833333 0.06466796874999996
31 0.01611328125 0.53759765625 0.0322265625 0.08626302083333333
31 0.04944986979166666 0.5434830729166666 0.030429687500000007 0.08463867187500007
31 0.07798177083333334 0.5458626302083334 0.026627604166666662 0.08368489583333331
31 0.11316731770833333 0.5487141927083333 0.030429687500000007 0.08749023437499999
32 0.09272135416666666 0.4260384114583333 0.048499348958333334 0.09129231770833328
32 0.03804036458333333 0.42033203125 0.05325520833333333 0.08749023437499999
33 0.093671875 0.10651041666666666 0.048499348958333334 0.10460611979166667
33 0.03756510416666667 0.104130859375 0.05040039062499999 0.1074609375