25 0.21975911458333333 0.13260091145833333 0.09935546875000001 0.16410156250000002
25 0.31458333333333327 0.13386067708333335 0.09006835937499998 0.15964192708333336
24 0.2396809895833333 0.32286458333333334 0.05369140625000002 0.13976888020833336
26 0.45876953125 0.8589518229166666 0.031087239583333332 0.05606119791666675
27 0.018411458333333335 0.6217122395833333 0.03681966145833334 0.10579752604166674
27 0.06239908854166667 0.623779296875 0.04610026041666667 0.0968033854166667
27 0.10931966145833333 0.6157324218750001 0.04367838541666665 0.1060904947916667
27 0.15609700520833333 0.6139095052083333 0.044466145833333325 0.10681966145833337
27 0.26054036458333335 0.6289583333333333 0.03106770833333335 0.10103515624999997
28 0.31351888020833335 0.6251171875 0.07488932291666668 0.10385416666666673
28 0.39055989583333334 0.6209602864583333 0.07231770833333329 0.10341471354166669
29 0.3099479166666666 0.33137369791666665 0.07239583333333333 0.11854817708333332
29 0.39117838541666666 0.3226627604166667 0.0722298177083333 0.13597330729166668
29 0.4695052083333333 0.32390625 0.07233723958333327 0.13348307291666664
29 0.5502311197916666 0.319111328125 0.07502604166666667 0.13385091145833336
29 0.6197493489583333 0.3128873697916667 0.06139648437500004 0.12970052083333336
32 0.5827766927083333 0.13859375 0.08370117187500004 0.14121744791666666
32 0.4962467447916667 0.14029947916666666 0.08156249999999998 0.13965169270833333
32 0.4085611979166666 0.14246419270833333 0.0854166666666667 0.13900716145833333
32 0.46443359375 0.6180501302083333 0.06772460937500006 0.10112955729166669
32 0.5356608072916667 0.6158854166666666 0.0691243489583333 0.10177408854166663
32 0.605458984375 0.6127506510416666 0.06600260416666659 0.09882161458333331
32 0.6780240885416666 0.606572265625 0.06841471354166669 0.09642252604166668
31 0.40115234375 0.747216796875 0.03907226562500007 0.09431315104166653
31 0.35883138020833333 0.7524739583333333 0.04072265624999997 0.09117838541666679
31 0.3160481770833333 0.7578190104166667 0.04145182291666664 0.09523437500000013
31 0.26925781249999997 0.7574055989583334 0.039137369791666675 0.0960644531249999
30 0.33056966145833333 0.8643326822916667 0.029007161458333337 0.06431640624999997
30 0.36205729166666667 0.8630859375000001 0.03057942708333335 0.06680338541666675
37 0.06138346354166666 0.7534212239583334 0.07969726562500001 0.0933203125000001
7 0.21909505208333332 0.7372786458333334 0.04193033854166665 0.09847330729166674
7 0.1730436197916667 0.74234375 0.04178710937500002 0.0955794270833333
35 0.59796875 0.7361263020833334 0.06807291666666664 0.08721354166666669
35 0.5281803385416667 0.741640625 0.06927734375000005 0.08522460937500013
19 0.6700227864583334 0.7303385416666667 0.07138671875000006 0.09516927083333322
19 0.7417122395833333 0.7260644531249999 0.0690950520833334 0.0955761718749999
16 0.8147135416666668 0.7357259114583333 0.07187500000000006 0.07095377604166675
18 0.8221744791666666 0.5990852864583334 0.07051757812500004 0.09552083333333335
18 0.7478157552083333 0.601005859375 0.06910156249999992 0.09529622395833333
18 0.8294759114583333 0.46942057291666667 0.0712890625 0.09498372395833332
15 0.7531087239583334 0.47513997395833335 0.07480143229166665 0.09258789062499995
15 0.6770540364583333 0.45649088541666666 0.07406250000000007 0.08376953125000004
11 0.6716764322916666 0.12401367187500001 0.08934244791666668 0.1642578125
20 0.8434277343750001 0.31589192708333336 0.06419270833333328 0.11507161458333337
20 0.7698372395833334 0.3120703125 0.0675683593749999 0.12452148437499999
20 0.6967220052083333 0.313720703125 0.060953776041666664 0.13026367187500001
35 0.45721028645833334 0.75388671875 0.06894205729166665 0.07472005208333332
1 0.9749348958333334 0.4905598958333333 0.050130208333333336 0.126953125
1 0.9125455729166667 0.5031510416666667 0.0665299479166667 0.1258235677083334
5 0.94521484375 0.6522591145833333 0.05455403645833338 0.09119466145833337
5 0.8877669270833333 0.6575716145833334 0.04373697916666656 0.08690104166666668
3 0.9576041666666667 0.7988997395833333 0.03701171874999994 0.0736035156249999
8 0.9138997395833334 0.8006868489583333 0.03668619791666661 0.07636393229166671
8 0.8732975260416667 0.7998046875 0.031975911458333194 0.07541341145833336
33 0.6049348958333333 0.46436197916666666 0.05764648437500005 0.08084960937499996
33 0.539052734375 0.4640006510416667 0.06097981770833331 0.08338216145833337
33 0.468427734375 0.4701041666666667 0.0629557291666667 0.08745442708333329
33 0.39902018229166664 0.469697265625 0.06248697916666668 0.08826822916666661
33 0.329658203125 0.47345052083333333 0.06374023437499998 0.08437825520833335