30 0.09521484375 0.19938151041666666 0.06510416666666667 0.11881510416666667
30 0.167236328125 0.19938151041666666 0.07080078125 0.12532552083333334
30 0.257568359375 0.19938151041666666 0.07731119791666667 0.11881510416666667
26 0.3434244791666667 0.19938151041666666 0.07161458333333333 0.13020833333333334
18 0.4545084635416667 0.18839518229166666 0.14078776041666666 0.14567057291666666
28 0.8610026041666666 0.20426432291666666 0.11555989583333333 0.13346354166666666
35 0.7527669270833334 0.4960123697916667 0.11393229166666667 0.12939453125
35 0.6266276041666666 0.4911295572916667 0.12369791666666667 0.14078776041666666
14 0.5086263020833334 0.4964192708333333 0.078125 0.1318359375
12 0.44189453125 0.5196126302083334 0.0537109375 0.09521484375
12 0.3792317708333333 0.5228678385416666 0.045572916666666664 0.09033203125
12 0.2978515625 0.5228678385416666 0.056966145833333336 0.10009765625
13 0.43212890625 0.8072916666666666 0.11067708333333333 0.08951822916666667
17 0.3092447916666667 0.8170572916666666 0.1171875 0.09114583333333333
35 0.5594921875 0.7881868489583334 0.11843098958333338 0.10073567708333335