30 0.237802734375 0.27572916666666664 0.049137369791666684 0.09878580729166668
30 0.29031575520833336 0.275546875 0.05717773437500003 0.09597330729166664
30 0.36641927083333337 0.27978515625 0.061246744791666696 0.08945963541666664
26 0.42915690104166665 0.2737727864583333 0.056357421875000036 0.10223307291666665
18 0.5162630208333333 0.2657291666666667 0.11044596354166665 0.12055664062500004
28 0.850703125 0.2226953125 0.10797200520833321 0.12695963541666666
35 0.7739746093750001 0.508955078125 0.10759114583333318 0.11798177083333335
35 0.6647591145833334 0.5081998697916666 0.10464843750000001 0.11687499999999999
14 0.5679199218750001 0.5101041666666667 0.062063802083333286 0.11849934895833325
12 0.5123925781249999 0.5302246093749999 0.042721354166666746 0.07489257812500005
12 0.458193359375 0.5307389322916667 0.045572916666666664 0.08100585937499998
12 0.39362955729166665 0.5321061197916667 0.050833333333333286 0.07534505208333335
13 0.5058984375 0.7670182291666667 0.09226888020833328 0.07660481770833331
17 0.40131184895833333 0.7718229166666667 0.09391276041666667 0.07293619791666679
35 0.610947265625 0.7612532552083334 0.10149739583333339 0.08613281250000011
3 0.06943033854166666 0.5235026041666667 0.06950846354166668 0.10347656250000004
9 0.05343424479166666 0.281337890625 0.095458984375 0.10171549479166668
32 0.9576888020833333 0.22837239583333332 0.08462239583333335 0.10598307291666664
3 0.14750325520833332 0.518798828125 0.07120768229166667 0.11189778645833333
9 0.15343424479166667 0.28906901041666666 0.08985677083333332 0.09494466145833336