9 0.8632161458333334 0.45831705729166666 0.13320963541666675 0.16749999999999998
1 0.7317154947916666 0.12736653645833332 0.1197526041666667 0.23240234375000002
1 0.5673079427083333 0.13193359375000002 0.12584309895833337 0.2090625
1 0.42116861979166664 0.12178385416666666 0.13599283854166666 0.24153645833333334
1 0.2603125 0.11061848958333333 0.14309570312499997 0.219208984375
1 0.10595703125 0.11507161458333333 0.13704427083333334 0.23014322916666666
6 0.6271842447916667 0.7499837239583332 0.06698242187499999 0.09539713541666679
6 0.6322591145833333 0.6606770833333333 0.07510091145833327 0.08118815104166661
2 0.560205078125 0.7454166666666667 0.052773437499999964 0.10047200520833321
2 0.4993131510416667 0.7418652343750001 0.056832682291666714 0.10757486979166675
2 0.4328385416666667 0.742373046875 0.053789062500000075 0.10655924479166679
2 0.3739778645833333 0.7449088541666667 0.055817057291666604 0.10148763020833318
3 0.297353515625 0.7210611979166667 0.07306966145833331 0.14512695312499999
3 0.21870442708333335 0.7210611979166667 0.07611328124999998 0.14918619791666674
3 0.13345377604166667 0.715478515625 0.08423502604166666 0.15628906249999996
4 0.48155273437499996 0.454150390625 0.12076822916666667 0.1715104166666667
4 0.6063802083333333 0.453642578125 0.11061848958333338 0.16237955729166664
4 0.7388216145833333 0.45973307291666665 0.10148763020833347 0.15425781250000004
5 0.34911458333333334 0.43436197916666663 0.12178385416666664 0.1907942708333333
5 0.22377604166666668 0.44146484375 0.11670898437499999 0.18876302083333338
5 0.08677083333333334 0.43334635416666667 0.12888671875 0.19688476562499999
8 0.050234375 0.7256282552083334 0.08017578125000001 0.1481705729166667