29 0.06511519607843137 0.295986328125 0.08847058823529409 0.257724609375
29 0.16345588235294117 0.2886653645833333 0.09980882352941177 0.2486751302083333
29 0.27629656862745094 0.29190755208333335 0.09999754901960782 0.23506510416666662
29 0.41713970588235294 0.27297200520833337 0.09265196078431372 0.24857421875000005
29 0.5111200980392157 0.2827962239583333 0.07979901960784312 0.2562662760416667
18 0.8174632352941177 0.59654296875 0.10862990196078433 0.19361979166666674
15 0.586421568627451 0.5625455729166667 0.10942401960784309 0.17304687499999996
15 0.699953431372549 0.6057942708333334 0.11165931372549012 0.16510742187500002
33 0.48887745098039215 0.5565559895833333 0.06938480392156866 0.1610677083333334
33 0.3945514705882353 0.5595182291666666 0.09104901960784315 0.16706380208333327
33 0.29774999999999996 0.5599544270833333 0.07904901960784314 0.15613932291666663
33 0.19655882352941179 0.5678580729166667 0.08461519607843138 0.1372395833333333
33 0.08236764705882353 0.5738248697916667 0.077875 0.13127278645833332
32 0.5911764705882353 0.83388671875 0.09809313725490203 0.17403645833333345
32 0.4848455882352941 0.826923828125 0.09809313725490203 0.17005859375000001
32 0.38300980392156864 0.8239420572916667 0.09509803921568627 0.16409179687500006
32 0.28529166666666667 0.8214550781250001 0.09285049019607841 0.16508789062499987
15 0.19244117647058823 0.8189680989583333 0.0853627450980392 0.16806966145833316
15 0.09472303921568628 0.8149902343750001 0.09060539215686277 0.16210286458333348
18 0.8015882352941176 0.8304036458333334 0.10258578431372553 0.1690657552083333
18 0.6956323529411764 0.8313997395833334 0.09434803921568617 0.17503255208333326
1 0.9374950980392157 0.6543782552083334 0.11231862745098045 0.2764713541666666
5 0.9036764705882353 0.9285481770833334 0.07941176470588235 0.14290364583333334
20 0.8412745098039216 0.28392903645833334 0.10857598039215681 0.24166341145833328
20 0.7222156862745098 0.28044921875 0.10857598039215681 0.25458984375
20 0.6132647058823529 0.28790690104166666 0.09734313725490193 0.23768554687500001