36 0.4838997395833333 0.15937825520833335 0.0766959635416667 0.11216471354166664
36 0.404541015625 0.15915690104166666 0.07492187499999996 0.11704101562500002
36 0.46904622395833334 0.3338313802083333 0.06206705729166669 0.0984212239583333
36 0.39988606770833335 0.3342740885416667 0.06650065104166665 0.0966471354166667
37 0.607587890625 0.3378190104166667 0.06605794270833328 0.10019205729166665
37 0.5382063802083333 0.33671223958333335 0.06561197916666665 0.09886393229166668
37 0.5636979166666667 0.16070963541666666 0.07581054687499995 0.11570963541666664
37 0.5896354166666666 0.6359635416666666 0.0638411458333333 0.07758463541666664
37 0.5206966145833333 0.6344108072916668 0.06694335937500002 0.08068684895833338
37 0.45264322916666666 0.63130859375 0.0638411458333333 0.08157226562500004
36 0.38415039062499995 0.6275390625 0.05807617187499995 0.08112955729166667
24 0.058076171875 0.311884765625 0.04433268229166667 0.12102864583333332
24 0.10639973958333333 0.31299479166666666 0.04522135416666665 0.11792643229166666
24 0.15361653645833334 0.31388020833333335 0.04477539062500002 0.11970052083333331
24 0.19883463541666668 0.31543294270833333 0.04211588541666663 0.11925781250000005
24 0.247158203125 0.3174283854166666 0.04477539062499999 0.12058593749999998
24 0.2945963541666667 0.3187565104166667 0.04566406249999999 0.12147460937500003
24 0.34469075520833337 0.31964518229166666 0.04300455729166671 0.11970052083333331
25 0.13432942708333334 0.14696614583333334 0.07181966145833334 0.12901041666666666
25 0.058518880208333346 0.14629882812500003 0.07270833333333335 0.12767903645833337
26 0.237626953125 0.9126041666666667 0.02837239583333336 0.06516927083333328
26 0.2065950520833333 0.9081705729166667 0.027486979166666686 0.06339518229166667
26 0.17799804687499998 0.9039583333333333 0.027044270833333328 0.06472656250000004
26 0.14829427083333332 0.9024055989583334 0.025270182291666665 0.06339518229166667
26 0.11615234375 0.8993033854166667 0.027486979166666647 0.06339518229166667
26 0.08689453125 0.8953125000000001 0.02660156250000001 0.05985026041666656
26 0.05918619791666666 0.89154296875 0.023496093750000002 0.06206705729166669
25 0.6647786458333333 0.934326171875 0.07581054687499995 0.12723632812499996
25 0.7496777343750001 0.9404524739583334 0.0806868489583333 0.11909505208333322
25 0.8313802083333334 0.9466145833333334 0.07747395833333333 0.10677083333333333
25 0.252255859375 0.7463541666666668 0.06827473958333334 0.11039062499999996
25 0.18287434895833332 0.7412532552083334 0.06871744791666666 0.11083333333333319
27 0.06650065104166665 0.7410319010416666 0.034580078125 0.0926562500000001
27 0.183984375 0.6084765625 0.035465494791666684 0.09354492187499996
27 0.14541341145833334 0.6084765625 0.03103190104166668 0.089111328125
27 0.10905924479166666 0.60537109375 0.034580078125000004 0.09443033854166671
27 0.07359375 0.603154296875 0.034580078125 0.09177083333333336
28 0.12856770833333334 0.47813476562499996 0.06384114583333333 0.09974934895833328
28 0.1932942708333333 0.483232421875 0.06118164062500001 0.10019205729166665
29 0.06605794270833333 0.4608463541666667 0.059407552083333336 0.12369140625000001
29 0.982568359375 0.7962272135416667 0.03486328125000012 0.12147460937500003
29 0.9314453125000001 0.7904654947916666 0.06206705729166669 0.12324544270833322
29 0.8682682291666667 0.7897981770833334 0.061624348958333464 0.11659830729166654
29 0.7984440104166667 0.7822623697916667 0.06206705729166669 0.11836914062500004
29 0.7275097656249999 0.7747265625 0.06295247395833344 0.12369140624999986
29 0.6594596354166665 0.7691829427083333 0.06339518229166659 0.11970052083333342
30 0.293251953125 0.9137402343750001 0.022812499999999975 0.06606445312499994
30 0.26592447916666667 0.9085123697916666 0.025188802083333295 0.06891601562500001
31 0.3322265625 0.6195377604166666 0.03612304687500001 0.08697916666666661
31 0.29491536458333334 0.6159733072916667 0.03564778645833333 0.08745442708333329
31 0.25712890625 0.6150227864583333 0.03232096354166666 0.08840494791666664
31 0.22029622395833334 0.6145475260416667 0.032796223958333336 0.08555013020833331
32 0.3235319010416667 0.49206054687499995 0.05922200520833335 0.09212565104166659
32 0.2588248697916667 0.4884049479166667 0.06726562500000004 0.09066080729166674
31 0.9387630208333334 0.9507324218750001 0.04443684895833341 0.09853515624999994
31 0.982421875 0.9523111979166666 0.03515625 0.09537760416666667
31 0.89392578125 0.9531119791666667 0.04205729166666661 0.09377278645833324
36 0.57357421875 0.9346028645833333 0.06703125000000003 0.09163736979166674
35 0.5155436197916666 0.7805110677083333 0.06151692708333334 0.07675455729166665
35 0.45015625000000004 0.7767024739583334 0.061715494791666714 0.08095703124999994
35 0.38753580729166665 0.7714388020833334 0.059173177083333396 0.08059244791666664
35 0.32454752604166665 0.7679882812500001 0.060989583333333375 0.07805013020833347
35 0.5246712239583333 0.49563151041666664 0.0653385416666666 0.10554687499999993
35 0.45709635416666666 0.4933951822916667 0.06645507812500002 0.10219726562499994
35 0.388408203125 0.4922786458333333 0.0653385416666666 0.10219726562499994
31 0.10131184895833334 0.7501790364583334 0.033557942708333344 0.0841080729166667
31 0.13402018229166665 0.7499641927083333 0.025911458333333342 0.08878255208333326
32 0.2102701822916667 0.155048828125 0.06966471354166666 0.11809244791666668
33 0.27611328125 0.15398763020833334 0.056070963541666664 0.11851562500000001
33 0.3372819010416667 0.160146484375 0.0543717447916667 0.11044596354166665
11 0.7018587239583334 0.16179036458333332 0.08063802083333334 0.1448404947916667
11 0.7871191406250001 0.15896484375 0.0816666666666667 0.14330078125000004
11 0.871865234375 0.161533203125 0.07960937500000013 0.14330078125
11 0.958916015625 0.15947916666666667 0.08216471354166661 0.1474088541666667
11 0.6867057291666666 0.32280924479166667 0.07806966145833331 0.1309733072916667
11 0.77068359375 0.32588867187500004 0.07858398437499996 0.12891927083333335
11 0.8526041666666666 0.32768880208333334 0.08115234375000006 0.13662109375
11 0.9386360677083333 0.3287141927083333 0.08063802083333342 0.13764973958333337
15 0.671533203125 0.5102994791666667 0.06886718750000005 0.09497721354166666
15 0.7434993489583334 0.5143782552083334 0.06984700520833324 0.09334635416666674
15 0.8182421875 0.515849609375 0.06984700520833324 0.09497721354166666
18 0.8986946614583333 0.5143782552083334 0.07213216145833339 0.10313802083333339
19 0.96884765625 0.515849609375 0.06230143229166677 0.10542317708333337
11 0.9174609375 0.6504817708333333 0.06658203124999999 0.1031380208333333
11 0.8438639322916667 0.6475423177083334 0.07147786458333331 0.11031901041666663
15 0.975703125 0.6656575520833333 0.048593749999999915 0.08649088541666661
20 0.7767903645833334 0.6403645833333333 0.05679036458333334 0.10509440104166663
20 0.7172265625 0.6343261718750001 0.05515950520833327 0.1054231770833333
20 0.6594563802083333 0.632041015625 0.050589192708333286 0.09432617187500007