1 0.16620370370370371 0.18278125000000003 0.16620370370370371 0.17017187500000003
1 0.34922222222222227 0.18094270833333337 0.16620370370370371 0.18645833333333336
1 0.5266296296296297 0.19328645833333333 0.1643425925925926 0.16597395833333337
1 0.7152407407407407 0.19039583333333335 0.17180555555555552 0.18330729166666662
1 0.9131944444444444 0.19407291666666668 0.15312962962962973 0.1780520833333333
1 0.9626666666666667 0.42832291666666666 0.07466666666666666 0.1601927083333333
1 0.825425925925926 0.42990104166666665 0.15500000000000008 0.16754687500000004
1 0.6606203703703704 0.4325260416666667 0.14473148148148143 0.15179166666666669
1 0.48600925925925925 0.4306875 0.16340740740740742 0.16702083333333337
1 0.32120370370370366 0.4288489583333333 0.15126851851851852 0.16544791666666672
1 0.1522037037037037 0.42990104166666665 0.1437962962962963 0.15494270833333335
5 0.11858333333333333 0.6313229166666667 0.1699444444444444 0.13551041666666658
5 0.2927314814814815 0.632375 0.16153703703703706 0.14811458333333338
5 0.4659351851851852 0.6297499999999999 0.15499999999999997 0.14181249999999987
5 0.6256018518518518 0.6334270833333334 0.15126851851851864 0.1418125000000001
4 0.15360185185185185 0.8106875 0.14659259259259258 0.11607291666666673
4 0.3132685185185185 0.8051770833333334 0.13912962962962963 0.1155520833333334
4 0.4724722222222222 0.8175156250000001 0.1363240740740741 0.11082291666666677
4 0.6190648148148148 0.8104270833333334 0.13446296296296298 0.11659895833333328
4 0.9272037037037036 0.8130520833333333 0.136324074074074 0.10819791666666655
4 0.7801388888888888 0.8180416666666667 0.14473148148148143 0.1097708333333332
3 0.1265185185185185 0.9522395833333334 0.09430555555555556 0.08928645833333325
3 0.2212962962962963 0.953796875 0.08963888888888887 0.09240625000000004
3 0.31560185185185186 0.9548489583333333 0.08403703703703704 0.0903020833333334
3 0.4097222222222222 0.9552083333333333 0.09166666666666666 0.08958333333333333
3 0.517287037037037 0.956421875 0.07843518518518522 0.08715104166666662
3 0.612537037037037 0.9558958333333333 0.08403703703703704 0.08820312499999995
8 0.7110462962962962 0.9574739583333333 0.09430555555555548 0.08505208333333343
8 0.8097222222222222 0.95703125 0.08981481481481482 0.0859375
8 0.9066574074074074 0.9582604166666666 0.08030555555555557 0.08347395833333332
10 0.7848055555555555 0.6336875000000001 0.14286111111111108 0.14338541666666677
10 0.9425925925925925 0.6384166666666666 0.11481481481481481 0.13813541666666657