33 0.9443148148148148 0.22386458333333334 0.11137037037037034 0.15772395833333336
33 0.8182407407407408 0.21609375 0.1255462962962962 0.15542187500000004
33 0.672425925925926 0.21646875000000002 0.1469074074074075 0.14855729166666667
33 0.517 0.210421875 0.14073148148148149 0.14747395833333335
33 0.36939814814814814 0.20956770833333332 0.14694444444444438 0.1588385416666667
33 0.22012962962962965 0.20621875000000003 0.1358703703703704 0.15181250000000004
22 0.1808796296296296 0.6355208333333333 0.08000000000000003 0.12993229166666656
22 0.27535185185185185 0.6425833333333333 0.0839537037037037 0.12744791666666658
22 0.35900925925925925 0.6468177083333334 0.0775648148148148 0.13061979166666665
22 0.44930555555555557 0.645328125 0.08442592592592599 0.1327447916666666
22 0.5367777777777778 0.6529427083333333 0.078324074074074 0.1310416666666666
22 0.6285 0.6582083333333333 0.08501851851851847 0.12941145833333323
22 0.7241018518518518 0.6654791666666667 0.08669444444444455 0.13846875000000006
22 0.8154444444444444 0.6653958333333333 0.08623148148148137 0.1319635416666666
22 0.9130925925925926 0.6743385416666666 0.09628703703703705 0.14010416666666667
16 0.06527777777777778 0.4234375 0.13055555555555556 0.13854166666666667
16 0.07369444444444445 0.21295833333333333 0.14467592592592593 0.14450520833333336