0 0.737175925925926 0.328234375 0.08881481481481489 0.0909270833333333
0 0.6359259259259259 0.3322291666666667 0.09237037037037037 0.09892187500000003
0 0.5346759259259259 0.33197916666666666 0.09237037037037037 0.10041666666666664
0 0.4356481481481482 0.33247916666666666 0.09325925925925928 0.10341666666666664
4 0.321962962962963 0.3527135416666667 0.11989814814814816 0.06394791666666665
4 0.1918425925925926 0.3512135416666667 0.12434259259259256 0.05995312499999995
1 0.054175925925925926 0.3322291666666667 0.10835185185185185 0.09692187499999996
1 0.4551851851851852 0.5075885416666667 0.10569444444444448 0.06794270833333335
1 0.34594444444444444 0.5135833333333333 0.09858333333333336 0.04696354166666664
1 0.4476111111111111 0.6629114583333333 0.11492592592592593 0.11776041666666662
1 0.32975925925925925 0.6538541666666667 0.10467592592592588 0.10458333333333343
1 0.20825 0.655703125 0.12224074074074077 0.10911458333333333
1 0.08381481481481481 0.6526145833333333 0.1163888888888889 0.11034895833333327
3 0.5956851851851852 0.6861197916666666 0.052055555555555584 0.07330208333333323
3 0.6511944444444444 0.6880677083333333 0.05096296296296293 0.07801041666666678
3 0.5323518518518519 0.6787500000000001 0.04476851851851844 0.06756770833333334
3 0.6419907407407408 0.6112291666666666 0.05142592592592589 0.07015104166666669
3 0.5706388888888888 0.6078541666666666 0.050999999999999934 0.07304166666666655
1 0.45157407407407407 0.57196875 0.08534259259259255 0.05553124999999994
1 0.34521296296296294 0.5705364583333333 0.10317592592592588 0.05696354166666661
1 0.2286574074074074 0.5664166666666667 0.10445370370370373 0.05947395833333336
1 0.11400925925925925 0.5617604166666667 0.1095462962962963 0.05732291666666664
9 0.5743333333333334 0.8128697916666667 0.10203703703703708 0.08080729166666671
9 0.6843611111111111 0.8242552083333333 0.10546296296296305 0.0708645833333333
4 0.462037037037037 0.8083802083333332 0.09634259259259255 0.07439062499999996
4 0.36056481481481484 0.80565625 0.09634259259259255 0.0766354166666666
4 0.2585185185185185 0.800203125 0.09862037037037036 0.08305208333333335
5 0.1499259259259259 0.7917083333333333 0.09349074074074072 0.086578125
5 0.04953703703703704 0.8 0.09907407407407408 0.06979166666666667
2 0.3274166666666667 0.9381041666666667 0.0481388888888889 0.04747916666666659
2 0.27894444444444444 0.930875 0.044842592592592545 0.05823958333333342
2 0.23014814814814816 0.9303177083333334 0.04748148148148146 0.05712499999999991
2 0.1770648148148148 0.929203125 0.05341666666666667 0.059348958333333236
3 0.11737962962962963 0.9228958333333334 0.05935185185185184 0.06380208333333333
3 0.05308333333333333 0.9191874999999999 0.05869444444444445 0.06751041666666661
6 0.3808240740740741 0.9409791666666667 0.052888888888888895 0.04718749999999995