11 0.09722222222222222 0.15885416666666666 0.13703703703703704 0.13020833333333334
11 0.23287037037037037 0.16354166666666667 0.12314814814814815 0.128125
11 0.36203703703703705 0.1671875 0.12037037037037036 0.12291666666666666
11 0.48518518518518516 0.16901041666666666 0.11296296296296296 0.12135416666666667
11 0.6027777777777777 0.17057291666666666 0.11296296296296296 0.11822916666666666
11 0.7222222222222222 0.17369791666666667 0.10740740740740741 0.11822916666666666
11 0.8351851851851851 0.1765625 0.10555555555555556 0.11875
11 0.10416666666666667 0.3059895833333333 0.12685185185185185 0.1078125
11 0.23333333333333334 0.3111979166666667 0.1259259259259259 0.1078125
11 0.35694444444444445 0.3098958333333333 0.11388888888888889 0.109375
11 0.47962962962962963 0.30963541666666666 0.10555555555555556 0.11302083333333333
11 0.5930555555555556 0.31145833333333334 0.10648148148148148 0.11041666666666666
16 0.924074074074074 0.32578125 0.09074074074074075 0.08802083333333334
16 0.9361111111111111 0.18984375 0.08888888888888889 0.09114583333333333
16 0.7476851851851852 0.4588541666666667 0.09537037037037037 0.075
16 0.6472222222222223 0.459375 0.09259259259259259 0.07604166666666666
19 0.5467592592592593 0.46119791666666665 0.10092592592592593 0.08072916666666667
18 0.4439814814814815 0.46328125 0.09722222222222222 0.07864583333333333
18 0.8148148148148148 0.5682291666666667 0.07222222222222222 0.059375
18 0.7356481481481482 0.5708333333333333 0.075 0.06041666666666667
15 0.6550925925925926 0.5729166666666666 0.0712962962962963 0.0625
15 0.5740740740740741 0.5763020833333333 0.07962962962962963 0.06197916666666667
15 0.33611111111111114 0.46848958333333335 0.10555555555555556 0.07552083333333333
15 0.22268518518518518 0.46875 0.10833333333333334 0.07083333333333333
15 0.10972222222222222 0.47161458333333334 0.11574074074074074 0.0765625
11 0.48564814814814816 0.5682291666666667 0.08796296296296297 0.08125
11 0.38842592592592595 0.5713541666666667 0.09351851851851851 0.08125
20 0.2902777777777778 0.57109375 0.08425925925925926 0.0796875
20 0.2037037037037037 0.5752604166666667 0.07962962962962963 0.08489583333333334
20 0.11435185185185186 0.578125 0.08796296296296297 0.08229166666666667
29 0.13055555555555556 0.6955729166666667 0.09259259259259259 0.09322916666666667
29 0.23425925925925925 0.6893229166666667 0.0962962962962963 0.09010416666666667
29 0.33425925925925926 0.6859375 0.08888888888888889 0.0875
29 0.4300925925925926 0.6815104166666667 0.0824074074074074 0.08697916666666666
29 0.5180555555555556 0.6763020833333333 0.0824074074074074 0.0859375
29 0.6050925925925926 0.67265625 0.0824074074074074 0.0890625
29 0.6962962962962963 0.6716145833333333 0.08148148148148149 0.08697916666666666
25 0.3972222222222222 0.8161458333333333 0.10740740740740741 0.0875
25 0.28194444444444444 0.8205729166666667 0.11203703703703703 0.09010416666666667
25 0.16203703703703703 0.8278645833333333 0.11851851851851852 0.09947916666666666
33 0.8638888888888889 0.6653645833333334 0.07592592592592592 0.0734375
33 0.7810185185185186 0.66875 0.07314814814814814 0.075
34 0.7148148148148148 0.8052083333333333 0.12962962962962962 0.06979166666666667
34 0.8587962962962963 0.7966145833333333 0.1287037037037037 0.059895833333333336