24 0.04677777777777778 0.22596875 0.09355555555555556 0.14835416666666662
24 0.15462037037037038 0.22819270833333333 0.09887037037037036 0.15132291666666664
24 0.26181481481481483 0.23040104166666667 0.10164814814814813 0.14778125
24 0.36733333333333335 0.2321770833333333 0.09720370370370372 0.14752604166666666
24 0.47618518518518516 0.23159895833333335 0.10744444444444441 0.15135416666666668
24 0.5909074074074073 0.23347916666666665 0.10462037037037038 0.15249999999999997
24 0.6999444444444445 0.234390625 0.10580555555555554 0.15146874999999996
36 0.8344907407407407 0.25115104166666663 0.14929629629629632 0.12511979166666665
29 0.0661851851851852 0.41673958333333333 0.1323703703703704 0.15915104166666663
28 0.2129074074074074 0.43767187500000004 0.14240740740740745 0.12520312500000005
28 0.35941666666666666 0.440734375 0.13899074074074075 0.1239166666666667
32 0.505712962962963 0.448703125 0.1375185185185185 0.11780729166666669
32 0.6501203703703704 0.45223437499999997 0.13444444444444448 0.11903124999999998
35 0.9388888888888889 0.4479166666666667 0.12222222222222222 0.12708333333333333
36 0.7758055555555555 0.6107864583333333 0.1451203703703704 0.09317708333333338
31 0.651 0.601265625 0.06971296296296293 0.10579687500000005
31 0.5669259259259259 0.5985416666666666 0.07047222222222213 0.10605729166666672
31 0.48787037037037034 0.596125 0.07457407407407404 0.11417708333333323
31 0.41175925925925927 0.5864270833333334 0.06748148148148148 0.10263020833333343
27 0.3244259259259259 0.5923177083333333 0.07768518518518516 0.1152500000000001
27 0.23875925925925928 0.5873802083333334 0.07912037037037038 0.11400000000000006
27 0.15937037037037038 0.5873229166666667 0.06830555555555554 0.11251041666666665
27 0.0792037037037037 0.5871197916666666 0.0807037037037037 0.11316666666666671
27 0.051 0.7540572916666667 0.07689814814814813 0.11181770833333336
31 0.13039814814814815 0.7601041666666667 0.07430555555555556 0.10630729166666673
31 0.20352777777777778 0.7611822916666667 0.0635462962962963 0.1032864583333333
25 0.31839814814814815 0.75290625 0.1529444444444445 0.12882291666666673
25 0.4744351851851852 0.7504947916666667 0.13911111111111113 0.12581249999999997
35 0.6251851851851852 0.7747916666666667 0.12548148148148147 0.09132812499999995
35 0.7598796296296296 0.77796875 0.12768518518518526 0.09047395833333335
35 0.9013518518518518 0.781265625 0.13737962962962952 0.08779166666666664
35 0.7954074074074073 0.4426770833333334 0.1400277777777778 0.12377083333333326
36 0.9156203703703703 0.6133489583333334 0.12451851851851843 0.09189062499999992
35 0.7403611111111111 0.9381927083333333 0.12675000000000008 0.1121979166666667
35 0.8779166666666667 0.9412343750000001 0.12282407407407415 0.10832812499999989
30 0.5075740740740741 0.9370833333333334 0.04716666666666672 0.07536458333333323
30 0.5663611111111111 0.9438124999999999 0.053999999999999944 0.08344270833333335
26 0.43921296296296297 0.9403489583333333 0.05810185185185185 0.07882812499999996
26 0.37598148148148147 0.9384270833333334 0.0533240740740741 0.0749843749999999
26 0.3124074074074074 0.93496875 0.05742592592592591 0.07421354166666679
26 0.24746296296296297 0.931890625 0.06152777777777779 0.07652083333333337
26 0.17875925925925926 0.9282395833333333 0.05810185185185185 0.06844270833333325
26 0.1151851851851852 0.929390625 0.06084259259259257 0.07305729166666666
26 0.05366666666666667 0.9282395833333333 0.052638888888888895 0.07690624999999993