33 0.5501203703703703 0.34003125 0.1336203703703703 0.11803645833333327
33 0.3932962962962963 0.334546875 0.16127777777777783 0.1162135416666666
33 0.2220925925925926 0.3420052083333333 0.16622222222222222 0.10856770833333336
29 0.2168425925925926 0.12741666666666665 0.19212962962962962 0.194796875
29 0.41080555555555553 0.13186979166666665 0.1754259259259259 0.19166666666666668
29 0.5954351851851852 0.13144791666666666 0.1786111111111112 0.19684375000000004
20 0.7745277777777778 0.13734895833333333 0.16641666666666668 0.19659895833333335
20 0.9310185185185185 0.15703125 0.13796296296296295 0.17135416666666667
15 0.8829444444444444 0.367953125 0.17560185185185184 0.11952604166666667
15 0.7044166666666667 0.33574479166666665 0.16535185185185178 0.11893749999999995
32 0.19823148148148148 0.5236666666666667 0.16775 0.12026562499999999
32 0.3656388888888889 0.526 0.15120370370370367 0.11803125000000006
32 0.5282592592592592 0.5237395833333333 0.150824074074074 0.11351041666666664
32 0.6762222222222223 0.520828125 0.13644444444444434 0.11415624999999997
18 0.8349907407407408 0.5318854166666667 0.1551851851851851 0.09532812500000004
31 0.06973148148148148 0.6683385416666667 0.08996296296296295 0.10102604166666657
35 0.34228703703703706 0.6638125 0.1543148148148148 0.09844270833333345
35 0.49035185185185187 0.6579427083333333 0.13631481481481483 0.09208854166666663
19 0.6427222222222222 0.6589114583333333 0.14799074074074067 0.09402604166666677
19 0.7934537037037036 0.6606354166666667 0.14106481481481473 0.0996250000000001
26 0.20283333333333334 0.7828697916666666 0.06503703703703705 0.06611458333333337