37 0.37030555555555555 0.17295833333333333 0.16192592592592592 0.1338854166666667
21 0.4647314814814815 0.35623958333333333 0.16817592592592592 0.1190520833333333
14 0.04928703703703703 0.5183125 0.0969537037037037 0.12225000000000001
15 0.18662962962962965 0.5176302083333334 0.1696666666666667 0.11725000000000006
15 0.35467592592592595 0.51921875 0.15835185185185183 0.11861458333333334
18 0.5199351851851851 0.5278958333333333 0.16122222222222218 0.1093020833333334
19 0.686787037037037 0.5191822916666667 0.15699999999999995 0.11959895833333327
16 0.8166851851851852 0.5168072916666666 0.09012037037037031 0.12593229166666664
40 0.18153703703703705 0.6893854166666666 0.15895370370370365 0.10871874999999989
39 0.49892592592592594 0.6901718750000001 0.1556018518518518 0.10840624999999994
5 0.8325 0.82921875 0.16807407407407407 0.11522395833333335
5 0.6543611111111112 0.8198645833333333 0.14444444444444443 0.09651041666666677
5 0.500287037037037 0.818140625 0.14619444444444438 0.09798958333333327
5 0.18996296296296297 0.8284791666666667 0.1558240740740741 0.10488541666666672
5 0.3457777777777778 0.8186302083333333 0.13481481481481483 0.0940520833333333