24 0.32619444444444445 0.126375 0.11433333333333336 0.17609375000000002
29 0.47344444444444445 0.14006770833333335 0.1594259259259259 0.15004166666666668
29 0.6493981481481482 0.12275520833333334 0.1669444444444444 0.183328125
29 0.8404907407407407 0.12002604166666667 0.1789907407407407 0.19680208333333335
33 0.5042592592592593 0.32304166666666667 0.15169444444444444 0.1073177083333333
33 0.6531203703703704 0.32416666666666666 0.13512037037037042 0.1063541666666667
33 0.8100555555555555 0.33664583333333337 0.15947222222222224 0.091671875
27 0.19173148148148147 0.4570885416666667 0.09140740740740744 0.10976041666666667
27 0.10401851851851852 0.4493385416666667 0.06745370370370368 0.10964062499999999
28 0.6106296296296296 0.50109375 0.1404074074074073 0.11258333333333338
32 0.7605092592592593 0.5067708333333333 0.1582870370370371 0.11683854166666663
32 0.9231481481481482 0.5111979166666667 0.1537037037037037 0.11302083333333333
7 0.22594444444444448 0.5856197916666667 0.0828888888888889 0.08520312500000007
7 0.3098518518518518 0.5902083333333333 0.07807407407407402 0.08358333333333334
31 0.39010185185185187 0.6142968750000001 0.07392592592592595 0.09040624999999997
31 0.46738888888888885 0.6207708333333334 0.07504629629629625 0.09255729166666668
31 0.5478703703703705 0.6246354166666667 0.07775000000000003 0.09130208333333342
31 0.6253888888888889 0.6305677083333333 0.06815740740740732 0.09237500000000007
35 0.8792129629629629 0.6469427083333333 0.1522037037037038 0.09544791666666678