29 0.08719444444444445 0.158046875 0.15987962962962962 0.18209895833333334
20 0.27037037037037037 0.1506875 0.1582592592592592 0.18714062500000003
20 0.43742592592592594 0.14722395833333335 0.15375000000000005 0.18512499999999996
20 0.6070648148148148 0.13853645833333333 0.15869444444444453 0.18478124999999998
15 0.24606481481481482 0.35222916666666665 0.16937037037037034 0.13298437499999996
15 0.42889814814814814 0.36748958333333337 0.16697222222222227 0.12543749999999995
18 0.6016851851851852 0.36174999999999996 0.14850925925925934 0.12503124999999998
18 0.5970277777777777 0.5068125 0.13905555555555563 0.12054687500000003
18 0.451037037037037 0.5252239583333332 0.13831481481481475 0.12161458333333328
19 0.4552962962962963 0.6635729166666666 0.14700925925925926 0.10981250000000008
19 0.3007222222222222 0.6870937500000001 0.14858333333333335 0.1155520833333334
16 0.5920925925925926 0.6570833333333332 0.11638888888888893 0.09214062499999992
35 0.14950925925925926 0.70378125 0.14502777777777778 0.113921875
32 0.29377777777777775 0.5436093750000001 0.153537037037037 0.12896354166666674
32 0.1260462962962963 0.5531354166666667 0.15158333333333338 0.12683854166666672
5 0.7300185185185185 0.5706197916666667 0.10414814814814817 0.1135052083333333
1 0.749787037037037 0.39475 0.13958333333333334 0.15409374999999995
33 0.08577777777777777 0.36008333333333337 0.1486388888888889 0.13071354166666668
5 0.840925925925926 0.5659166666666666 0.11180555555555556 0.10106249999999999
1 0.8954907407407409 0.38356770833333337 0.12090740740740745 0.15052604166666667
1 0.7802314814814815 0.27112499999999995 0.1128425925925927 0.07979687500000002
1 0.9035462962962965 0.2647760416666667 0.12412962962962969 0.07979687500000002
5 0.9606481481481481 0.55 0.0787037037037037 0.10520833333333333
3 0.9336388888888889 0.6920468750000001 0.06592592592592597 0.08118229166666661
3 0.8596944444444444 0.7098333333333334 0.06592592592592597 0.07266145833333344
8 0.7853055555555556 0.71259375 0.06147222222222232 0.07516666666666676
8 0.7260648148148148 0.7211093749999999 0.05345370370370372 0.07216145833333343