1 0.5166851851851851 0.15451562500000002 0.1386944444444444 0.08536979166666665
1 0.5043796296296297 0.2329375 0.09351851851851851 0.05970833333333333
1 0.4990462962962963 0.334515625 0.1251388888888889 0.13234374999999995
1 0.3493981481481482 0.32998437500000005 0.13218518518518518 0.12584375000000006
1 0.19712962962962965 0.3222291666666666 0.14040740740740743 0.13502604166666668
1 0.059657407407407416 0.32052604166666665 0.11931481481481483 0.1317447916666667
1 0.3713518518518519 0.23138020833333334 0.11585185185185186 0.06723437500000001
1 0.06759259259259259 0.21657812499999998 0.13518518518518519 0.07319270833333331
1 0.23477777777777778 0.150296875 0.11778703703703705 0.073234375
1 0.1168888888888889 0.14816145833333336 0.09872222222222224 0.06098958333333335
1 0.3794074074074074 0.15330729166666668 0.1102777777777778 0.09363541666666665
1 0.22137037037037038 0.21931770833333333 0.11564814814814818 0.06860937500000001
3 0.7346203703703703 0.36685416666666665 0.05 0.09478125000000001
3 0.6473055555555556 0.26730208333333333 0.06280555555555549 0.09359375000000002
3 0.7375185185185185 0.27044270833333334 0.0628981481481482 0.08967187500000001
3 0.6756388888888889 0.3633385416666667 0.059564814814814744 0.09131770833333329
3 0.5961388888888889 0.35790104166666664 0.05498148148148158 0.09119791666666661
9 0.7551481481481481 0.5216041666666666 0.1124814814814815 0.0971979166666666
9 0.6365092592592592 0.5155625 0.11935185185185193 0.09499479166666672
4 0.5011851851851852 0.5093177083333333 0.10383333333333337 0.08601041666666671
4 0.38412962962962965 0.5066979166666666 0.11697222222222226 0.08715624999999996
4 0.25934259259259257 0.4990416666666666 0.10280555555555553 0.08589583333333331
4 0.14027777777777778 0.49084374999999997 0.09121296296296295 0.09145312499999995
4 0.039453703703703706 0.49238020833333335 0.07889814814814816 0.08186979166666669
8 0.10386111111111111 0.6342656249999999 0.06312037037037035 0.06815625000000007
8 0.029898148148148146 0.6320781249999999 0.05237962962962964 0.06858333333333325
3 0.16771296296296295 0.6488333333333334 0.055175925925925955 0.043713541666666585
3 0.23324074074074078 0.648484375 0.046185185185185204 0.049807291666666725
3 0.28851851851851856 0.649953125 0.04909259259259258 0.051458333333333425
2 0.34667592592592594 0.652578125 0.05057407407407408 0.04385937500000002
6 0.40825925925925927 0.654921875 0.06107407407407411 0.0496979166666667