24 0.0855925925925926 0.12192708333333331 0.15784259259259262 0.24135416666666665
24 0.25566666666666665 0.12255208333333334 0.15562037037037033 0.23760416666666664
24 0.4279629629629629 0.12130208333333334 0.15784259259259256 0.24260416666666668
24 0.5956944444444444 0.12223958333333333 0.1645740740740741 0.24131770833333335
24 0.7708148148148148 0.12382291666666667 0.1603518518518519 0.24764583333333334
32 0.6997777777777777 0.46799999999999997 0.21239814814814803 0.17327604166666669
32 0.47331481481481474 0.4648333333333333 0.2180185185185185 0.16852604166666668
28 0.2426388888888889 0.45019791666666664 0.21239814814814814 0.18989062499999995
27 0.20747222222222222 0.6828125 0.12518518518518515 0.16457291666666668
27 0.08017592592592593 0.6851875 0.11534259259259258 0.15349479166666669
31 0.3425092592592593 0.6658020833333332 0.09142592592592594 0.13529687499999998
31 0.45081481481481483 0.6946822916666666 0.09987037037037033 0.15191145833333336
31 0.5703703703703704 0.695078125 0.10830555555555559 0.15744791666666677
31 0.6920462962962962 0.693890625 0.11534259259259254 0.15191145833333336
31 0.8868611111111111 0.714859375 0.2152129629629629 0.1368802083333333
11 0.2101574074074074 0.9092291666666666 0.22075925925925927 0.1683750000000001
11 0.4412037037037037 0.9140625 0.21203703703703702 0.171875
35 0.6611111111111111 0.9442708333333333 0.18333333333333332 0.11145833333333334
35 0.8562222222222222 0.94584375 0.17835185185185176 0.10831250000000002