1 0.10185185185185185 0.12473958333333333 0.2037037037037037 0.2421875
1 0.3273425925925926 0.12797916666666664 0.2245277777777778 0.24472916666666666
1 0.5727500000000001 0.14720833333333333 0.23448148148148149 0.2378020833333333
1 0.8094629629629629 0.15923958333333335 0.2169629629629629 0.22214583333333332
1 0.6695277777777778 0.44711458333333337 0.1791944444444444 0.20396354166666672
1 0.47502777777777777 0.44674479166666664 0.18700000000000003 0.21310416666666665
1 0.24925 0.44816666666666666 0.21628703703703706 0.22497916666666667
1 0.06435185185185185 0.4515625 0.1287037037037037 0.228125
0 0.8412222222222222 0.4425364583333333 0.1459722222222223 0.20994270833333328
24 0.9580925925925926 0.43901562499999996 0.0838148148148148 0.18966145833333325
27 0.9530462962962962 0.8915624999999999 0.09389814814814812 0.13388020833333342
10 0.835287037037037 0.7076927083333333 0.15821296296296308 0.13797395833333326
10 0.6320092592592593 0.712671875 0.15727777777777768 0.1466458333333333
10 0.43897222222222215 0.7150364583333333 0.17913888888888888 0.1591093749999999
10 0.22842592592592592 0.7238802083333333 0.17744444444444443 0.17293229166666654
4 0.22971296296296298 0.9349791666666667 0.17984259259259255 0.13003645833333338
9 0.4486111111111111 0.9390625 0.18796296296296297 0.121875
9 0.641287037037037 0.91503125 0.16660185185185192 0.12472916666666668
9 0.8251203703703703 0.9126770833333333 0.14066666666666675 0.12174999999999987