38 0.09947222222222223 0.6437604166666666 0.1227777777777778 0.09291145833333327
40 0.2483425925925926 0.6579375 0.14641666666666667 0.09522916666666674
39 0.5560833333333334 0.6642708333333334 0.1455555555555556 0.0954010416666667
14 0.1280925925925926 0.4916302083333334 0.09612037037037037 0.11669791666666669
15 0.2638240740740741 0.4958697916666667 0.15416666666666667 0.11692708333333339
15 0.4196203703703704 0.5032031250000001 0.13892592592592595 0.1067708333333334
18 0.5831481481481481 0.5038229166666667 0.15286111111111103 0.10871875
19 0.7461111111111111 0.5032291666666667 0.16007407407407417 0.1157916666666667
16 0.8841574074074074 0.503796875 0.09355555555555552 0.12373958333333329
5 0.23337962962962963 0.9553333333333334 0.13344444444444445 0.08933333333333332
10 0.08516666666666667 0.9501510416666666 0.1290740740740741 0.0996979166666667
5 0.8658148148148148 0.802046875 0.16258333333333325 0.11851041666666665
5 0.693574074074074 0.794125 0.14033333333333328 0.09667708333333327
5 0.5388333333333334 0.7927395833333333 0.14617592592592588 0.10054166666666665
5 0.3928888888888889 0.7864062500000001 0.1254907407407407 0.09716145833333342
5 0.23779629629629628 0.7891510416666667 0.1354814814814815 0.10836979166666676
5 0.08351851851851852 0.7835156249999999 0.15507407407407406 0.0904687499999999
36 0.13987037037037037 0.15791666666666665 0.16198148148148148 0.12701041666666668
37 0.4609166666666667 0.16378645833333336 0.16006481481481483 0.12888020833333333
21 0.5472037037037037 0.3393541666666666 0.15724074074074068 0.11656770833333331
21 0.3840277777777778 0.34070833333333334 0.1556018518518518 0.10990625