36 0.9143518518518519 0.16744791666666667 0.1712962962962963 0.17135416666666667
35 0.8852129629629629 0.4270833333333333 0.18942592592592586 0.15877083333333328
32 0.6869074074074074 0.43631770833333333 0.18247222222222217 0.14073958333333333
32 0.5011944444444444 0.4346875 0.1807592592592593 0.1383333333333334
28 0.3157962962962963 0.4267291666666667 0.17706481481481484 0.1492760416666666
28 0.13223148148148148 0.425328125 0.17056481481481484 0.15178125000000003
27 0.2904074074074074 0.6194583333333333 0.10709259259259256 0.13505208333333343
27 0.18378703703703705 0.61990625 0.0904074074074074 0.13604166666666656
27 0.086 0.6190989583333334 0.08609259259259261 0.13721875000000003
31 0.39985185185185185 0.6078229166666667 0.07388888888888885 0.11513541666666664
31 0.4901018518518518 0.6241927083333334 0.09247222222222218 0.13477604166666665
31 0.5926203703703703 0.6221145833333334 0.09436111111111119 0.13738541666666654
31 0.6915185185185185 0.6250364583333333 0.0945462962962962 0.12924479166666672
36 0.8579074074074073 0.6385208333333333 0.17808333333333326 0.11425520833333327
31 0.07278703703703704 0.8187604166666667 0.0818611111111111 0.12142708333333327
31 0.16377777777777777 0.8200052083333333 0.07548148148148147 0.12440104166666661
25 0.2980185185185185 0.8111093749999999 0.17554629629629634 0.14267187499999992
25 0.4902129629629629 0.8113541666666666 0.1862129629629629 0.1500729166666666
35 0.6752037037037038 0.8405833333333333 0.16724074074074063 0.10642187499999996
35 0.844212962962963 0.8407083333333334 0.1593055555555555 0.11163541666666674