2 0.2195 0.7176875 0.052083333333333336 0.05613541666666677
2 0.26016666666666666 0.7847916666666667 0.04323148148148153 0.060692708333333435
2 0.2119814814814815 0.78328125 0.04874074074074073 0.05656249999999995
2 0.1592037037037037 0.783890625 0.0522037037037037 0.06248958333333334
2 0.10655555555555557 0.781625 0.04426851851851853 0.07011458333333327
2 0.05753703703703704 0.7815520833333333 0.04845370370370371 0.061765625000000074
2 0.11349074074074074 0.716109375 0.047240740740740736 0.05400520833333336
2 0.16408333333333333 0.7166770833333334 0.048240740740740765 0.05354687499999997
2 0.2732685185185185 0.716375 0.04261111111111109 0.05283854166666657
2 0.060648148148148145 0.7126510416666666 0.04925925925925925 0.05324999999999989
5 0.18008333333333335 0.40651041666666665 0.11469444444444445 0.09707291666666672
5 0.2964351851851852 0.40712499999999996 0.09956481481481479 0.09843229166666667
5 0.40405555555555556 0.4117135416666667 0.09989814814814814 0.09468749999999998
4 0.6093148148148148 0.5312135416666666 0.08904629629629636 0.07380729166666662
10 0.5064907407407407 0.410796875 0.09471296296296293 0.09258854166666666
1 0.20030555555555557 0.09094791666666667 0.1253703703703704 0.12984374999999998
1 0.32687037037037037 0.100484375 0.11686111111111115 0.11939062500000001
1 0.5848518518518518 0.10705208333333333 0.11407407407407412 0.11951562499999999
1 0.4550555555555555 0.10047395833333334 0.12474074074074071 0.12934374999999998
1 0.6515185185185185 0.26902604166666666 0.11846296296296302 0.10815625000000001
1 0.5358240740740742 0.26607291666666666 0.10785185185185187 0.11684374999999998
1 0.4157870370370371 0.27202604166666666 0.11852777777777782 0.1117760416666667
1 0.30344444444444446 0.26440625 0.10363888888888895 0.11451041666666667
1 0.07337962962962963 0.09491145833333332 0.11512037037037036 0.12133333333333332
1 0.9529074074074075 0.112625 0.09418518518518511 0.13176041666666669
1 0.184 0.263 0.11199999999999997 0.111
1 0.07375000000000001 0.26333854166666665 0.09838888888888889 0.11205729166666668
10 0.6183425925925925 0.41402083333333334 0.10289814814814825 0.0867552083333333
3 0.07037962962962964 0.6253177083333333 0.06177777777777778 0.07213541666666666
3 0.1335 0.626375 0.05978703703703703 0.07195312500000005
3 0.20000925925925925 0.6281458333333333 0.062250000000000014 0.0716406250000001
3 0.2629722222222222 0.627078125 0.056759259259259245 0.07455729166666672
3 0.33316666666666667 0.6280833333333333 0.061194444444444475 0.07135937500000011
3 0.3967314814814815 0.6276510416666666 0.055101851851851846 0.0686614583333333
1 0.8382777777777778 0.10964062499999999 0.11263888888888897 0.12070833333333333
1 0.7051944444444445 0.10615625 0.1111296296296296 0.12209895833333333
1 0.7612037037037037 0.2714270833333333 0.0982499999999999 0.10806770833333333
1 0.8666944444444444 0.2730520833333333 0.09215740740740738 0.102953125
0 0.9594074074074075 0.27076041666666667 0.08118518518518514 0.11876041666666666
5 0.056527777777777774 0.40050520833333336 0.10735185185185185 0.090375
10 0.7236388888888888 0.41458854166666664 0.0952499999999999 0.0874635416666667
10 0.8324074074074074 0.41926562500000003 0.09906481481481483 0.08536979166666671
10 0.941462962962963 0.4243020833333333 0.09479629629629639 0.08284374999999997
9 0.92575 0.5414114583333334 0.08946296296296286 0.06795833333333334
9 0.821138888888889 0.5362760416666668 0.09833333333333337 0.0773177083333333
9 0.7147129629629629 0.5395520833333334 0.09628703703703705 0.0707708333333334
4 0.5091574074074074 0.5366510416666667 0.08962962962962959 0.07076562499999994
4 0.4016296296296296 0.5328958333333332 0.09205555555555552 0.07520833333333332
4 0.29664814814814816 0.531640625 0.09303703703703706 0.07362500000000007
4 0.1932037037037037 0.52975 0.08728703703703702 0.06616145833333333
4 0.08986111111111111 0.5273749999999999 0.10135185185185186 0.07704687499999997
8 0.45885185185185184 0.6287604166666667 0.059814814814814835 0.07356770833333333
8 0.5230092592592592 0.6280989583333334 0.06116666666666662 0.07417708333333337
8 0.5877129629629629 0.630390625 0.06015740740740743 0.07103125000000006
7 0.650638888888889 0.6300104166666666 0.06017592592592593 0.06963541666666657
7 0.7134537037037036 0.6323385416666666 0.05652777777777773 0.07428124999999994
7 0.7752592592592592 0.63190625 0.06002777777777771 0.07084895833333343
7 0.8427314814814815 0.6359843749999999 0.06112962962962961 0.07128125000000006
7 0.9005092592592592 0.6361614583333334 0.04855555555555561 0.0716406250000001
27 0.957388888888889 0.6632447916666667 0.047925925925926025 0.07754166666666672
6 0.3154537037037037 0.7916458333333334 0.06587037037037036 0.05056770833333341
6 0.38772222222222225 0.7927708333333333 0.06626851851851846 0.05475520833333339