11 0.3344814814814815 0.343703125 0.22258333333333333 0.21104166666666668
25 0.25439814814814815 0.5821770833333333 0.15110185185185188 0.17082291666666669
25 0.08906481481481482 0.5825208333333334 0.16337962962962962 0.1692135416666666
20 0.41214814814814815 0.5982135416666666 0.15320370370370373 0.1334791666666667
20 0.5798333333333333 0.5927864583333334 0.16738888888888886 0.13968749999999996
20 0.74525 0.5918958333333334 0.15498148148148136 0.12937500000000005
33 0.21163888888888888 0.7706354166666666 0.14209259259259263 0.11197395833333322
33 0.06666666666666667 0.7765625 0.13333333333333333 0.11145833333333334
15 0.37400925925925926 0.7654531250000001 0.16991666666666666 0.11030729166666665
15 0.550287037037037 0.7916093750000001 0.17071296296296293 0.10290104166666675
18 0.7224259259259259 0.7748541666666667 0.1648148148148148 0.12465104166666663
18 0.7257037037037037 0.9314479166666667 0.16068518518518515 0.11995833333333342
18 0.5589629629629629 0.9428125 0.16207407407407404 0.11437499999999995
32 0.38710185185185186 0.9488020833333334 0.16093518518518524 0.10239583333333328
32 0.21175 0.952609375 0.17025925925925925 0.09477604166666656
1 0.9046481481481481 0.812640625 0.16872222222222213 0.16868229166666662