18 0.14529629629629628 0.8203020833333333 0.20121296296296295 0.08537500000000003
18 0.1240462962962963 0.337953125 0.2480925925925926 0.1840208333333333
16 0.13037962962962962 0.605375 0.2464074074074074 0.13932812499999989
1 0.8051481481481481 0.18181770833333336 0.22531481481481475 0.19532812500000002
1 0.5819814814814814 0.17930208333333333 0.19499074074074066 0.19614583333333332
1 0.36484259259259255 0.16695833333333335 0.22248148148148145 0.2194322916666667
5 0.9260185185185186 0.46181770833333335 0.1479629629629629 0.15174479166666663
5 0.7582222222222222 0.46341666666666664 0.18545370370370368 0.16709375
5 0.5614814814814815 0.4654583333333333 0.1886203703703704 0.17891145833333333
5 0.3617870370370371 0.4652395833333333 0.18587962962962962 0.18067708333333338
8 0.35059259259259257 0.7314322916666666 0.13604629629629636 0.1389895833333334
8 0.4941481481481481 0.735265625 0.13399074074074077 0.13008333333333344
3 0.6314537037037037 0.7267656250000001 0.12128703703703704 0.14831770833333333
3 0.7503425925925926 0.7127864583333333 0.10858333333333332 0.13900000000000007
3 0.8695925925925926 0.7087968750000001 0.11685185185185189 0.13205729166666677