19 0.5053055555555556 0.6089427083333334 0.1216296296296297 0.11892187499999997
19 0.3744444444444444 0.6211249999999999 0.13627777777777783 0.12393750000000002
18 0.6425370370370371 0.460828125 0.10316666666666674 0.10423958333333326
18 0.5253611111111111 0.4678125 0.11207407407407403 0.1024479166666667
18 0.6517685185185185 0.31235416666666665 0.09743518518518521 0.1074583333333333
15 0.5366388888888889 0.303703125 0.12196296296296298 0.12190624999999997
11 0.40669444444444447 0.26966666666666667 0.13040740740740744 0.11082291666666665
20 0.43765740740740744 0.09288020833333333 0.11163888888888894 0.15409375
20 0.5615 0.11214062500000001 0.11914814814814821 0.15884375
20 0.6829907407407407 0.13166666666666668 0.10319444444444449 0.15040104166666665
29 0.2659722222222222 0.08285416666666669 0.1172685185185185 0.13931770833333335
29 0.12806481481481483 0.06860416666666665 0.1322777777777778 0.13509895833333332
29 0.12243518518518517 0.25278125 0.13603703703703704 0.11187500000000003
29 0.26081481481481483 0.2707239583333333 0.11070370370370373 0.100265625
32 0.10600925925925926 0.464921875 0.1651203703703704 0.13931770833333335
32 0.2683148148148148 0.463078125 0.14260185185185184 0.128234375
32 0.4015370370370371 0.460703125 0.11633333333333332 0.11715625000000003
35 0.2251574074074074 0.63828125 0.13697222222222222 0.11768229166666658
35 0.07685185185185185 0.6513020833333333 0.1537037037037037 0.12447916666666667
8 0.7069166666666666 0.689734375 0.04784259259259266 0.08654687500000004
8 0.7585092592592593 0.6841927083333333 0.04784259259259266 0.08285416666666663
3 0.8129259259259259 0.6783854166666666 0.05347222222222222 0.07440625000000006
3 0.8640555555555555 0.6709999999999999 0.04502777777777788 0.08073958333333332
3 0.9114351851851852 0.668625 0.04784259259259266 0.07810416666666668
2 0.956462962962963 0.6712604166666666 0.03283333333333337 0.0517187500000001
2 0.9864444444444443 0.6659843750000001 0.027111111111111297 0.047494791666666696
4 0.9344166666666666 0.5250833333333332 0.06942592592592584 0.08654687499999998
4 0.8748425925925927 0.5237656249999999 0.04784259259259266 0.09657291666666665
4 0.789 0.530625 0.06379629629629638 0.09340625000000001
4 0.7233333333333334 0.532734375 0.05441666666666665 0.09973958333333327
1 0.9685185185185186 0.3768229166666667 0.06296296296296296 0.10364583333333334
1 0.8926759259259259 0.37309895833333334 0.07599074074074068 0.11609895833333338
1 0.7636759259259259 0.36782291666666667 0.10319444444444449 0.12243229166666664
1 0.8757870370370371 0.254625 0.05910185185185179 0.04591145833333335
1 0.8950185185185185 0.29921875 0.0731759259259259 0.03588541666666671
1 0.7969814814814815 0.24908333333333335 0.06473148148148156 0.047494791666666696
1 0.7969814814814815 0.28971874999999997 0.07599074074074068 0.03271874999999997