1 0.15476851851851853 0.20540104166666667 0.14349074074074072 0.14496874999999995
1 0.3157314814814815 0.20571875 0.14459259259259255 0.14797916666666663
1 0.4720648148148148 0.2123489583333333 0.13712962962962966 0.13548958333333333
1 0.6384444444444445 0.21141145833333336 0.14652777777777778 0.14782812500000003
1 0.8062222222222223 0.21888541666666667 0.12702777777777782 0.13684375000000001
1 0.932324074074074 0.221 0.13535185185185192 0.13857812500000002
1 0.969037037037037 0.41045833333333337 0.061916666666666564 0.12372395833333331
1 0.8546018518518519 0.4118645833333333 0.12624074074074065 0.1347447916666667
1 0.7140555555555556 0.41235937500000003 0.12407407407407407 0.13188541666666667
1 0.5757129629629629 0.4114114583333333 0.12802777777777777 0.12890625
1 0.4278611111111111 0.41215625 0.1291018518518518 0.13414062499999999
1 0.28825 0.41425 0.11686111111111112 0.12543229166666664
1 0.15072222222222223 0.41791666666666666 0.11553703703703705 0.1263177083333333
5 0.1150925925925926 0.591734375 0.13024074074074074 0.11549479166666667
5 0.26925925925925925 0.595625 0.13299074074074074 0.11519270833333337
5 0.4205740740740741 0.5883541666666667 0.12522222222222223 0.11504166666666672
5 0.5609999999999999 0.5913437500000001 0.12083333333333333 0.11172916666666666
10 0.6911944444444444 0.587515625 0.11096296296296289 0.10589583333333343
10 0.8310185185185185 0.5913020833333333 0.11788888888888883 0.11226041666666665
10 0.9521111111111111 0.5898177083333334 0.09577777777777782 0.10622395833333324
9 0.9517407407407409 0.740984375 0.09650925925925928 0.08606249999999989
4 0.8140833333333334 0.7406666666666666 0.10411111111111117 0.09200520833333338
4 0.6838796296296297 0.7445468749999999 0.11612037037037044 0.09343750000000005
4 0.5445555555555556 0.7498281250000001 0.1114166666666666 0.09208333333333343
4 0.4197777777777778 0.7498645833333334 0.11811111111111106 0.09389062499999999
4 0.2831574074074074 0.7516406250000001 0.11831481481481479 0.09095312500000005
4 0.13979629629629628 0.75321875 0.1172222222222222 0.099609375
3 0.11599074074074076 0.8880885416666667 0.07575000000000001 0.08117187499999995
3 0.20303703703703707 0.8897864583333334 0.07073148148148149 0.08206249999999997
3 0.29158333333333336 0.8831354166666666 0.0768425925925926 0.08442708333333329
3 0.37622222222222224 0.8778020833333334 0.06913888888888885 0.08333854166666678
3 0.4677592592592593 0.8804479166666667 0.07061111111111115 0.08145833333333338
3 0.5436203703703704 0.8736354166666668 0.06552777777777775 0.07823958333333322
8 0.8017962962962963 0.8647343749999999 0.05912962962962954 0.07247395833333338
8 0.7166851851851852 0.8678645833333333 0.0668703703703704 0.07536979166666669
8 0.6283055555555556 0.8694166666666666 0.0679537037037038 0.07414062499999995
7 0.8791111111111112 0.865484375 0.06888888888888897 0.07798958333333322
7 0.9442222222222222 0.8629114583333333 0.06370370370370376 0.07907812499999996