20 0.3468425925925926 0.38039062500000004 0.146962962962963 0.14079166666666662
20 0.50825 0.37178125 0.1623055555555555 0.15864062499999995
20 0.6706666666666667 0.38271354166666666 0.15102777777777768 0.1465
15 0.3190648148148148 0.5492291666666667 0.14951851851851852 0.09482812500000003
15 0.48609259259259263 0.5732135416666666 0.16073148148148145 0.12446875
18 0.6622592592592592 0.5794374999999999 0.17754629629629629 0.1271145833333333
18 0.6661481481481482 0.7413385416666666 0.16142592592592586 0.11194791666666669
18 0.4951759259259259 0.73646875 0.15850000000000006 0.116796875
32 0.33210185185185187 0.7304375000000001 0.1429537037037037 0.11692187499999988
32 0.18369444444444444 0.7241458333333333 0.14191666666666666 0.117578125
18 0.6531388888888888 0.9080104166666667 0.15399074074074068 0.09453125
19 0.482287037037037 0.8923541666666667 0.1451018518518519 0.124359375
19 0.3206388888888889 0.8803020833333334 0.16000925925925932 0.12527604166666678
35 0.1640648148148148 0.8698593750000001 0.14481481481481479 0.11760937499999997
33 0.06501851851851852 0.539171875 0.11816666666666667 0.10745833333333336
29 0.2200925925925926 0.3746302083333333 0.09564814814814813 0.15310416666666668
1 0.8569722222222222 0.6257031249999999 0.1778518518518518 0.17982812499999998
5 0.8367222222222221 0.8325833333333333 0.14124999999999996 0.12602604166666656
35 0.041666666666666664 0.86171875 0.08333333333333333 0.11614583333333334
29 0.07479629629629629 0.37813541666666667 0.14958333333333335 0.1612760416666667
11 0.25669444444444445 0.13311979166666668 0.17961111111111114 0.20533333333333334
1 0.8581481481481481 0.49655208333333334 0.1307962962962963 0.07563541666666668
20 0.18684259259259262 0.549203125 0.11251851851851853 0.09910416666666672
32 0.054453703703703706 0.7201770833333333 0.10889814814814816 0.11939062500000001