1 0.10596296296296297 0.4744166666666667 0.19814814814814816 0.1928697916666667
1 0.30162037037037037 0.46072916666666663 0.17293518518518516 0.16468229166666665
1 0.4957407407407407 0.4488958333333333 0.14607407407407408 0.17455208333333339
3 0.6814814814814815 0.4593697916666667 0.07434259259259256 0.1026458333333333
3 0.754962962962963 0.454625 0.06375925925925917 0.09915104166666673
3 0.8175925925925925 0.44555208333333335 0.04950925925925929 0.09872916666666663
3 0.6957037037037037 0.3506197916666667 0.0772592592592593 0.10463541666666672
3 0.6068240740740741 0.358421875 0.06300925925925922 0.10590104166666663
5 0.08677777777777777 0.73484375 0.15777777777777782 0.1109375
4 0.2544166666666666 0.7006770833333333 0.15225000000000002 0.12247395833333338
4 0.4161388888888889 0.6775989583333334 0.13647222222222222 0.09496354166666662
4 0.5549814814814815 0.6607395833333333 0.11281481481481474 0.10650000000000001
9 0.6859351851851851 0.63921875 0.12700925925925932 0.10782812500000011
9 0.8133425925925926 0.6148125 0.10571296296296304 0.09540624999999991
3 0.07912962962962962 0.9357447916666667 0.11554629629629629 0.0982031250000001
2 0.18525925925925926 0.9332708333333334 0.07410185185185188 0.06499479166666665
2 0.26410185185185187 0.9137760416666667 0.06660185185185188 0.06142708333333336
2 0.3361296296296296 0.8924270833333333 0.06350925925925929 0.06142708333333336
2 0.40776851851851853 0.8804479166666667 0.05963888888888886 0.06273437499999991
1 0.12705555555555556 0.24506770833333333 0.16266666666666668 0.10435937499999998
1 0.2875185185185185 0.24308854166666669 0.14419444444444446 0.0994114583333333