8 0.43030555555555555 0.8252760416666667 0.10639814814814817 0.1028906250000001
8 0.3116666666666667 0.8132135416666666 0.11554629629629626 0.13009895833333332
3 0.540212962962963 0.82309375 0.10261111111111106 0.11135937499999997
3 0.6511574074074075 0.816890625 0.10699999999999996 0.12376562500000006
3 0.7612037037037037 0.8192447916666666 0.10044444444444446 0.12419270833333323
2 0.86175 0.8399947916666667 0.07945370370370365 0.07756250000000003
2 0.944037037037037 0.8381145833333333 0.0797500000000001 0.07721874999999988
5 0.3393055555555555 0.6017552083333333 0.17900925925925928 0.1558437500000001
5 0.5164444444444445 0.6046875 0.16375925925925933 0.15437500000000004
5 0.6915185185185185 0.6142864583333334 0.1661296296296297 0.13811458333333324
5 0.8576944444444444 0.6161197916666666 0.15720370370370368 0.1344479166666666
5 0.7712962962962963 0.3712239583333333 0.18874074074074065 0.18019270833333334
5 0.9362777777777778 0.3755 0.12744444444444453 0.17896874999999995
5 0.5723055555555556 0.36559895833333333 0.18420370370370376 0.18117187499999995
5 0.3677685185185185 0.36352083333333335 0.2055092592592592 0.19413020833333333
18 0.1499351851851852 0.2893854166666667 0.21562037037037038 0.1656614583333333
18 0.14481481481481484 0.50009375 0.20983333333333337 0.15248437500000006
16 0.13362962962962963 0.7127083333333334 0.20038888888888884 0.11844270833333326