11 0.125 0.11545312499999999 0.17592592592592593 0.18576562500000002
11 0.3101851851851852 0.1171875 0.17900925925925928 0.1788177083333333
11 0.4930555555555556 0.11848958333333333 0.17747222222222223 0.17795312500000005
11 0.6790092592592593 0.12196354166666665 0.17284259259259266 0.1796875
11 0.8680555555555556 0.12196354166666666 0.18673148148148155 0.18142187499999998
11 0.8272314814814814 0.33461979166666667 0.1541388888888889 0.1669895833333333
11 0.6531111111111111 0.33044270833333333 0.16670370370370366 0.16377604166666668
11 0.47670370370370374 0.32819791666666664 0.16556481481481478 0.1605677083333333
11 0.2962962962962963 0.32530729166666666 0.1655648148148148 0.1560677083333333
11 0.12845370370370368 0.31952604166666665 0.1655648148148148 0.15992187499999996
15 0.4270277777777778 0.55459375 0.14387037037037037 0.10725520833333331
15 0.27346296296296296 0.5484895833333333 0.14272222222222222 0.104046875
15 0.12102777777777779 0.5446354166666667 0.14614814814814814 0.1053333333333334
15 0.771287037037037 0.7254322916666667 0.12217592592592597 0.09569791666666655
15 0.8946018518518518 0.729609375 0.11760185185185185 0.09505208333333333
11 0.6331296296296296 0.7090572916666668 0.1358703703703704 0.12203125000000009
11 0.4909722222222222 0.6990989583333334 0.13929629629629633 0.11496354166666668
16 0.8946018518518518 0.5571614583333333 0.14500925925925917 0.12010416666666662
19 0.7341759259259258 0.555234375 0.14843518518518514 0.12267187500000004
18 0.5800370370370371 0.551703125 0.14614814814814808 0.1194583333333334
20 0.35167592592592595 0.6933229166666667 0.1096111111111111 0.11239583333333343
20 0.23806481481481484 0.6836875 0.10162037037037037 0.10854166666666672
20 0.11246296296296297 0.6875416666666666 0.1061851851851852 0.09441145833333332
29 0.9430185185185186 0.8705833333333334 0.11396296296296289 0.12395833333333334
29 0.8095370370370369 0.8664114583333333 0.12787962962962976 0.12845312500000006
29 0.6748055555555555 0.8648020833333334 0.12102777777777782 0.1303802083333333
29 0.5383611111111111 0.8593437500000001 0.12217592592592597 0.1310208333333333
29 0.4064814814814815 0.8538854166666667 0.12102777777777782 0.13166145833333331
29 0.270037037037037 0.8503541666666667 0.12445370370370368 0.12973437500000007
29 0.1370185185185185 0.8445729166666667 0.11875 0.13487500000000002