33 0.4064351851851852 0.2565572916666667 0.14079629629629636 0.15469270833333335
33 0.5566481481481481 0.2625625 0.13622222222222233 0.14460937499999996
33 0.69275 0.26577083333333335 0.1246388888888888 0.14457812499999995
33 0.8137129629629629 0.26785937499999996 0.10690740740740744 0.1458125
33 0.9365740740740741 0.26848958333333334 0.12685185185185185 0.14635416666666667
22 0.4175462962962963 0.6998854166666667 0.08807407407407408 0.1353906249999999
22 0.3227777777777778 0.7055208333333333 0.09233333333333336 0.13714062499999996
22 0.22458333333333336 0.7111614583333333 0.08929629629629626 0.14464583333333322
33 0.23902777777777776 0.2547135416666667 0.15000925925925926 0.15456250000000002
16 0.0764074074074074 0.2618125 0.15000925925925926 0.1514114583333333
16 0.08551851851851851 0.490109375 0.16823148148148148 0.1506197916666667