1 0.1163425925925926 0.18381250000000002 0.1351574074074074 0.11731770833333334
1 0.2577129629629629 0.184109375 0.1411481481481481 0.12890625
1 0.39217592592592593 0.18652083333333333 0.1242777777777778 0.12611458333333334
1 0.5233611111111112 0.1865625 0.13094444444444445 0.12704687499999998
1 0.660074074074074 0.18783333333333332 0.12912962962962965 0.12958333333333333
1 0.8052962962962963 0.18740625 0.13828703703703696 0.12535416666666666
1 0.10447222222222222 0.351640625 0.13039814814814815 0.11571354166666671
1 0.2326759259259259 0.35494270833333336 0.11815740740740739 0.11318229166666664
1 0.35210185185185183 0.35603645833333336 0.11707407407407412 0.11625000000000002
1 0.47535185185185186 0.35766145833333335 0.12207407407407406 0.12036979166666674
1 0.5989907407407407 0.3582708333333333 0.1169444444444444 0.11808854166666667
1 0.7176388888888888 0.3560416666666667 0.11430555555555559 0.11099479166666662
0 0.8270092592592592 0.35630208333333335 0.08998148148148154 0.11677604166666669
24 0.9181481481481482 0.35363020833333336 0.08528703703703694 0.11581250000000007
5 0.11047222222222222 0.49442187499999996 0.11540740740740739 0.09481770833333338
5 0.22777777777777777 0.5021302083333333 0.11314814814814816 0.09850520833333327
10 0.34271296296296294 0.49928125 0.10762962962962964 0.09615625000000007
10 0.4580185185185185 0.5021302083333333 0.10435185185185183 0.09347395833333334
10 0.5697500000000001 0.509625 0.1088148148148148 0.0925520833333333
10 0.6890000000000001 0.5167916666666666 0.11937962962962968 0.08928125000000003
10 0.809212962962963 0.5165885416666667 0.10952777777777774 0.08803645833333332
25 0.9304074074074075 0.5129427083333333 0.11354629629629619 0.11845312500000003
4 0.12440740740740742 0.6293802083333334 0.11449074074074073 0.07871354166666672
4 0.23326851851851851 0.6292395833333334 0.09833333333333336 0.0812656250000001
4 0.34835185185185186 0.636859375 0.10976851851851847 0.07284375000000007
4 0.46335185185185185 0.6343489583333334 0.10422222222222227 0.07445312499999991
9 0.5788703703703704 0.64390625 0.10810185185185185 0.07463541666666676
9 0.6947037037037037 0.6418750000000001 0.11262962962962972 0.0753020833333333
9 0.8101203703703703 0.64565625 0.1062314814814815 0.07908333333333341
27 0.8988796296296296 0.6471250000000001 0.061657407407407334 0.08864062500000003
27 0.9693611111111112 0.6487812500000001 0.06127777777777773 0.09100520833333334
3 0.031518518518518515 0.7379010416666667 0.06303703703703703 0.07898958333333325
3 0.10089814814814815 0.7394635416666666 0.07074074074074076 0.07678125000000004
3 0.17404629629629628 0.740296875 0.06950925925925926 0.07236979166666657
3 0.2421851851851852 0.73984375 0.05827777777777775 0.07602083333333336
8 0.30775925925925923 0.7420885416666666 0.06626851851851846 0.07974999999999995
8 0.3763703703703704 0.7433072916666668 0.0654444444444445 0.07914062499999991
8 0.44883333333333336 0.7453958333333334 0.06827777777777778 0.07952083333333325
7 0.5176481481481481 0.74334375 0.06109259259259261 0.07084375
7 0.5841759259259259 0.7441822916666666 0.0642314814814816 0.07099479166666664
7 0.6572592592592593 0.7497760416666667 0.07234259259259249 0.07990104166666659
7 0.7288425925925925 0.7516770833333334 0.06393518518518514 0.08066145833333328
7 0.7956203703703704 0.7520208333333334 0.06351851851851843 0.07906250000000009
27 0.8614351851851852 0.7759427083333333 0.06216666666666676 0.09180729166666665
31 0.9275 0.7839062499999999 0.05805555555555549 0.08460416666666669
31 0.9797777777777779 0.7857864583333334 0.04044444444444429 0.09034895833333323
2 0.08450925925925926 0.9050885416666666 0.051277777777777776 0.07237500000000002
2 0.03181481481481482 0.90353125 0.0564537037037037 0.07133854166666656
2 0.10975 0.83434375 0.06123148148148148 0.053885416666666686
2 0.04488888888888888 0.8342708333333333 0.06418518518518518 0.060656250000000016
26 0.8678333333333333 0.9211875 0.04795370370370367 0.06657812499999996
26 0.9215277777777777 0.9257864583333333 0.053379629629629714 0.06816666666666672
26 0.975 0.9244791666666666 0.05 0.065625