5 0.4778518518518519 0.17878125 0.21481481481481482 0.19234374999999998
5 0.7036203703703704 0.19450520833333332 0.2213888888888888 0.16583854166666664
5 0.26961111111111113 0.17723958333333334 0.1709722222222222 0.186796875
5 0.7397870370370371 0.426921875 0.21919444444444447 0.1128177083333334
4 0.5173055555555556 0.43678645833333335 0.19727777777777772 0.08692708333333338
4 0.29591666666666666 0.43154166666666666 0.20165740740740737 0.09864062499999994
8 0.2602962962962963 0.6648854166666667 0.12603703703703703 0.11405208333333335
8 0.3885277777777778 0.6676614583333333 0.10850000000000005 0.11590104166666677
8 0.5068888888888889 0.6682760416666667 0.10850000000000005 0.1183645833333332
3 0.6340277777777777 0.6676614583333333 0.11946296296296295 0.12206770833333327
3 0.8839074074074074 0.6710520833333333 0.13042592592592583 0.12268229166666676
6 0.3946574074074074 0.8726822916666667 0.12160185185185189 0.05579687500000006
6 0.5157222222222222 0.8726822916666667 0.10986111111111115 0.05219791666666656
6 0.6437222222222222 0.8756822916666667 0.12692592592592586 0.054598958333333295
6 0.899712962962963 0.8774791666666667 0.12052777777777784 0.053401041666666774
6 0.769361111111111 0.8775468750000001 0.10894444444444452 0.05927604166666664