6 0.6013518518518519 0.729046875 0.11594444444444447 0.0853854166666667
6 0.7418425925925927 0.7397135416666667 0.12124074074074079 0.10926041666666678
2 0.4921203703703704 0.7086041666666667 0.07824999999999999 0.10932291666666671
2 0.4076851851851852 0.707859375 0.07886111111111108 0.1065677083333334
2 0.31307407407407406 0.7001979166666668 0.07721296296296296 0.10776562499999992
2 0.2222407407407407 0.6943333333333332 0.08309259259259258 0.11383854166666675
2 0.13648148148148148 0.6885781249999999 0.07880555555555557 0.11122395833333343
2 0.1637962962962963 0.5734270833333334 0.07692592592592591 0.10844270833333335
2 0.24540740740740744 0.5749791666666667 0.0819722222222222 0.10392708333333331
2 0.33517592592592593 0.5780520833333332 0.08073148148148153 0.10625520833333327
2 0.42745370370370367 0.5844791666666667 0.08451851851851849 0.10894270833333337
2 0.5252685185185185 0.5857500000000001 0.0948333333333334 0.10640104166666665
3 0.1960648148148148 0.40235937499999996 0.10531481481481482 0.13111979166666668
3 0.29863888888888884 0.41034375 0.09352777777777777 0.14200000000000004
3 0.4083703703703704 0.41366145833333334 0.10510185185185185 0.14101041666666667
3 0.515787037037037 0.41980729166666664 0.09621296296296299 0.14567187500000003
3 0.643351851851852 0.42489062499999997 0.10728703703703715 0.14821874999999995
3 0.7610555555555556 0.42616145833333335 0.10542592592592584 0.14567187500000003
8 0.8732962962962962 0.430328125 0.09942592592592582 0.13875520833333338
4 0.9444444444444444 0.24947916666666667 0.1111111111111111 0.13229166666666667
4 0.7841574074074074 0.24905208333333337 0.16971296296296293 0.12957291666666668
4 0.5942592592592593 0.24336979166666667 0.16276851851851848 0.129640625
4 0.408 0.2509270833333333 0.15859259259259256 0.11170312500000001
4 0.23228703703703704 0.240578125 0.17098148148148146 0.12533333333333332