24 0.7583981481481482 0.23637499999999997 0.10646296296296298 0.15288541666666672
37 0.08305555555555556 0.25596874999999997 0.16611111111111113 0.14267187499999998
29 0.7832870370370371 0.444515625 0.16212962962962954 0.12476562499999998
15 0.0771388888888889 0.6236145833333333 0.15078703703703705 0.12354687500000001
18 0.24535185185185188 0.6297395833333332 0.1751851851851852 0.11325000000000003
19 0.4305555555555556 0.620671875 0.17780555555555552 0.12942708333333333
16 0.5739351851851852 0.6179739583333334 0.10023148148148148 0.13384375
39 0.23575925925925925 0.8032916666666666 0.1699537037037037 0.11325000000000003
5 0.5944444444444444 0.9466145833333334 0.17407407407407408 0.10677083333333333
5 0.24578703703703703 0.9457135416666667 0.15687962962962962 0.10001562500000011
5 0.41748148148148145 0.944734375 0.16908333333333328 0.09118749999999996
5 0.0749537037037037 0.9485885416666666 0.14816666666666667 0.10282291666666671