1 0.2938703703703704 0.22652604166666665 0.19591666666666668 0.14518749999999997
1 0.5058518518518519 0.22827604166666668 0.20524074074074075 0.15918229166666667
4 0.7411574074074074 0.26326041666666666 0.19695370370370374 0.10087499999999998
1 0.8525925925925926 0.7227291666666668 0.15445370370370365 0.15801562499999994
1 0.674601851851852 0.7223333333333334 0.16749074074074083 0.16114583333333338
1 0.48771296296296296 0.7134010416666666 0.1668888888888889 0.15918229166666673
1 0.3218611111111111 0.7017395833333333 0.15030555555555558 0.16268229166666662
1 0.13374999999999998 0.7123541666666667 0.1617777777777778 0.1670989583333333
1 0.8462962962962963 0.5944635416666666 0.1511759259259259 0.09129687499999999
1 0.6765740740740741 0.5897708333333332 0.15302777777777776 0.09442708333333343
1 0.5028425925925927 0.5801354166666666 0.15614814814814817 0.09520312499999999
1 0.3456018518518518 0.5712291666666667 0.13431481481481478 0.09090624999999998
1 0.20730555555555555 0.568625 0.11866666666666664 0.08735416666666662
1 0.24246296296296296 0.4829166666666667 0.11280555555555556 0.07911458333333338
1 0.3766203703703704 0.486875 0.13832407407407407 0.06856249999999993
5 0.1272685185185185 0.8977135416666666 0.1321018518518518 0.11236458333333346
5 0.26687962962962963 0.9040520833333333 0.12565740740740744 0.12021875000000008
5 0.4226111111111111 0.92459375 0.14069444444444437 0.09242708333333335
5 0.574574074074074 0.9164375 0.13102777777777777 0.11598958333333324
4 0.72225 0.9276145833333334 0.15143518518518514 0.1262604166666667
4 0.8779722222222223 0.9418124999999999 0.13425 0.11115625000000004