1 0.06007407407407407 0.15790104166666669 0.12014814814814814 0.1866927083333333
1 0.22056481481481482 0.169890625 0.1791481481481481 0.1708541666666667
1 0.4054722222222223 0.17474479166666665 0.16737962962962966 0.17742708333333337
1 0.5878148148148148 0.17552604166666666 0.16665740740740742 0.17314062500000002
1 0.6717037037037038 0.39821354166666667 0.1532685185185185 0.15323958333333335
1 0.5082129629629629 0.39958333333333335 0.16754629629629633 0.15834895833333332
1 0.33462037037037035 0.39916145833333333 0.16109259259259262 0.15031770833333327
0 0.8061574074074074 0.39807291666666667 0.11752777777777784 0.16590104166666667
10 0.78525 0.6152291666666667 0.15245370370370379 0.11417187500000002
10 0.6276851851851851 0.6096458333333333 0.14527777777777787 0.11985416666666661
10 0.4699444444444444 0.608984375 0.14629629629629623 0.12319270833333344
10 0.316212962962963 0.6013854166666667 0.15004629629629626 0.1289739583333334
9 0.6299166666666666 0.777234375 0.14009259259259255 0.1194635416666666
9 0.4742222222222222 0.7802864583333334 0.1342685185185185 0.10340624999999998
24 0.9291296296296296 0.4025520833333333 0.11895370370370362 0.15954687499999995
27 0.8936574074074074 0.77634375 0.08333333333333333 0.11479687499999992
9 0.7825277777777778 0.782671875 0.13876851851851862 0.1129791666666667
4 0.3235925925925926 0.7722239583333333 0.1348425925925926 0.10182812500000012
4 0.1620277777777778 0.7803020833333334 0.1301666666666667 0.11385937500000007
1 0.1590648148148148 0.3984010416666666 0.15041666666666664 0.15004687499999997
10 0.1558888888888889 0.590109375 0.13065740740740742 0.13040625000000006
29 0.9276666666666666 0.5927135416666667 0.14466666666666667 0.15565104166666663
27 0.9716018518518518 0.7776197916666666 0.056796296296296324 0.1171875
1 0.7761851851851852 0.172390625 0.17031481481481486 0.17682291666666666
8 0.2955740740740741 0.9152604166666667 0.08449074074074074 0.09213020833333327
8 0.19672222222222224 0.9189010416666666 0.08061111111111112 0.09040624999999997
8 0.10222222222222223 0.9183177083333334 0.08187962962962964 0.08823958333333337
7 0.39023148148148146 0.9102604166666667 0.08885185185185189 0.09213020833333327
7 0.4817685185185185 0.9067864583333333 0.0816666666666667 0.08017708333333336
7 0.5815555555555556 0.9147083333333333 0.0856388888888889 0.091015625
7 0.6689537037037038 0.911453125 0.08081481481481478 0.08751562500000011
7 0.7505555555555555 0.9090364583333332 0.06975925925925919 0.09568229166666668
27 0.8405277777777778 0.9400104166666666 0.06955555555555545 0.09836979166666661
31 0.9225555555555556 0.9457239583333333 0.07809259259259252 0.10854687499999992