29 0.6851481481481482 0.6638802083333334 0.15544444444444455 0.12711979166666676
29 0.4983518518518519 0.6554270833333333 0.14238888888888887 0.12344270833333344
29 0.3468148148148148 0.6377916666666666 0.11625925925925931 0.11903645833333343
29 0.21487962962962961 0.625671875 0.11364814814814815 0.11389062500000004
29 0.08621296296296296 0.6153802083333333 0.1123425925925926 0.11389062500000004
25 0.3703333333333333 0.21933333333333332 0.16850925925925928 0.12711979166666662
24 0.23055555555555557 0.2281510416666667 0.07707407407407409 0.11095312500000001
24 0.12017592592592592 0.23403125 0.06270370370370369 0.11242187500000002
24 0.04441666666666667 0.23035416666666667 0.07053703703703704 0.1183020833333333
25 0.33179629629629626 0.4316875 0.1645925925925926 0.1344635416666667
25 0.17177777777777775 0.42727604166666666 0.13193518518518516 0.12417708333333337
25 0.05029629629629629 0.4287447916666667 0.10058333333333333 0.1168333333333333
28 0.36118518518518516 0.8387552083333334 0.12932407407407404 0.0962552083333333
28 0.23317592592592593 0.8178177083333333 0.11625925925925926 0.09846354166666677
28 0.10711111111111112 0.809734375 0.10973148148148147 0.07788541666666665
27 0.09666666666666668 0.958875 0.06792592592592595 0.08225000000000003
27 0.02808333333333333 0.947875 0.05616666666666666 0.09111458333333336
27 0.1600185185185185 0.9625468749999999 0.053555555555555585 0.07490625000000009
20 0.8864907407407407 0.700546875 0.16573148148148148 0.11328125
11 0.7766388888888889 0.19945833333333332 0.21199074074074079 0.1539322916666667
11 0.9453703703703704 0.19192708333333333 0.10925925925925926 0.1640625
11 0.730388888888889 0.4458020833333334 0.19271296296296286 0.1523072916666667
14 0.6611574074074074 0.8877604166666667 0.15354629629629624 0.10277083333333342
14 0.5008148148148148 0.8664375 0.15030555555555555 0.10167708333333322