15 0.34197222222222223 0.627 0.14949074074074067 0.09626562499999997
18 0.6263888888888889 0.6207239583333333 0.12736111111111106 0.10415625
18 0.6291666666666667 0.755109375 0.12599074074074068 0.10150520833333326
32 0.21003703703703702 0.8017447916666666 0.14478703703703702 0.1114843750000001
32 0.06512037037037037 0.8163489583333334 0.13023148148148148 0.10916666666666662
33 0.19521296296296298 0.6354479166666667 0.12798148148148145 0.09903124999999993
33 0.06175 0.647 0.1235 0.09564583333333326
29 0.08247222222222221 0.47501041666666666 0.15088888888888893 0.14192708333333334
20 0.35916666666666663 0.4697135416666666 0.14612037037037032 0.1360364583333333
20 0.5062777777777777 0.46174479166666665 0.13546296296296292 0.14073437500000002
11 0.2928148148148148 0.25922395833333334 0.18579629629629626 0.18318229166666664
1 0.7650925925925925 0.64409375 0.12328703703703713 0.13001562500000005
4 0.7497777777777778 0.8018541666666666 0.10688888888888894 0.10493229166666657
32 0.3563703703703704 0.7878802083333334 0.13257407407407412 0.10313020833333345
18 0.49426851851851844 0.773375 0.13033333333333333 0.09477604166666656
19 0.487962962962963 0.9044479166666667 0.12415740740740738 0.0903072916666666
19 0.3508425925925926 0.91475 0.141712962962963 0.10121354166666663
35 0.21230555555555553 0.932453125 0.12591666666666665 0.0925937500000001
29 0.21925925925925926 0.4662135416666667 0.11682407407407407 0.13846874999999995
20 0.6435555555555555 0.4614479166666667 0.12534259259259248 0.12300000000000004
15 0.4874537037037037 0.6344531250000001 0.13586111111111113 0.09177604166666668
1 0.8915092592592592 0.6407760416666667 0.11749999999999998 0.12878125000000012
4 0.8527222222222223 0.7918541666666666 0.0911666666666667 0.0953072916666668