20 0.5721018518518518 0.28518229166666664 0.23226851851851849 0.22229687499999998
20 0.36097222222222225 0.29056770833333334 0.1868703703703703 0.20623958333333334
20 0.8258333333333333 0.29643749999999996 0.23325000000000007 0.21408854166666663
18 0.7666203703703705 0.5595833333333334 0.23475925925925922 0.17025000000000007
15 0.5361111111111111 0.551453125 0.23387037037037037 0.17520833333333338
15 0.31710185185185186 0.5157291666666667 0.2003055555555556 0.14819270833333337
29 0.17318518518518516 0.29146354166666666 0.18011111111111114 0.20050520833333335
32 0.32625925925925925 0.7429375 0.18105555555555553 0.14134895833333327
18 0.5333055555555556 0.7614635416666666 0.21592592592592597 0.15199479166666663
18 0.7496018518518519 0.7647083333333333 0.21856481481481477 0.15247916666666655
33 0.1315185185185185 0.5158385416666667 0.1591666666666667 0.14773437499999992
32 0.12843518518518518 0.7439583333333334 0.196 0.1464114583333334
35 0.1450462962962963 0.9062083333333334 0.17017592592592595 0.1152500000000001
19 0.32254629629629633 0.9180989583333333 0.1762037037037037 0.12694270833333335