4 0.24637037037037035 0.18611979166666667 0.21972222222222226 0.12359374999999999
4 0.47388888888888897 0.20659375000000002 0.18591666666666667 0.11042708333333333
3 0.7703148148148149 0.7346041666666667 0.06890740740740747 0.10896354166666669
3 0.8398703703703703 0.7313124999999999 0.062407407407407495 0.10238541666666663
3 0.9055277777777778 0.7225364583333334 0.05590740740740751 0.10238541666666663
3 0.7976203703703704 0.6201510416666667 0.07150925925925927 0.09507291666666665
3 0.7066111111111111 0.6296614583333333 0.07670370370370362 0.09945833333333336
4 0.6214537037037037 0.9504895833333333 0.09361111111111102 0.09902083333333328
9 0.751462962962963 0.9284010416666667 0.12481481481481477 0.13090625000000009
9 0.880175925925926 0.896953125 0.11700925925925937 0.11189062499999997
0 0.6351018518518519 0.18027083333333332 0.13131481481481475 0.18063541666666663
0 0.7768148148148148 0.1879479166666667 0.12611111111111115 0.175515625
0 0.8983796296296296 0.1970885416666667 0.1066111111111111 0.16015625000000003