0 0.07925 0.18439062499999997 0.09766666666666668 0.133734375
0 0.1833148148148148 0.174484375 0.09446296296296294 0.11031770833333332
0 0.28458333333333335 0.175609375 0.09686111111111112 0.11347395833333333
0 0.3834444444444444 0.18934375 0.08645370370370371 0.13643749999999996
0 0.48270370370370375 0.18777083333333333 0.08805555555555553 0.13508333333333333
0 0.5831666666666667 0.18934375 0.0808518518518518 0.13733854166666665
1 0.694037037037037 0.19069791666666666 0.1136759259259259 0.12472916666666668
1 0.8261203703703704 0.17628645833333334 0.12808333333333327 0.10852083333333334
1 0.9510833333333334 0.193171875 0.09782407407407416 0.12247916666666665
1 0.7428703703703703 0.46784895833333334 0.11527777777777778 0.10806770833333333
1 0.6203981481481481 0.468296875 0.11527777777777778 0.11167187500000005
1 0.7440740740740741 0.37373958333333335 0.10647222222222223 0.06844270833333338
1 0.6211944444444444 0.37306249999999996 0.1136759259259259 0.07339583333333337
5 0.4979166666666667 0.4764010416666667 0.10726851851851849 0.09095833333333327
5 0.5051203703703704 0.390171875 0.0992592592592593 0.0751979166666666
5 0.37784259259259256 0.479328125 0.11207407407407403 0.0815
5 0.37263888888888885 0.3969270833333333 0.10647222222222223 0.07429687500000005
5 0.2565648148148148 0.4777552083333333 0.1112685185185185 0.09095833333333327
5 0.14809259259259258 0.474375 0.08645370370370371 0.09771354166666674
5 0.26737037037037037 0.339515625 0.09125925925925923 0.07024479166666672
4 0.16146296296296295 0.606328125 0.11353703703703705 0.05239062500000007
4 0.28146296296296297 0.6061354166666667 0.10877777777777779 0.04589062500000007
5 0.40417592592592594 0.5990625 0.1176111111111111 0.058510416666666745
5 0.5323333333333333 0.6004010416666666 0.1033425925925925 0.0581302083333334
5 0.6584444444444445 0.5973437500000001 0.11217592592592601 0.05659895833333337
5 0.7699444444444444 0.5982968750000001 0.09858333333333336 0.055453124999999895
8 0.14514814814814814 0.7279375 0.06050925925925927 0.06233333333333325
8 0.2138148148148148 0.726984375 0.06730555555555555 0.06577604166666665
8 0.2838425925925926 0.7262187499999999 0.06458333333333334 0.06348437499999994
3 0.3569259259259259 0.7237291666666666 0.06798148148148145 0.06615624999999999
3 0.4928981481481482 0.7233489583333333 0.06662962962962966 0.06386458333333328
3 0.5619074074074074 0.7225833333333332 0.06187037037037031 0.06309895833333339
3 0.6271666666666667 0.7225833333333332 0.05914814814814825 0.06233333333333325
3 0.6961759259259259 0.7206718750000001 0.06390740740740739 0.06615624999999999
9 0.7818425925925926 0.7258333333333333 0.09246296296296287 0.05277604166666663
9 0.8841574074074074 0.7285104166666667 0.09586111111111109 0.04665624999999996
2 0.8789074074074075 0.8242916666666668 0.04615740740740732 0.03596874999999997
2 0.9284537037037037 0.8244114583333333 0.047009259259259244 0.03811458333333325
2 0.9795740740740742 0.8222708333333333 0.04084259259259271 0.03763541666666678
6 0.8172962962962963 0.8269166666666667 0.06521296296296303 0.030729166666666665
6 0.7457314814814815 0.8315572916666666 0.0669074074074074 0.029536458333333352
6 0.651712962962963 0.8294166666666667 0.06521296296296303 0.031916666666666774
6 0.5784537037037037 0.83215625 0.06437037037037036 0.033588541666666555
6 0.22625925925925927 0.8394114583333334 0.06117592592592589 0.024031249999999935