11 0.28530555555555553 0.36790625 0.25362037037037044 0.24497395833333338
29 0.15895370370370368 0.6518177083333333 0.18592592592592594 0.20832291666666666
20 0.3632037037037037 0.6536614583333333 0.16193518518518518 0.18474479166666669
20 0.5433333333333333 0.652890625 0.18794444444444447 0.15954687499999995
20 0.7214907407407408 0.6437760416666667 0.16313888888888894 0.14943229166666658
18 0.7004722222222222 0.8457760416666668 0.1808333333333333 0.14027604166666663
15 0.5168888888888888 0.8827083333333333 0.18194444444444444 0.11412499999999995
15 0.31827777777777777 0.8690677083333332 0.20354629629629634 0.12182291666666671
33 0.11568518518518518 0.8881875 0.17987037037037037 0.12974479166666672
1 0.8783981481481481 0.8709114583333334 0.1558888888888888 0.17723958333333342
4 0.8779629629629631 0.7013854166666668 0.11446296296296286 0.09464583333333323