15 0.5199722222222223 0.756609375 0.14721296296296296 0.11238541666666677
15 0.3618796296296296 0.7539322916666666 0.14943518518518517 0.10292187500000007
18 0.6585925925925926 0.7338229166666667 0.12621296296296292 0.11574999999999988
18 0.6535833333333333 0.8800677083333334 0.12147222222222227 0.09645312500000003
32 0.37125925925925923 0.9411614583333333 0.14101851851851857 0.11767708333333336
32 0.2074074074074074 0.951953125 0.16758333333333333 0.09609375
33 0.19907407407407407 0.7718072916666666 0.1504351851851852 0.10064062500000001
33 0.05848148148148148 0.791109375 0.11695370370370371 0.11779166666666659
29 0.22875 0.57609375 0.14782407407407405 0.171234375
29 0.0707037037037037 0.5841510416666666 0.1414074074074074 0.17630729166666662
20 0.3870092592592593 0.5743125 0.15212037037037035 0.15495312499999994
20 0.5379166666666667 0.5681927083333334 0.14193518518518516 0.1427135416666666
20 0.6773981481481481 0.5656458333333333 0.13248148148148142 0.12332812499999998
11 0.33858333333333335 0.335546875 0.19887037037037034 0.209234375
4 0.8822777777777778 0.61253125 0.11763888888888885 0.08314583333333327
1 0.912564814814815 0.74334375 0.11599074074074082 0.14399479166666657
1 0.7923888888888888 0.7592291666666667 0.12452777777777779 0.14536979166666672
4 0.7747407407407407 0.9300885416666667 0.08802777777777772 0.11087500000000006
4 0.8736388888888889 0.9146979166666667 0.09921296296296304 0.10808333333333332
18 0.518074074074074 0.9280677083333334 0.1349166666666667 0.09067187500000008