29 0.13646296296296295 0.27379687500000005 0.16743518518518521 0.1881197916666667
20 0.3587777777777778 0.28276562499999996 0.16541666666666666 0.18222395833333335
20 0.5433333333333333 0.2744479166666667 0.17818518518518522 0.19057291666666668
20 0.723925925925926 0.27978125 0.1540833333333334 0.1743072916666667
15 0.3164166666666667 0.49390104166666665 0.18334259259259258 0.13617187499999997
15 0.5247407407407407 0.5203385416666666 0.16716666666666663 0.1305572916666667
18 0.7002777777777778 0.4995260416666667 0.14971296296296302 0.13317708333333336
18 0.6958425925925926 0.6728906250000001 0.15728703703703695 0.1244479166666667
18 0.5229074074074074 0.693640625 0.15870370370370374 0.14256250000000012
19 0.5011944444444444 0.8621510416666667 0.1482129629629629 0.13073437500000012
19 0.3294351851851852 0.8794687499999999 0.16205555555555554 0.12930208333333346
16 0.6721666666666667 0.8569583333333333 0.13667592592592603 0.07641145833333335
32 0.14873148148148146 0.7238697916666667 0.18455555555555553 0.1427864583333334
1 0.8865833333333333 0.5472864583333333 0.1501944444444445 0.17583854166666674
33 0.10486111111111111 0.50790625 0.15328703703703705 0.13091666666666663
5 0.8484166666666666 0.7466770833333333 0.11773148148148156 0.11593749999999996
1 0.8960925925925926 0.40414583333333337 0.1128425925925925 0.07979687500000002
5 0.956111111111111 0.7396614583333334 0.08777777777777784 0.11903124999999998
3 0.9727777777777777 0.9067395833333334 0.05443518518518515 0.08118229166666661
8 0.9015277777777777 0.91265625 0.06147222222222232 0.07516666666666676
32 0.33874074074074073 0.7101979166666667 0.17304629629629628 0.13406770833333326
35 0.14399074074074072 0.897484375 0.16404629629629625 0.12327083333333325