0 0.18183333333333332 0.2889583333333333 0.1255740740740741 0.2018125
0 0.32616666666666666 0.27795312499999997 0.13373148148148153 0.17062500000000005
0 0.48842592592592593 0.27886979166666664 0.1451388888888889 0.18163020833333335
0 0.6433611111111112 0.2958385416666667 0.12883333333333344 0.21740625000000005
0 0.8105185185185185 0.29721875 0.15982407407407398 0.21648958333333337
5 0.7789166666666667 0.7603958333333334 0.17627777777777787 0.15245312500000002
5 0.5778518518518518 0.7576093749999999 0.16856481481481478 0.14439583333333345
5 0.38946296296296296 0.7501718749999999 0.16636111111111107 0.15059374999999994
5 0.2098796296296296 0.7294114583333333 0.15754629629629632 0.1536927083333334
5 0.7926944444444445 0.6091822916666667 0.16415740740740736 0.12890104166666655
5 0.5888703703703704 0.6129010416666667 0.17958333333333337 0.13261979166666674
5 0.39877777777777784 0.6238645833333333 0.15975000000000003 0.09605729166666659
5 0.4252592592592592 0.5139427083333333 0.13262962962962963 0.10894791666666664
5 0.285787037037037 0.4905572916666667 0.135787037037037 0.08703645833333327
5 0.5972222222222222 0.9453125 0.17407407407407408 0.109375
5 0.8171759259259259 0.9523958333333333 0.17441666666666655 0.09520833333333342
4 0.4076203703703704 0.9469427083333334 0.16924999999999996 0.0915677083333333
4 0.21382407407407408 0.9327708333333333 0.17183333333333337 0.10537500000000008