15 0.5068703703703703 0.16161979166666668 0.18239814814814817 0.13548958333333333
15 0.31589814814814815 0.15852083333333333 0.17350925925925925 0.13796354166666666
15 0.13546296296296298 0.16098958333333335 0.1734351851851852 0.13783854166666665
15 0.9199722222222223 0.37740625 0.15353703703703697 0.12543229166666664
11 0.7526111111111111 0.36070312499999996 0.15994444444444444 0.153
11 0.582962962962963 0.35485937500000003 0.16678703703703693 0.15075000000000002
19 0.8807962962962963 0.14911458333333333 0.17311111111111113 0.16886979166666669
18 0.6942685185185185 0.15065104166666668 0.1798425925925926 0.16167187500000005
20 0.41188888888888886 0.34153645833333335 0.11989814814814816 0.15510937499999997
20 0.2829814814814815 0.34488541666666667 0.12309259259259261 0.155734375
20 0.14451851851851852 0.3465625 0.14048148148148146 0.13839062500000002
29 0.7948796296296297 0.5503281250000001 0.1397037037037038 0.158875
29 0.6438611111111111 0.54665625 0.15462962962962962 0.14789583333333337
29 0.4817314814814815 0.5379114583333333 0.13700000000000004 0.15877083333333336
29 0.332212962962963 0.5358593749999999 0.15393518518518517 0.15679687500000003
29 0.18080555555555558 0.5332760416666668 0.14547222222222225 0.15329687500000003
25 0.5522592592592593 0.75509375 0.17932407407407408 0.14784375000000008
25 0.36962962962962964 0.7531822916666666 0.17723148148148146 0.15402604166666667
25 0.1890185185185185 0.7378750000000001 0.16859259259259263 0.15888541666666664
33 0.9395740740740741 0.5563333333333333 0.1175925925925926 0.15722916666666673