5 0.28894444444444445 0.49832812499999996 0.12020370370370373 0.10857291666666669
5 0.42937962962962967 0.5071041666666666 0.14216666666666664 0.131328125
5 0.5831018518518518 0.5292083333333334 0.1398518518518518 0.10271875000000001
5 0.7327777777777778 0.52465625 0.13175925925925921 0.1183229166666667
5 0.9044074074074074 0.5464375 0.15834259259259248 0.12547395833333333
8 0.29183333333333333 0.6585833333333333 0.0728148148148148 0.08581770833333333
8 0.37678703703703703 0.6764635416666667 0.07859259259259259 0.0747656250000001
3 0.47387962962962965 0.6774375 0.0809074074074074 0.08841666666666655
3 0.5663425925925926 0.684265625 0.08552777777777788 0.08516666666666665
3 0.6530277777777778 0.6972708333333333 0.0785925925925927 0.08386979166666678
2 0.7385555555555555 0.7167708333333334 0.06935185185185194 0.060463541666666745
2 0.807324074074074 0.721 0.0635648148148149 0.06631250000000008
2 0.8801388888888888 0.7274999999999999 0.06819444444444453 0.06761458333333342
2 0.9581574074074074 0.7375781250000001 0.0739722222222222 0.0643645833333333
18 0.09708333333333333 0.41185937499999997 0.1595 0.12157291666666671
18 0.07592592592592592 0.23177083333333334 0.15185185185185185 0.140625