25 0.3543888888888889 0.157796875 0.10365740740740745 0.10859895833333333
25 0.2390648148148148 0.15379166666666666 0.10625 0.11151562500000001
32 0.4632314814814815 0.16654687499999998 0.10106481481481479 0.09547916666666664
32 0.5652777777777778 0.170734375 0.10042592592592596 0.094390625
32 0.663425925925926 0.172921875 0.08811111111111118 0.09584374999999999
32 0.5413055555555556 0.0861875 0.09005555555555554 0.0710625
32 0.4473611111111111 0.08108854166666667 0.09135185185185188 0.06960416666666666
11 0.7628796296296296 0.16764062500000002 0.10171296296296288 0.10859895833333333
20 0.9436388888888889 0.2986510416666667 0.07450925925925929 0.07908333333333332
20 0.8629722222222223 0.2997447916666667 0.07645370370370365 0.0768958333333333
20 0.7803703703703704 0.2940989583333333 0.07710185185185184 0.08381770833333337
29 0.6844814814814815 0.293734375 0.07580555555555546 0.08527604166666668
29 0.6060925925925926 0.29883333333333334 0.07580555555555567 0.08163541666666667
29 0.5183055555555556 0.29027083333333337 0.08033333333333333 0.08855729166666665
29 0.42274074074074075 0.28553125 0.09005555555555554 0.09366145833333332
29 0.3271759259259259 0.29336979166666666 0.08811111111111108 0.08163541666666667
24 0.24943518518518518 0.287171875 0.05830555555555558 0.08965104166666664
33 0.5932129629629629 0.3911979166666667 0.0769351851851851 0.05276562499999997
33 0.6681296296296296 0.3940416666666666 0.06883333333333326 0.05618229166666661
33 0.511888888888889 0.39765104166666665 0.07490740740740749 0.04669270833333338
33 0.421462962962963 0.3936614583333334 0.07625925925925928 0.05694270833333329
33 0.33946296296296297 0.3997395833333333 0.07963888888888888 0.045552083333333354
11 0.7521481481481482 0.3911979166666667 0.08705555555555554 0.05808333333333333
15 0.8392037037037038 0.40486458333333336 0.08300925925925934 0.06415625000000004
16 0.9239074074074074 0.4029635416666667 0.0809814814814814 0.06567187499999996
16 0.9100740740740739 0.491796875 0.08030555555555546 0.06643229166666664
16 0.8267222222222222 0.4923645833333333 0.08098148148148152 0.0660520833333333
16 0.8942129629629629 0.5832812500000001 0.07828703703703699 0.04972916666666668
19 0.8088425925925925 0.5772083333333333 0.08030555555555557 0.06870833333333337
19 0.7244814814814815 0.5770208333333334 0.08165740740740746 0.06681250000000011
32 0.7440462962962964 0.49217187500000004 0.07356481481481486 0.06795312500000002
32 0.6650925925925926 0.49558854166666666 0.07896296296296294 0.06567187499999996
32 0.5810648148148148 0.49558854166666666 0.08098148148148152 0.06643229166666664
32 0.49300000000000005 0.497109375 0.0830092592592593 0.06870833333333337
28 0.4076203703703704 0.49672916666666667 0.07963888888888888 0.06719270833333332
28 0.31010185185185185 0.4952083333333333 0.08300925925925924 0.07175
24 0.12755555555555556 0.486671875 0.049944444444444444 0.07288541666666669
24 0.06445370370370371 0.48818750000000005 0.05061111111111111 0.07060937499999996
24 0.1704074074074074 0.48249479166666664 0.038472222222222234 0.07668229166666668
7 0.19301851851851853 0.574359375 0.05399074074074074 0.06757291666666655
7 0.1346388888888889 0.57796875 0.05196296296296297 0.06567187500000007
7 0.07794444444444446 0.5848020833333333 0.05331481481481481 0.05200520833333329
32 0.24734259259259259 0.5899270833333333 0.05196296296296297 0.06377604166666657
32 0.30268518518518517 0.5891666666666667 0.04791666666666667 0.06453645833333325
32 0.3566759259259259 0.587265625 0.045212962962963 0.06301562499999988
32 0.40593518518518523 0.5848020833333333 0.043870370370370365 0.06263541666666678
35 0.6418055555555555 0.5787291666666667 0.07828703703703699 0.06415624999999991
35 0.5608240740740741 0.5825208333333334 0.07963888888888888 0.06415624999999991
35 0.4774722222222222 0.590875 0.08165740740740746 0.05048958333333336
26 0.4670092592592593 0.6612916666666667 0.03779629629629629 0.045552083333333354
30 0.35397222222222224 0.6656614583333333 0.03576851851851851 0.04745312500000007
30 0.3158425925925926 0.6666093750000001 0.03644444444444446 0.04934895833333333