1 0.1275462962962963 0.19921354166666666 0.15369444444444444 0.14629166666666668
1 0.29129629629629633 0.19679166666666661 0.15813888888888886 0.1592552083333333
1 0.4403796296296296 0.21082291666666667 0.14661111111111108 0.14058333333333337
1 0.6042685185185185 0.21004166666666665 0.14746296296296296 0.15187499999999998
1 0.7572777777777778 0.21892187499999996 0.1179722222222223 0.13906249999999998
1 0.823675925925926 0.4065572916666667 0.11912037037037046 0.13307291666666668
1 0.6926944444444445 0.4070989583333333 0.13365740740740734 0.13248437500000007
1 0.5559444444444444 0.40624479166666666 0.13129629629629624 0.12817187499999996
1 0.4060092592592593 0.41145312500000003 0.1305462962962963 0.1360625
1 0.26661111111111113 0.4041875 0.12609259259259256 0.12986458333333328
1 0.12628703703703703 0.4083333333333333 0.1421851851851852 0.13227083333333337
5 0.1015 0.5877291666666667 0.14729629629629634 0.11966145833333333
5 0.2500833333333333 0.5841197916666666 0.14287962962962966 0.12415104166666661
5 0.39496296296296296 0.5807187500000001 0.12191666666666663 0.12259375000000006
5 0.5291388888888889 0.58128125 0.12371296296296302 0.11888020833333333
4 0.12531481481481482 0.7426979166666666 0.1279351851851852 0.09936458333333344
4 0.26099074074074075 0.7366927083333333 0.12470370370370373 0.09534374999999998
4 0.4040648148148148 0.7332239583333333 0.12126851851851854 0.09717708333333329
4 0.5323148148148148 0.7284479166666666 0.12049074074074069 0.09427604166666678
4 0.7866296296296296 0.7250885416666667 0.10239814814814807 0.0895416666666667
4 0.6666296296296297 0.7342239583333333 0.1245462962962963 0.08092708333333339
3 0.09834259259259259 0.8691093750000001 0.07342592592592591 0.08945833333333345
3 0.1869074074074074 0.8727239583333334 0.08319444444444446 0.10056770833333341
3 0.27399074074074076 0.8665364583333334 0.08403703703703704 0.0903020833333334
3 0.3580462962962963 0.863546875 0.08022222222222221 0.09197395833333341
3 0.44757407407407407 0.8594322916666666 0.07843518518518522 0.08715104166666662
3 0.5257499999999999 0.8598802083333333 0.0695277777777777 0.09092187500000008
8 0.6069907407407407 0.8558229166666667 0.07979629629629635 0.08686458333333344
8 0.6919444444444444 0.8511770833333333 0.07996296296296287 0.0864843750000001
8 0.7658240740740742 0.8485572916666667 0.06334259259259267 0.08179166666666665
10 0.6644722222222222 0.5774635416666667 0.1202129629629629 0.1191145833333333
10 0.7978796296296297 0.5823020833333333 0.11880555555555551 0.11399479166666661
7 0.8408240740740741 0.8480000000000001 0.07576851851851846 0.08886458333333327
1 0.9037407407407407 0.218109375 0.13075000000000003 0.13979166666666668
1 0.9495370370370371 0.4109375 0.10092592592592593 0.13645833333333332
10 0.9271944444444445 0.5754427083333333 0.10379629629629632 0.10442187499999994
7 0.9102314814814815 0.8426770833333334 0.06387962962962963 0.07859895833333326
7 0.9765740740740741 0.8379010416666667 0.04685185185185177 0.0780364583333333
2 0.375 0.9723958333333333 0.06666666666666667 0.05520833333333333
2 0.30191666666666667 0.974671875 0.06487037037037043 0.05065625000000011
2 0.23055555555555557 0.9763541666666666 0.06587037037037036 0.047286458333333316
2 0.16527777777777777 0.9778645833333334 0.06388888888888888 0.044270833333333336
2 0.09381481481481481 0.9788802083333333 0.06587037037037036 0.042234375000000074
9 0.9212129629629631 0.7301145833333333 0.11577777777777785 0.08589583333333337