11 0.2594722222222222 0.238375 0.18470370370370373 0.20216145833333332
20 0.6827777777777777 0.49067187500000004 0.16254629629629624 0.1332604166666666
20 0.5149074074074075 0.471609375 0.1625555555555555 0.16078124999999996
20 0.3575185185185185 0.48515104166666667 0.14056481481481475 0.12757812499999996
29 0.22525925925925924 0.467890625 0.11804629629629627 0.15831770833333333
29 0.09310185185185185 0.46231250000000007 0.12908333333333333 0.15510937500000002
33 0.07812037037037037 0.6369375 0.1168148148148148 0.10160416666666663
15 0.33246296296296296 0.6424895833333333 0.14840740740740738 0.10068229166666663
18 0.6737314814814814 0.6731302083333334 0.17035185185185187 0.12726041666666674
18 0.6731759259259259 0.8334791666666667 0.16570370370370374 0.1166354166666667
18 0.5171666666666667 0.8302760416666667 0.15245370370370373 0.11278645833333342
32 0.3553055555555556 0.8125520833333333 0.1437314814814815 0.11591145833333343
32 0.20974074074074076 0.808515625 0.13837037037037037 0.11184374999999988
1 0.8757037037037037 0.7268489583333333 0.17254629629629623 0.16662500000000005
4 0.8439722222222222 0.9182239583333334 0.13982407407407407 0.11785416666666677
35 0.22275925925925927 0.9430989583333333 0.12030555555555557 0.09122395833333338
19 0.3603888888888889 0.9504114583333333 0.1481759259259259 0.09219791666666666
33 0.19600925925925924 0.6399843749999999 0.10848148148148146 0.09240104166666659
32 0.06846296296296296 0.8019322916666667 0.13692592592592592 0.1054843750000001
35 0.09710185185185186 0.9348281249999999 0.12462962962962965 0.08707812500000003
15 0.4975185185185186 0.678921875 0.1545740740740741 0.10802083333333339