6 0.42226851851851854 0.9313802083333333 0.08398148148148152 0.0588229166666667
6 0.5117870370370371 0.9189010416666666 0.07922222222222217 0.05704166666666666
6 0.5949722222222222 0.9068697916666667 0.07447222222222229 0.061499999999999964
6 0.6781574074074074 0.901078125 0.07288888888888892 0.05704166666666666
6 0.7565925925925926 0.889046875 0.07130555555555555 0.05258333333333335
2 0.30660185185185185 0.937171875 0.05545370370370369 0.07041145833333336
2 0.23609259259259258 0.942078125 0.06971296296296298 0.06417187500000002
2 0.1616203703703704 0.9514322916666667 0.06021296296296294 0.05793229166666668
2 0.025925925925925925 0.965625 0.05185185185185185 0.06875
2 0.08793518518518519 0.9603489583333332 0.06812962962962961 0.0721927083333334
3 0.03248148148148148 0.7571354166666667 0.06496296296296296 0.10071354166666661
3 0.11487962962962962 0.75134375 0.08398148148148148 0.0962552083333333
3 0.21707407407407406 0.743765625 0.0887314814814815 0.09002083333333341
8 0.3089722222222222 0.7393125 0.06971296296296293 0.09893229166666657
8 0.38978703703703704 0.7290625 0.07605555555555554 0.08912499999999994
8 0.4753425925925926 0.7281718749999999 0.06654629629629635 0.08556250000000011
8 0.5498148148148148 0.722375 0.0665462962962962 0.08110416666666656
8 0.6274537037037037 0.7210416666666667 0.06654629629629641 0.0873437499999999
8 0.6963796296296296 0.712125 0.06179629629629631 0.08021354166666654
8 0.7613425925925926 0.705890625 0.05862962962962957 0.08199479166666658
4 0.7082685185185185 0.5677395833333333 0.10140740740740739 0.06595312500000006
4 0.5791296296296297 0.5779895833333334 0.0966574074074075 0.05615104166666664
4 0.45633333333333326 0.5721979166666666 0.11408333333333331 0.062390624999999984
4 0.32799074074074075 0.579328125 0.11725 0.05704166666666666
4 0.17984259259259258 0.58021875 0.1315092592592593 0.06417187500000002
4 0.04912037037037037 0.5842291666666667 0.09824074074074074 0.06506250000000004
5 0.4040462962962963 0.4041927083333333 0.11091666666666664 0.06863020833333332
5 0.27094444444444443 0.39929166666666666 0.12675925925925924 0.07130208333333338
5 0.1449814814814815 0.39929166666666666 0.1283425925925926 0.07130208333333338
5 0.12121296296296295 0.332890625 0.1188333333333333 0.06684374999999995
5 0.24797222222222223 0.3355625 0.1125 0.06328125
5 0.3691851851851852 0.34225 0.09824074074074077 0.0588229166666667
1 0.17746296296296293 0.06729166666666667 0.1426018518518518 0.11675520833333332
1 0.32640740740740737 0.07531249999999999 0.11725 0.127453125
1 0.0459537037037037 0.058380208333333336 0.09189814814814815 0.11141145833333335
0 0.43573148148148144 0.0650625 0.08556481481481479 0.105171875
0 0.5315925925925926 0.089125 0.08714814814814825 0.13903645833333336
0 0.624287037037037 0.10294270833333334 0.08556481481481489 0.131015625
0 0.7090555555555556 0.11497395833333333 0.0776388888888888 0.1265625