5 0.6990740740740741 0.3246510416666667 0.18826851851851845 0.11805729166666667
5 0.6311759259259259 0.20139062500000002 0.21913888888888897 0.13194270833333335
5 0.42592592592592593 0.322046875 0.2037037037037037 0.13020833333333334
5 0.19599074074074072 0.3055572916666666 0.23148148148148145 0.1631927083333333
5 0.1712962962962963 0.17014062500000002 0.23765740740740748 0.125
5 0.4012314814814814 0.17534895833333333 0.1666666666666666 0.138890625
3 0.3186759259259259 0.8294270833333334 0.10956481481481485 0.11892187499999997
3 0.18055555555555555 0.8372395833333334 0.10185185185185185 0.12066145833333337
3 0.45601851851851855 0.8155364583333333 0.10030555555555554 0.11371354166666663
2 0.0771574074074074 0.859375 0.10185185185185183 0.0850677083333333
9 0.6381203703703703 0.59765625 0.18055555555555555 0.10677083333333333
9 0.43826851851851845 0.6011302083333334 0.17592592592592587 0.0928802083333333
9 0.21836111111111112 0.6080729166666666 0.19289814814814812 0.1015625
29 0.9064814814814814 0.3020833333333333 0.18703703703703703 0.165625
32 0.8595648148148148 0.588109375 0.11419444444444438 0.09808854166666663
30 0.7029351851851852 0.8485260416666667 0.06636111111111118 0.09808854166666663