9 0.8134907407407408 0.838171875 0.140212962962963 0.0766354166666666
9 0.6587314814814814 0.8307291666666666 0.1349166666666667 0.07068229166666669
9 0.5046296296296297 0.8121302083333333 0.11243518518518525 0.08407812499999992
9 0.36971296296296297 0.8095260416666666 0.11772222222222221 0.07440625000000006
9 0.21891666666666668 0.7931562499999999 0.13095370370370368 0.08184374999999994
5 0.3015833333333333 0.6253697916666667 0.15343518518518523 0.0796145833333334
5 0.4761944444444444 0.6175572916666667 0.15608333333333327 0.11607291666666673
5 0.6435185185185185 0.6343020833333333 0.15475925925925915 0.09300520833333342
5 0.8386203703703704 0.6395104166666666 0.14549999999999988 0.10193229166666669
5 0.8333333333333334 0.5379479166666666 0.1507962962962964 0.08184374999999994
5 0.6534351851851852 0.5226927083333334 0.14549999999999988 0.12128124999999995
5 0.48213888888888895 0.49776562500000004 0.1415370370370371 0.11160937499999998
5 0.31084259259259256 0.5223229166666667 0.13756481481481486 0.1145833333333334