29 0.22187962962962962 0.29226041666666663 0.14115740740740743 0.1659479166666667
20 0.4105555555555555 0.30077604166666666 0.14077777777777775 0.16467187500000005
20 0.5737592592592592 0.30169270833333334 0.143712962962963 0.16195312500000003
20 0.7404074074074074 0.2927135416666667 0.14095370370370372 0.1595364583333333
15 0.3780462962962963 0.4892864583333333 0.17513888888888887 0.11955729166666665
15 0.5609166666666666 0.5148020833333333 0.1507407407407407 0.11209375000000002
18 0.713462962962963 0.5032239583333333 0.14971296296296302 0.12393750000000002
18 0.704925925925926 0.6567291666666667 0.13266666666666665 0.10874479166666665
18 0.5442962962962963 0.66825 0.14885185185185185 0.11947916666666672
19 0.5439259259259259 0.8224479166666666 0.1482129629629629 0.10673437499999991
19 0.3869444444444444 0.8416145833333334 0.15221296296296294 0.12007291666666665
16 0.6894629629629629 0.8301875 0.1284722222222222 0.06902604166666677
35 0.05815740740740741 0.8743177083333333 0.11631481481481482 0.11321875000000006
32 0.20869444444444443 0.691546875 0.15664814814814818 0.1261562499999999
32 0.060898148148148146 0.7101666666666666 0.12179629629629629 0.13358854166666656
1 0.8636481481481482 0.53759375 0.14035185185185178 0.15830208333333337
33 0.19766666666666666 0.5005260416666667 0.12866666666666665 0.11245312499999999
5 0.8402592592592593 0.7194427083333333 0.09147222222222219 0.11132291666666655
1 0.8846481481481481 0.41061458333333334 0.1128425925925927 0.07979687500000002
5 0.9450833333333334 0.7151979166666667 0.0779074074074074 0.10518750000000002
3 0.9670370370370371 0.8679635416666667 0.06592592592592586 0.08118229166666661
8 0.8818703703703703 0.8692604166666666 0.06147222222222232 0.07516666666666676
29 0.0695925925925926 0.28606770833333334 0.1391851851851852 0.17977083333333338
33 0.05968518518518518 0.5060729166666667 0.11937037037037036 0.112765625
32 0.38886111111111116 0.6852708333333334 0.1451203703703704 0.11928645833333344
35 0.22365740740740742 0.8540833333333333 0.1624074074074074 0.11033854166666662
11 0.3249166666666667 0.06897916666666666 0.22199074074074074 0.137953125