24 0.21893518518518518 0.21488020833333335 0.17838888888888885 0.24934375000000003
24 0.4018333333333334 0.22298958333333332 0.16217592592592595 0.24123437500000003
24 0.5649074074074074 0.23363541666666665 0.13154629629629624 0.22805729166666666
25 0.7919537037037037 0.22856770833333334 0.23245370370370366 0.2381927083333333
33 0.7034537037037037 0.49656249999999996 0.18712962962962953 0.13936979166666663
33 0.889712962962963 0.4975364583333333 0.1507407407407407 0.1101302083333333
29 0.8013425925925927 0.727546875 0.17846296296296296 0.1062343749999999
29 0.6211481481481482 0.722671875 0.15420370370370368 0.1510625
29 0.45828703703703705 0.7387552083333334 0.13687962962962966 0.17153125000000008
31 0.9132037037037037 0.9039583333333333 0.08502777777777772 0.11287499999999989
31 0.8208055555555556 0.9148020833333333 0.08842592592592592 0.1141510416666667
31 0.7306759259259259 0.9310625 0.07142592592592602 0.1211666666666666
29 0.23407407407407407 0.7755364583333333 0.21964814814814818 0.11366666666666679