11 0.252 0.16536979166666665 0.18969444444444444 0.2146822916666667
29 0.0625 0.39739583333333334 0.125 0.16354166666666667
29 0.18860185185185185 0.4002864583333333 0.12153703703703703 0.15846875
20 0.32933333333333337 0.4291875 0.1437314814814815 0.13814583333333333
20 0.4859537037037037 0.4177239583333333 0.16376851851851856 0.188140625
20 0.660787037037037 0.45088020833333337 0.15849074074074082 0.15723437499999993
33 0.054333333333333324 0.5765833333333333 0.1086574074074074 0.09439583333333328
33 0.1673148148148148 0.59465625 0.09747222222222221 0.10971874999999992
15 0.2958425925925926 0.6021197916666666 0.14774999999999996 0.11769791666666668
15 0.45787037037037037 0.6457760416666667 0.15698148148148144 0.1199375000000001
15 0.6396388888888889 0.6587083333333333 0.17484259259259252 0.14406249999999995
1 0.8547407407407407 0.72553125 0.22233333333333344 0.19784895833333327
32 0.1496388888888889 0.760796875 0.13653703703703707 0.1138281250000001
32 0.2946944444444444 0.7830416666666667 0.14175925925925928 0.12719791666666655
18 0.4496574074074074 0.8102447916666667 0.15259259259259256 0.127203125
18 0.6143148148148149 0.8258697916666667 0.17218518518518522 0.12786458333333334
4 0.79025 0.926390625 0.1720185185185185 0.12882812499999996