5 0.18278703703703703 0.20423958333333334 0.16164814814814812 0.1384895833333333
5 0.37365740740740744 0.17626041666666667 0.15543518518518518 0.12729687499999998
5 0.5564444444444445 0.2031875 0.14300000000000004 0.13079687499999998
5 0.7504259259259259 0.21332812499999998 0.1529444444444445 0.09512499999999999
5 0.9233981481481481 0.21332812499999995 0.15320370370370373 0.1091145833333333
5 0.9209074074074075 0.3213958333333334 0.15817592592592597 0.10561458333333332
5 0.7516666666666666 0.317546875 0.14797222222222217 0.1049166666666667
5 0.5583148148148148 0.3168489583333333 0.15170370370370362 0.0909270833333333
5 0.3860925925925926 0.3021614583333333 0.15543518518518518 0.11890624999999998
5 0.19646296296296298 0.31719791666666663 0.16413888888888886 0.08183333333333327
9 0.12683333333333333 0.49170833333333336 0.12434259259259262 0.08533333333333329
9 0.28102777777777777 0.49922395833333333 0.12425925925925928 0.07192708333333328
9 0.42370370370370375 0.49861458333333336 0.12209259259259256 0.07883333333333328
9 0.5707222222222222 0.5093802083333333 0.1257037037037037 0.0686770833333334
9 0.8712500000000001 0.5185260416666667 0.1257037037037037 0.06989583333333335
9 0.7238796296296296 0.5120208333333334 0.1300370370370371 0.06908333333333339
3 0.6570462962962963 0.654453125 0.06574074074074074 0.07355208333333323
3 0.747712962962963 0.6583125 0.06935185185185194 0.07558333333333328
3 0.8513888888888889 0.6589218750000001 0.07440740740740731 0.06948958333333337
2 0.5887777777777777 0.6652239583333334 0.05924074074074076 0.053640624999999886
2 0.5122037037037036 0.6603489583333333 0.05057407407407397 0.05689062500000001
2 0.4544074074074074 0.65790625 0.05490740740740736 0.053640624999999886
2 0.38866666666666666 0.65790625 0.06212962962962965 0.05201562499999994
2 0.31787037037037036 0.6577031249999999 0.05924074074074076 0.049984374999999893
2 0.2539351851851852 0.653234375 0.05418518518518517 0.056484374999999906
2 0.1766296296296296 0.653234375 0.05418518518518517 0.051609375000000075
2 0.09355555555555557 0.6568906250000001 0.06285185185185187 0.060546875
6 0.12281481481481481 0.7970885416666668 0.07946296296296296 0.04104166666666676
6 0.20191666666666666 0.7964791666666666 0.07151851851851852 0.031697916666666735
6 0.28102777777777777 0.7983072916666667 0.07512962962962962 0.044291666666666646
6 0.3633796296296296 0.7995260416666666 0.06501851851851854 0.04673437500000001
6 0.44068518518518524 0.8001354166666667 0.07801851851851856 0.0422604166666666
6 0.7058148148148148 0.8123281250000001 0.07079629629629633 0.04307291666666657
6 0.6220092592592592 0.809484375 0.08091666666666676 0.041447916666666626
6 0.529537037037037 0.8078593749999999 0.08524999999999994 0.03738541666666677