11 0.3126481481481482 0.19308854166666667 0.13612037037037036 0.15095312499999997
20 0.6061018518518518 0.391609375 0.12728703703703706 0.11642187499999998
20 0.47578703703703706 0.3799635416666666 0.11787037037037033 0.1247864583333333
20 0.3663703703703704 0.38008333333333333 0.09800000000000003 0.10693229166666664
29 0.2810462962962963 0.3683802083333333 0.08209259259259256 0.10727604166666668
29 0.16800925925925925 0.3649895833333333 0.12732407407407406 0.12083854166666666
29 0.047722222222222214 0.36809895833333334 0.09543518518518518 0.09427604166666666
33 0.23884259259259258 0.4992708333333334 0.08210185185185184 0.0706041666666667
33 0.14777777777777779 0.4893125 0.08944444444444442 0.07561458333333336
33 0.05041666666666667 0.48573958333333334 0.09559259259259258 0.07077604166666672
32 0.33367592592592593 0.6449739583333333 0.10615740740740738 0.09675520833333333
32 0.22674999999999998 0.6348697916666667 0.10652777777777776 0.09015104166666674
32 0.12085185185185186 0.6191770833333333 0.09686111111111112 0.08889062500000004
32 0.034888888888888886 0.61315625 0.06977777777777777 0.09044791666666659
15 0.4522685185185185 0.5341822916666668 0.11330555555555556 0.08404687499999994
15 0.3338055555555555 0.505015625 0.10251851851851855 0.07825
18 0.578287037037037 0.541 0.12936111111111115 0.10136979166666672
18 0.5736203703703704 0.6629427083333332 0.12493518518518525 0.09913541666666674
18 0.45105555555555554 0.655203125 0.12234259259259253 0.09471354166666662
19 0.3206388888888889 0.7530989583333334 0.10686111111111109 0.09238541666666672
19 0.43266666666666664 0.7671979166666667 0.11117592592592587 0.09223958333333329
26 0.04188888888888889 0.8128541666666667 0.039685185185185184 0.055421874999999926
1 0.7193055555555555 0.5861302083333333 0.13228703703703715 0.13856770833333337
1 0.8662685185185186 0.5962083333333333 0.15190740740740735 0.14901041666666662
4 0.6968518518518518 0.74225 0.11760185185185185 0.10821354166666666
4 0.8093703703703704 0.7543958333333334 0.10506481481481485 0.10578124999999995
4 0.9367314814814814 0.7726197916666667 0.12653703703703711 0.09848437500000008
3 0.9675092592592593 0.9301145833333333 0.06498148148148143 0.08788541666666679
3 0.8980925925925927 0.9114895833333333 0.06680555555555565 0.08677083333333328
3 0.8214537037037036 0.9050833333333334 0.07887962962962967 0.07646875000000009
8 0.7390648148148149 0.89775 0.0720185185185185 0.06599479166666669
8 0.6627222222222222 0.8744166666666667 0.07277777777777769 0.08552604166666669
1 0.9303333333333333 0.18571354166666668 0.13933333333333334 0.12481249999999999