1 0.12137962962962966 0.2130625 0.23587962962962966 0.22081249999999997
1 0.34778703703703706 0.2387291666666667 0.18594444444444438 0.19466145833333334
1 0.5802222222222222 0.24308854166666669 0.1962777777777778 0.20144270833333333
3 0.8295833333333333 0.3015833333333333 0.07728703703703706 0.12362500000000004
3 0.9225648148148148 0.3029427083333333 0.09177777777777789 0.13448958333333336
3 0.7879259259259259 0.166078125 0.08814814814814818 0.12430208333333331
3 0.9014351851851852 0.17218750000000002 0.07849074074074072 0.11751041666666667
4 0.19039814814814815 0.5119166666666666 0.20836111111111108 0.14818749999999994
4 0.3891759259259259 0.5156197916666667 0.16525000000000004 0.14077604166666666
4 0.5705925925925927 0.520671875 0.15687037037037044 0.1441458333333334
9 0.762787037037037 0.5314479166666667 0.18201851851851844 0.14145312499999996
9 0.9304907407407407 0.53515625 0.13901851851851862 0.12730729166666663
6 0.40624074074074074 0.7702604166666667 0.10156481481481487 0.07843229166666674
6 0.4131296296296296 0.6906197916666666 0.09467592592592593 0.07407291666666656
2 0.3059722222222222 0.7668750000000001 0.08520370370370368 0.08617708333333335
2 0.21043518518518517 0.7668750000000001 0.08864814814814813 0.091015625
2 0.10930555555555556 0.7697760416666667 0.08950925925925925 0.08617708333333335