15 0.613574074074074 0.6530781250000001 0.13034259259259257 0.09720312500000006
15 0.4734629629629629 0.6429635416666667 0.13509259259259257 0.1005520833333333
18 0.7473611111111111 0.6364583333333333 0.12621296296296292 0.11574999999999988
18 0.7432222222222222 0.7665208333333333 0.11379629629629638 0.10384895833333327
32 0.34198148148148144 0.818984375 0.14101851851851857 0.11767708333333336
32 0.19908333333333333 0.8399427083333334 0.13730555555555551 0.12028125000000003
33 0.3292962962962963 0.6526562499999999 0.12943518518518515 0.10008854166666671
33 0.19481481481481483 0.6643645833333333 0.13219444444444448 0.09564583333333326
29 0.34883333333333333 0.4914739583333334 0.1390185185185185 0.15638020833333338
29 0.1969074074074074 0.4944635416666667 0.16011111111111112 0.15897916666666667
20 0.4916759259259259 0.49589583333333337 0.1325833333333334 0.12266666666666672
20 0.6287870370370371 0.48026562500000003 0.1360925925925926 0.13898958333333328
20 0.762898148148148 0.4781458333333333 0.118425925925926 0.11872916666666669
11 0.4410833333333333 0.27357291666666667 0.18587962962962962 0.18685416666666665
1 0.8771203703703704 0.6578072916666666 0.12109259259259257 0.13618750000000002
4 0.8536944444444444 0.8117812499999999 0.09549074074074085 0.10727604166666656
4 0.9531944444444445 0.8025677083333334 0.09360185185185188 0.10019791666666672
32 0.48375000000000007 0.8048697916666666 0.13196296296296295 0.10230208333333338
18 0.6197037037037036 0.78915625 0.12975925925925913 0.0873385416666667
32 0.06027777777777777 0.8538645833333334 0.12055555555555554 0.11867187499999995
33 0.06273148148148149 0.67765625 0.11856481481481483 0.08903125000000003
16 0.7340555555555556 0.90115625 0.11587962962962971 0.08593229166666679
19 0.6073518518518519 0.9119427083333334 0.12415740740740733 0.0903072916666666
19 0.47451851851851856 0.9346354166666667 0.12957407407407412 0.09233333333333343
35 0.3358981481481481 0.945890625 0.12067592592592596 0.08559895833333328
35 0.20123148148148146 0.962890625 0.1431574074074074 0.07421354166666655
8 0.8996111111111111 0.94403125 0.056407407407407475 0.07328645833333335