1 0.08898148148148148 0.16528125 0.17796296296296296 0.1640625
1 0.2637222222222222 0.170546875 0.16137037037037036 0.15910416666666669
1 0.4282685185185185 0.172609375 0.159462962962963 0.1645520833333333
1 0.5958796296296296 0.17564583333333333 0.1679907407407408 0.162359375
1 0.7725 0.17652083333333335 0.17145370370370377 0.16847916666666668
1 0.06997222222222221 0.38635937499999995 0.13994444444444443 0.13528125
1 0.22249074074074077 0.38222395833333334 0.148962962962963 0.14647395833333335
1 0.371962962962963 0.3813697916666667 0.14073148148148149 0.14233854166666665
1 0.5236018518518518 0.3847760416666667 0.14980555555555553 0.14428125
1 0.6743796296296297 0.38197916666666665 0.13120370370370374 0.1338229166666667
0 0.8023333333333333 0.37977083333333334 0.1149537037037038 0.14759374999999994
24 0.9146944444444446 0.38031770833333334 0.101425925925926 0.14169791666666665
5 0.06817592592592592 0.5673020833333333 0.13635185185185184 0.1130260416666666
10 0.21119444444444443 0.5598385416666667 0.13200925925925924 0.10688541666666662
10 0.3562685185185185 0.5674583333333333 0.13534259259259254 0.11553125000000003
10 0.49662962962962964 0.5725572916666667 0.13317592592592592 0.11585937499999996
10 0.6454814814814814 0.5795833333333333 0.14212037037037037 0.11234895833333335
10 0.7877037037037037 0.5769479166666667 0.13195370370370368 0.10708333333333328
29 0.9296388888888889 0.5661927083333332 0.14072222222222225 0.13385937499999995
4 0.08415740740740742 0.7270572916666667 0.1489074074074074 0.09473437499999994
4 0.2275925925925926 0.7306666666666667 0.13191666666666668 0.09417708333333343
4 0.36766666666666664 0.7294427083333334 0.13978703703703707 0.09395833333333338
9 0.5101111111111111 0.7348281249999999 0.13464814814814816 0.09251562500000006
9 0.6536388888888889 0.73 0.1356203703703704 0.09284895833333333
9 0.7945185185185185 0.733828125 0.13325000000000006 0.09717187500000009
27 0.9045185185185185 0.7344947916666666 0.06913888888888896 0.10516145833333326
27 0.9729537037037037 0.7370989583333334 0.0540833333333333 0.10926562499999998
3 0.09835185185185186 0.860671875 0.08299074074074074 0.0861510416666666
8 0.1804351851851852 0.8624010416666666 0.08073148148148147 0.08876562499999992
8 0.2641851851851852 0.8644375 0.07581481481481481 0.09115104166666654
8 0.3520462962962963 0.8640572916666667 0.08960185185185184 0.09292187499999992
7 0.44020370370370376 0.8607708333333334 0.08150000000000003 0.08634375000000011
7 0.524175925925926 0.8595885416666668 0.07850925925925922 0.08567187500000012
7 0.6098518518518519 0.8636354166666667 0.08344444444444456 0.08870312499999997
7 0.6968796296296296 0.8682760416666666 0.08207407407407416 0.0946041666666666
7 0.7812870370370371 0.8639739583333333 0.07696296296296286 0.08600520833333339
27 0.8557407407407408 0.8932760416666666 0.06693518518518515 0.11340104166666667
31 0.931675925925926 0.8945833333333333 0.07336111111111113 0.10673958333333336