1 0.08341666666666667 0.15614583333333334 0.1623703703703704 0.16649479166666664
1 0.24975925925925926 0.16696354166666666 0.16163888888888886 0.1477552083333333
1 0.4192037037037037 0.1635625 0.1624444444444445 0.16179166666666667
1 0.5891111111111111 0.17195833333333335 0.1456666666666666 0.155140625
1 0.7476111111111111 0.17275520833333333 0.1477592592592592 0.1593333333333333
1 0.9043148148148148 0.17430729166666667 0.15087962962962967 0.15332812499999998
1 0.9514814814814814 0.3783333333333333 0.09702777777777774 0.13938020833333328
1 0.823962962962963 0.37703125 0.13143518518518524 0.14198437499999994
1 0.6824444444444444 0.37873437499999996 0.12625925925925938 0.14147395833333326
1 0.5335925925925926 0.37743229166666664 0.14346296296296301 0.1440833333333334
1 0.38177777777777777 0.38018229166666667 0.1408611111111111 0.1443697916666667
1 0.23401851851851851 0.37862500000000004 0.15330555555555553 0.15038020833333335
1 0.07556481481481482 0.3795677083333333 0.15112962962962964 0.14704687499999997
5 0.07492592592592592 0.5609635416666666 0.1498425925925926 0.1321145833333333
5 0.2237962962962963 0.556765625 0.13516666666666668 0.1289322916666667
5 0.3677592592592593 0.5554947916666666 0.14060185185185187 0.11988541666666665
4 0.09758333333333334 0.7185052083333333 0.13282407407407407 0.10074479166666658
4 0.23704629629629628 0.7146354166666666 0.12925000000000003 0.09690624999999997
4 0.37663888888888886 0.7132968749999999 0.1305648148148148 0.09813541666666671
4 0.5131388888888889 0.7159010416666667 0.13034259259259257 0.09292708333333337
4 0.6390925925925927 0.7086979166666667 0.12289814814814816 0.09285416666666677
10 0.5044537037037037 0.555171875 0.1245462962962963 0.1205364583333333
10 0.6566481481481481 0.5574166666666667 0.11865740740740749 0.11460416666666665
10 0.7865925925925926 0.55759375 0.12383333333333334 0.10845312500000001
10 0.9254722222222223 0.5584270833333334 0.12141666666666677 0.10100000000000003
9 0.9155 0.7037760416666666 0.11305555555555546 0.08821875000000005
9 0.7844722222222222 0.706453125 0.11263888888888897 0.08576041666666659
3 0.03148148148148148 0.8541666666666666 0.06296296296296296 0.09375
3 0.1084537037037037 0.8523229166666667 0.08277777777777777 0.09355729166666672
3 0.19728703703703704 0.8479114583333334 0.07752777777777779 0.09514583333333325
3 0.28953703703703704 0.8436770833333332 0.086037037037037 0.09058854166666658
3 0.37322222222222223 0.841109375 0.07048148148148149 0.08414583333333331
8 0.4537592592592593 0.8395520833333333 0.07410185185185188 0.09015104166666674
8 0.5391851851851852 0.8358229166666666 0.07824074074074074 0.09181770833333332
8 0.6239074074074075 0.8337604166666667 0.07863888888888895 0.09159895833333327
7 0.7035462962962963 0.8298177083333333 0.07119444444444453 0.08501041666666656
7 0.7791944444444444 0.828046875 0.0742962962962963 0.08277083333333338
7 0.869574074074074 0.8275729166666667 0.08139814814814822 0.09094791666666661
7 0.9578518518518518 0.8261614583333333 0.08429629629629626 0.08942708333333324
2 0.21805555555555556 0.96484375 0.06759259259259259 0.0703125
2 0.14287037037037037 0.9672447916666667 0.0705648148148148 0.06550520833333333
2 0.06837962962962962 0.9675729166666667 0.06514814814814816 0.06485416666666666