1 0.30392592592592593 0.11497916666666666 0.11024999999999995 0.104828125
1 0.18197222222222223 0.11662499999999998 0.11415740740740743 0.09714062499999998
1 0.7093333333333334 0.467328125 0.10342592592592596 0.11580208333333329
1 0.5942037037037037 0.4552552083333333 0.09951851851851853 0.10153125000000003
1 0.4761388888888889 0.453609375 0.11123148148148153 0.10811979166666662
1 0.36198148148148146 0.45031770833333334 0.10537962962962968 0.104828125
1 0.25319444444444444 0.44345312499999995 0.09659259259259262 0.10427604166666668
1 0.13562037037037036 0.445375 0.10342592592592592 0.09933854166666668
1 0.19416666666666665 0.36140625 0.07805555555555557 0.05214062499999995
1 0.28246296296296297 0.36305208333333333 0.09074074074074075 0.05323437500000002
1 0.38491666666666663 0.36771875 0.10439814814814814 0.05597916666666668
1 0.49662962962962964 0.37128645833333335 0.09562037037037036 0.0554322916666667
1 0.615175925925926 0.37759375 0.10049999999999996 0.05268750000000004
1 0.7268981481481481 0.38308333333333333 0.08976851851851857 0.04939583333333329
1 0.7332407407407407 0.31722395833333333 0.10830555555555559 0.07464062499999997
1 0.6268888888888888 0.31064062499999995 0.09269444444444436 0.07573958333333337
1 0.508824074074074 0.31365625 0.09463888888888893 0.056531249999999984
1 0.41321296296296295 0.31064062499999995 0.08293518518518513 0.05378645833333332
1 0.3185648148148148 0.3089895833333333 0.09074074074074075 0.05049479166666669
1 0.22440740740740742 0.30625 0.08196296296296295 0.05378645833333332
4 0.4624814814814815 0.136109375 0.12293518518518518 0.06476041666666668
4 0.5956666666666667 0.1341875 0.12586111111111117 0.06311458333333335
0 0.7186018518518519 0.10839583333333333 0.09074074074074075 0.11799999999999998
0 0.8312962962962962 0.10372916666666666 0.10147222222222214 0.12183854166666667
0 0.9478425925925924 0.10400520833333333 0.10430555555555554 0.11690104166666665
3 0.9166666666666666 0.5008072916666666 0.04975925925925927 0.07628645833333329
3 0.8566666666666667 0.493125 0.05659259259259249 0.07628645833333335
3 0.7908055555555557 0.483796875 0.04780555555555566 0.07628645833333335
3 0.8342222222222223 0.414640625 0.04683333333333327 0.06970312499999996
3 0.9205740740740741 0.41958333333333336 0.04975925925925927 0.07409375
9 0.9332592592592592 0.6256666666666667 0.09854629629629635 0.0856197916666666
9 0.824462962962963 0.61990625 0.09366666666666675 0.0850677083333333
4 0.7132407407407407 0.6100260416666666 0.09562037037037036 0.07079687499999991
4 0.6102962962962963 0.60728125 0.08098148148148152 0.06640625
4 0.5068796296296296 0.5930104166666667 0.09659259259259254 0.07628645833333322
4 0.4151574074074074 0.58478125 0.07708333333333334 0.07299479166666671
4 0.3239351851851852 0.5820364583333333 0.08586111111111112 0.06860416666666656
4 0.23173148148148148 0.57215625 0.08488888888888889 0.08067708333333339
4 0.13903703703703704 0.5688645833333333 0.08878703703703703 0.07957812499999999
8 0.13854629629629628 0.6775312499999999 0.05463888888888888 0.05982291666666673
8 0.20538888888888887 0.6841197916666667 0.05171296296296298 0.05433333333333342
3 0.26246296296296295 0.6893333333333334 0.05268518518518516 0.06036979166666659
3 0.32539814814814816 0.6893333333333334 0.05561111111111117 0.06476041666666674
3 0.38100925925925927 0.6981145833333334 0.04780555555555555 0.06036979166666659
2 0.43760185185185185 0.7134791666666668 0.04390740740740737 0.04171354166666674
2 0.4805277777777778 0.71403125 0.0341481481481482 0.04171354166666674
2 0.5278518518518519 0.7162239583333334 0.04293518518518508 0.0428072916666667
2 0.5790740740740741 0.72528125 0.04195370370370365 0.0422604166666666
18 0.034638888888888886 0.41080208333333335 0.06732407407407405 0.08067708333333339
18 0.04049074074074074 0.5145312499999999 0.08098148148148147 0.07848437499999997
19 0.04586111111111111 0.60728125 0.08196296296296295 0.07518750000000006