36 0.9282407407407407 0.18072916666666666 0.14351851851851852 0.140625
24 0.7782777777777777 0.16403125 0.122 0.17246354166666666
24 0.6531851851851852 0.162203125 0.11351851851851844 0.17311458333333332
24 0.5266388888888889 0.16010937500000003 0.11875925925925924 0.17878125
24 0.4053425925925926 0.16109375 0.10825925925925922 0.17828645833333337
24 0.2840462962962963 0.15789583333333335 0.11525000000000002 0.17434895833333333
24 0.1620925925925926 0.15543229166666667 0.11435185185185186 0.1792708333333333
24 0.052175925925925924 0.15549479166666666 0.10435185185185185 0.17323958333333334
35 0.8945925925925926 0.41008333333333336 0.1694351851851852 0.1411197916666667
32 0.7261574074074074 0.4134895833333333 0.15240740740740732 0.12664062500000003
32 0.5624629629629629 0.411890625 0.16189814814814807 0.12344791666666666
28 0.3956296296296296 0.40140625 0.15187037037037035 0.13547916666666662
28 0.23002777777777778 0.39619270833333337 0.1670185185185185 0.13569791666666664
29 0.07160185185185185 0.37463541666666667 0.1432037037037037 0.17881249999999996
27 0.07915740740740741 0.5711822916666667 0.07951851851851853 0.12028125000000003
27 0.17132407407407407 0.5721458333333334 0.09018518518518522 0.12415104166666661
27 0.2636388888888889 0.575046875 0.08054629629629631 0.12415104166666661
27 0.35648148148148145 0.5736927083333333 0.09430555555555557 0.12917708333333333
31 0.45078703703703704 0.5673125 0.08175925925925921 0.10481250000000006
31 0.5364166666666667 0.5819114583333334 0.08107407407407402 0.11853645833333334
31 0.6274444444444445 0.580078125 0.08261111111111114 0.11873437499999996
31 0.71375 0.58375 0.08501851851851847 0.11254166666666662
36 0.8608240740740741 0.5967083333333334 0.16424999999999987 0.1075104166666667
27 0.06750925925925925 0.746578125 0.08743518518518519 0.12264062499999989
31 0.15453703703703706 0.7521145833333333 0.07913888888888887 0.11506770833333325
31 0.23344444444444445 0.75584375 0.06936111111111108 0.11630729166666663
25 0.3533425925925926 0.7468854166666666 0.1654814814814815 0.13050520833333343
25 0.5262037037037036 0.7513697916666667 0.16865740740740745 0.14288541666666674
36 0.6924444444444445 0.7766249999999999 0.14278703703703707 0.0996822916666666
36 0.8370555555555556 0.776578125 0.1386203703703704 0.09244791666666667
36 0.8224814814814815 0.9474166666666667 0.13300925925925935 0.105078125
26 0.06847222222222223 0.94003125 0.06116666666666667 0.0892916666666667
26 0.1360185185185185 0.942171875 0.06043518518518517 0.09356770833333337
26 0.20003703703703704 0.9429322916666667 0.06712962962962964 0.08592708333333335
26 0.2755462962962963 0.9439010416666667 0.06602777777777784 0.08888541666666659
26 0.34725925925925927 0.9453802083333334 0.06818518518518517 0.09081770833333327
26 0.4208703703703704 0.9504739583333334 0.068712962962963 0.08673958333333331
26 0.49077777777777776 0.9478229166666666 0.06362962962962966 0.08348437499999999
30 0.5609444444444445 0.9514635416666667 0.06476851851851856 0.08900000000000005
30 0.624 0.9545989583333333 0.05456481481481487 0.09080208333333341