24 0.44477777777777777 0.13103645833333336 0.13149074074074074 0.1692864583333333
24 0.2791944444444444 0.12693229166666667 0.12188888888888888 0.164
24 0.13225925925925927 0.12752083333333336 0.13825925925925925 0.16731770833333334
25 0.6439722222222223 0.125890625 0.25230555555555556 0.17983333333333332
25 0.5934814814814815 0.4095052083333333 0.2366018518518518 0.1701354166666667
25 0.337712962962963 0.40082812500000004 0.23836111111111116 0.15934375000000003
25 0.09468518518518518 0.40527604166666664 0.18159259259259258 0.16448437499999996
29 0.18695370370370373 0.6565416666666667 0.17487962962962966 0.14769270833333342
29 0.3772037037037037 0.661140625 0.18338888888888885 0.14192187500000011
29 0.5859351851851852 0.6659479166666666 0.18653703703703708 0.1473593749999999
29 0.7890925925925926 0.6722447916666667 0.1912407407407407 0.1405572916666666
7 0.04667592592592592 0.8966614583333333 0.09335185185185184 0.1391510416666667
28 0.18747222222222223 0.8894895833333333 0.17946296296296296 0.10925520833333333
28 0.3808240740740741 0.8941510416666667 0.18483333333333335 0.114703125
28 0.5799814814814814 0.9033489583333334 0.18370370370370379 0.10954166666666675
15 0.7750277777777778 0.923390625 0.20050925925925922 0.10102083333333335
15 0.9393796296296296 0.9307447916666667 0.12123148148148144 0.09807812499999997