0 0.3684537037037037 0.38076562500000005 0.15028703703703708 0.16157812500000002
0 0.5241944444444444 0.38280729166666666 0.1393796296296296 0.16157812500000002
0 0.6793333333333332 0.38723958333333336 0.1466574074074075 0.164984375
0 0.8435648148148148 0.3811041666666667 0.14301851851851854 0.15271354166666667
1 0.3684537037037037 0.8842447916666667 0.17695370370370372 0.1922552083333334
1 0.1896851851851852 0.86515625 0.14907407407407408 0.16771354166666677
3 0.5009722222222222 0.9076145833333332 0.07087962962962958 0.10506770833333334
3 0.598675925925926 0.9272812500000001 0.08237962962962965 0.12177083333333343
3 0.6900740740740741 0.9339895833333334 0.08424074074074075 0.1133697916666667
3 0.6696018518518518 0.806890625 0.0763703703703704 0.10451562500000004
3 0.5550462962962963 0.7971458333333333 0.08030555555555557 0.11159895833333332
1 0.38525 0.632265625 0.14797222222222228 0.10906770833333326
1 0.24383333333333332 0.6177083333333333 0.1115277777777778 0.10373958333333325
1 0.2256111111111111 0.7335416666666668 0.14505555555555558 0.08528645833333333
1 0.3735833333333334 0.7378489583333334 0.10861111111111107 0.09553645833333325