25 0.14026851851851851 0.22253645833333333 0.13635185185185184 0.11570312500000002
25 0.10471296296296297 0.11081770833333335 0.128962962962963 0.09341666666666669
11 0.6408611111111111 0.206109375 0.12374074074074083 0.12408854166666666
20 0.8633148148148148 0.34722916666666664 0.08726851851851852 0.09302604166666661
20 0.7699722222222223 0.35325520833333335 0.0900833333333333 0.08653645833333339
20 0.6735740740740741 0.352328125 0.08843518518518517 0.09951041666666664
29 0.5817777777777778 0.35733333333333334 0.08611111111111111 0.09283333333333334
29 0.48810185185185184 0.366 0.09156481481481485 0.08235937500000005
29 0.37736111111111115 0.3634479166666667 0.10737037037037041 0.09857812499999999
29 0.26357407407407407 0.36632291666666666 0.1055648148148148 0.1006197916666667
29 0.14838888888888888 0.37364583333333334 0.11083333333333333 0.1004270833333333
18 0.8626296296296296 0.46634375 0.08742592592592599 0.07787499999999999
18 0.8638703703703704 0.566546875 0.08190740740740744 0.07617708333333338
18 0.7763981481481481 0.5776510416666666 0.08438888888888899 0.07143749999999992
15 0.7677314814814815 0.47524479166666667 0.09339814814814826 0.07064062500000005
15 0.6676481481481481 0.46471875 0.09306481481481481 0.0680416666666666
33 0.572787037037037 0.4703541666666667 0.08373148148148155 0.06283854166666672
33 0.48076851851851854 0.475828125 0.08529629629629625 0.06580729166666661
33 0.38432407407407404 0.4897916666666667 0.09545370370370374 0.053505208333333346
33 0.28224074074074074 0.489140625 0.10039814814814813 0.06702604166666669
32 0.6815277777777777 0.5827708333333333 0.09159259259259266 0.07629166666666667
32 0.5860462962962962 0.5908385416666667 0.09062962962962952 0.08295312499999999
32 0.4879166666666667 0.5993645833333333 0.09202777777777782 0.08191666666666678
32 0.38739814814814816 0.6066041666666667 0.0962962962962963 0.08088020833333331
28 0.28123148148148147 0.61509375 0.1045925925925926 0.0814791666666667
28 0.17062037037037037 0.6238802083333332 0.10706481481481481 0.08268229166666667
1 0.9550925925925926 0.48880208333333336 0.08981481481481482 0.09427083333333333
4 0.9554629629629631 0.6065104166666667 0.07551851851851847 0.08053124999999994
16 0.865074074074074 0.6704375 0.08723148148148152 0.05789583333333326
19 0.7738333333333334 0.6722447916666667 0.08811111111111118 0.07558854166666672
19 0.6803703703703703 0.6810572916666667 0.09246296296296287 0.08046354166666655
35 0.4925555555555556 0.6992135416666667 0.08866666666666666 0.07570312499999995
35 0.3967037037037037 0.7238072916666667 0.09912037037037033 0.059916666666666646
31 0.3106759259259259 0.7195625 0.060638888888888895 0.07848958333333324
31 0.24512037037037038 0.7268072916666667 0.06037037037037039 0.08436979166666679
31 0.17754629629629629 0.7356145833333334 0.06301851851851852 0.0808437499999999
31 0.10731481481481482 0.740703125 0.0673148148148148 0.08005729166666668
7 0.034999999999999996 0.729546875 0.06999999999999999 0.07888541666666668
26 0.40394444444444444 0.805859375 0.045648148148148104 0.05320833333333326
30 0.2589259259259259 0.8222239583333334 0.048324074074074096 0.05795312499999999
30 0.21016666666666667 0.8277239583333333 0.044509259259259255 0.0578854166666666
35 0.5867314814814815 0.6925052083333333 0.08861111111111115 0.0757083333333334