33 0.5261759259259259 0.24881770833333333 0.1191388888888889 0.12285937499999997
33 0.4136574074074074 0.24912499999999999 0.0992777777777778 0.11851562500000004
33 0.3005925925925926 0.2413697916666667 0.1114166666666667 0.12409895833333336
33 0.17098148148148148 0.24136979166666664 0.11472222222222224 0.11913541666666665
33 0.0512962962962963 0.23671875 0.10258333333333335 0.12347916666666665
22 0.034194444444444444 0.5978437499999999 0.06838888888888889 0.10486458333333341
22 0.107 0.5959791666666666 0.06618518518518521 0.10361979166666657
22 0.18146296296296296 0.59753125 0.06949074074074076 0.10299999999999988
22 0.2592314814814815 0.5969114583333333 0.07060185185185185 0.10672395833333326
22 0.3336851851851852 0.5962916666666668 0.0694907407407407 0.10176041666666673
22 0.40925 0.6006354166666666 0.06618518518518521 0.10176041666666673
22 0.4798425925925926 0.59753125 0.06838888888888885 0.10052083333333334
22 0.5548611111111111 0.5990833333333333 0.07060185185185185 0.10238020833333342
22 0.628212962962963 0.5993958333333332 0.0694907407407407 0.10176041666666673
22 0.6977037037037037 0.5978437499999999 0.0650833333333333 0.10238020833333342
22 0.7771296296296296 0.599703125 0.07611111111111116 0.09865625000000004
22 0.8482777777777778 0.599703125 0.0529444444444445 0.10114062500000003
22 0.9177777777777778 0.6003229166666666 0.061777777777777695 0.10114062500000003