29 0.1287962962962963 0.26613020833333334 0.1827685185185185 0.2034583333333333
20 0.34855555555555556 0.26359375 0.18587037037037038 0.22056250000000002
20 0.5603703703703704 0.26917708333333334 0.17818518518518522 0.20494791666666667
20 0.7546018518518519 0.27307291666666667 0.16771296296296306 0.19156249999999997
15 0.302787037037037 0.5058802083333334 0.21742592592592588 0.14479687500000005
15 0.5255925925925926 0.5366354166666666 0.19613888888888886 0.14589583333333328
18 0.7352129629629629 0.5220520833333333 0.18209259259259267 0.15139062499999997
18 0.6958425925925926 0.6728906250000001 0.15728703703703695 0.1244479166666667
18 0.5229074074074074 0.693640625 0.15870370370370374 0.14256250000000012
19 0.5063055555555555 0.9119947916666666 0.1482129629629629 0.13073437499999987
19 0.32091666666666663 0.9341041666666666 0.18250925925925926 0.12930208333333346
32 0.10868518518518518 0.7602916666666667 0.21012037037037037 0.15428645833333335
1 0.9104444444444444 0.5472864583333333 0.1501944444444445 0.17583854166666674
33 0.09293518518518519 0.5203645833333334 0.18055555555555555 0.13858333333333336
5 0.8773888888888889 0.7787864583333334 0.1245462962962963 0.13415104166666675
1 0.9335833333333333 0.41372916666666665 0.1128425925925925 0.07979687500000002
32 0.32851851851851854 0.746140625 0.1935 0.14652604166666663
35 0.1337685185185185 0.9383645833333334 0.1640462962962963 0.12327083333333325