20 0.863324074074074 0.12284375 0.22521296296296286 0.23801041666666667
20 0.5877777777777777 0.11996354166666667 0.3019907407407408 0.23609375000000002
20 0.293462962962963 0.12380208333333333 0.2593425925925926 0.21689583333333332
20 0.07762962962962963 0.12140624999999998 0.14502777777777778 0.20058333333333334
15 0.22031481481481482 0.44392708333333336 0.2575648148148148 0.1658385416666667
15 0.4869351851851852 0.467875 0.2586296296296296 0.14428124999999994
15 0.7540833333333333 0.47595833333333337 0.25012037037037027 0.146078125
15 0.6753148148148148 0.8860572916666667 0.19476851851851842 0.10896354166666669
15 0.26501851851851854 0.8636041666666666 0.17029629629629625 0.09878124999999992
19 0.21733333333333332 0.6725729166666666 0.22843518518518516 0.1439114583333333
18 0.45687037037037037 0.7107552083333334 0.2323518518518518 0.11160416666666677
18 0.6977037037037037 0.7092864583333333 0.2284351851851852 0.1365729166666668