19 0.10925925925925926 0.09479166666666666 0.2111111111111111 0.18333333333333332
18 0.7216759259259259 0.33570833333333333 0.15607407407407403 0.1312708333333333
18 0.5559351851851851 0.33654166666666663 0.16648148148148145 0.12625520833333337
15 0.38425000000000004 0.343234375 0.1620277777777778 0.1295989583333333
15 0.21850925925925926 0.34490625 0.16648148148148145 0.1295989583333333
11 0.06614814814814815 0.331109375 0.1322962962962963 0.16890104166666664
33 0.846537037037037 0.5380520833333333 0.1620277777777778 0.1513385416666667
33 0.6689074074074074 0.5426510416666667 0.15459259259259261 0.14883333333333326
29 0.4957314814814815 0.5351250000000001 0.15905555555555553 0.17224479166666667
29 0.31289814814814815 0.5347083333333333 0.1620277777777778 0.17140624999999995
29 0.14789814814814814 0.5372135416666667 0.1560740740740741 0.16973437499999994
34 0.5158055555555556 0.7914010416666667 0.27648148148148155 0.11288020833333334
34 0.8138333333333334 0.7792760416666666 0.28391666666666676 0.11036979166666659