24 0.1508796296296296 0.20606770833333332 0.11859259259259262 0.16776041666666672
24 0.27358333333333335 0.21134895833333334 0.10802777777777776 0.17040104166666664
24 0.3933425925925926 0.21399479166666666 0.11037037037037041 0.16643749999999996
24 0.5131111111111111 0.21597395833333335 0.1150648148148148 0.16643750000000004
24 0.6381574074074075 0.22092708333333333 0.11624074074074071 0.16973958333333333
24 0.7602777777777778 0.22290625 0.1091944444444445 0.1670989583333333
36 0.9152777777777777 0.23854166666666668 0.16944444444444445 0.13854166666666667
35 0.8731111111111112 0.4571510416666667 0.15787962962962973 0.13926562499999992
29 0.06338888888888888 0.420484375 0.12677777777777777 0.18030208333333336
28 0.2122037037037037 0.4442552083333334 0.16525925925925927 0.13681250000000003
28 0.3804444444444444 0.445234375 0.1629537037037037 0.13143229166666662
32 0.5410370370370371 0.45792187500000003 0.14612037037037032 0.11968749999999997
32 0.700287037037037 0.46170833333333333 0.15217592592592585 0.12423437499999998
27 0.04861111111111111 0.6204322916666667 0.08967592592592592 0.12158854166666658
27 0.14489814814814816 0.6238802083333332 0.08400925925925927 0.11893750000000007
27 0.2359814814814815 0.6233489583333333 0.08684259259259258 0.12211979166666656
27 0.3282777777777778 0.6232500000000001 0.08722222222222227 0.12184895833333324
31 0.4239907407407408 0.6134114583333333 0.07455555555555554 0.105078125
31 0.5087962962962963 0.6297708333333334 0.0819351851851852 0.11659895833333328
31 0.5997407407407408 0.6313854166666667 0.08029629629629632 0.11797916666666666
31 0.686175925925926 0.6295416666666667 0.07783333333333328 0.12074479166666663
36 0.8357037037037036 0.6426770833333334 0.14420370370370372 0.1046145833333334
31 0.19458333333333333 0.8088177083333333 0.08111111111111108 0.11245312499999992
31 0.10691666666666666 0.8111197916666666 0.08438888888888887 0.10876562499999996
25 0.32219444444444445 0.8017083333333334 0.16205555555555554 0.13619270833333347
25 0.49389814814814814 0.8027916666666666 0.16205555555555554 0.14270833333333333
35 0.6609907407407407 0.8249114583333333 0.14688888888888899 0.09861458333333341
35 0.8092037037037038 0.8267083333333333 0.1358888888888889 0.09899479166666675