11 0.49350925925925926 0.13633854166666665 0.18787962962962965 0.21018229166666663
11 0.2897685185185185 0.1345 0.20084259259259257 0.20858333333333334
11 0.08935185185185185 0.13515625 0.1787037037037037 0.20989583333333334
11 0.1 0.36484375 0.2 0.1765625
16 0.8769907407407406 0.37815104166666663 0.17563888888888884 0.1476197916666667
16 0.880824074074074 0.15078125 0.1753981481481481 0.1576875
16 0.5833981481481482 0.6045104166666667 0.15725925925925918 0.11887500000000012
16 0.4097777777777778 0.6098541666666667 0.16651851851851854 0.12345312500000011
19 0.23295370370370372 0.6141614583333334 0.17330555555555557 0.1288697916666666
17 0.7252962962962963 0.783859375 0.13294444444444437 0.0923489583333333
17 0.5846944444444445 0.7896927083333334 0.1386203703703704 0.09887500000000007
12 0.4453888888888889 0.7900729166666667 0.13208333333333336 0.10255729166666659
15 0.14516666666666667 0.7863229166666666 0.15949074074074074 0.12005729166666654
11 0.6972222222222222 0.13177083333333334 0.19444444444444445 0.196875
11 0.29814814814814816 0.3697916666666667 0.18518518518518517 0.18125
18 0.06851851851851852 0.6182291666666667 0.13703703703703704 0.13229166666666667
12 0.3055555555555556 0.7973958333333333 0.13333333333333333 0.10104166666666667
33 0.8175925925925925 0.9421875 0.13148148148148148 0.115625
33 0.6722222222222223 0.9453125 0.13333333333333333 0.109375
29 0.525 0.9369791666666667 0.13148148148148148 0.12604166666666666
29 0.3731481481481482 0.9401041666666666 0.13518518518518519 0.11979166666666667
29 0.22685185185185186 0.9421875 0.14629629629629629 0.115625
29 0.07222222222222222 0.9447916666666667 0.14444444444444443 0.11041666666666666