29 0.5086666666666667 0.22550520833333335 0.16343518518518518 0.16406770833333334
29 0.3496666666666667 0.22975520833333332 0.15017592592592596 0.15205729166666668
29 0.18635185185185185 0.23481249999999998 0.16214814814814815 0.1401875
20 0.6702777777777778 0.23261458333333335 0.15325 0.153375
20 0.8301944444444445 0.23429687500000002 0.15011111111111122 0.14648958333333334
18 0.9368240740740741 0.42776041666666664 0.12634259259259253 0.11878124999999998
15 0.7861851851851852 0.4350104166666667 0.15063888888888893 0.09372916666666668
15 0.6270462962962964 0.3997083333333334 0.15014814814814822 0.0993072916666667
33 0.4850925925925926 0.40132291666666664 0.12669444444444444 0.09960416666666667
33 0.34705555555555556 0.4008072916666666 0.1371388888888889 0.09711458333333335
33 0.2077037037037037 0.41201562500000005 0.12671296296296297 0.0711822916666667
33 0.07449074074074075 0.4095260416666667 0.1337685185185185 0.06913020833333335
32 0.19053703703703703 0.563296875 0.14187037037037034 0.09682812499999999
32 0.3367777777777778 0.5666614583333334 0.14001851851851854 0.10942708333333329
32 0.4807962962962963 0.5693020833333333 0.1363425925925926 0.10591145833333329
32 0.6202685185185185 0.5668854166666667 0.13137962962962974 0.10546875
28 0.061462962962962955 0.56 0.11033333333333332 0.10342187500000002
31 0.09180555555555556 0.6889166666666667 0.07464814814814816 0.09020833333333324
19 0.6028148148148148 0.698921875 0.13143518518518524 0.09190104166666657
19 0.7405185185185185 0.7028020833333334 0.13511111111111118 0.09386979166666667
16 0.8887592592592592 0.7160208333333333 0.13718518518518527 0.07785937500000012
18 0.9203333333333333 0.5728593750000001 0.14609259259259266 0.10424999999999998
18 0.7676111111111111 0.5850624999999999 0.14475925925925917 0.09160416666666672