24 0.07824074074074074 0.19296875 0.15648148148148147 0.10989583333333333
24 0.07408333333333333 0.37424999999999997 0.14529629629629628 0.10600520833333332
11 0.41574074074074074 0.18854166666666666 0.16112037037037036 0.11976041666666667
11 0.5847685185185185 0.18894270833333332 0.16543518518518524 0.11571354166666664
11 0.7264722222222223 0.37465625 0.1524907407407408 0.11004687499999997
11 0.40351851851851855 0.3730364583333333 0.16255555555555562 0.1084322916666667
11 0.5682314814814815 0.3734375 0.14961111111111106 0.11085937499999995
15 0.25159259259259265 0.7108854166666667 0.1283240740740741 0.06386979166666672
15 0.38613888888888886 0.7115416666666667 0.13299074074074074 0.06430729166666656
15 0.43086111111111114 0.85 0.1213240740740741 0.07349479166666674
16 0.6567870370370371 0.7117604166666667 0.13454629629629625 0.06474479166666663
15 0.8329351851851853 0.849125 0.12287962962962966 0.07349479166666674
3 0.9328796296296297 0.8478125 0.06765740740740746 0.07611979166666671
33 0.9047222222222221 0.7050052083333332 0.10856481481481471 0.08006770833333335
33 0.7883148148148148 0.7046666666666667 0.10736111111111116 0.0821041666666666
31 0.31786111111111115 0.8580156250000001 0.06875925925925926 0.05903125000000008
31 0.24186111111111108 0.8549583333333334 0.06393518518518516 0.06785416666666677
31 0.16647222222222222 0.8539427083333333 0.06513888888888886 0.07260416666666672
29 0.3866203703703704 0.5431718750000001 0.12907407407407406 0.0997447916666666
29 0.2364351851851852 0.5458854166666666 0.13751851851851857 0.09431770833333335
29 0.10132407407407408 0.5448697916666667 0.12304629629629628 0.09635416666666667
28 0.12304629629629628 0.7070364583333333 0.1206296296296296 0.07328124999999991
27 0.0289537037037037 0.85665625 0.05789814814814815 0.06853124999999996
28 0.7466111111111111 0.19763020833333333 0.15264814814814806 0.09497916666666667
28 0.9018148148148148 0.19523437500000002 0.1424166666666666 0.09402083333333332
28 0.8826296296296297 0.3835104166666667 0.1466759259259259 0.0906614583333333
20 0.6549351851851852 0.550921875 0.11256481481481476 0.08010937499999997
20 0.5334166666666667 0.5573958333333333 0.11341666666666668 0.07099479166666664