21 0.1734074074074074 0.11499999999999999 0.07787037037037034 0.10322751322751321
21 0.08941666666666666 0.12405291005291007 0.07832407407407409 0.08822222222222224
39 0.02574074074074074 0.33615873015873016 0.05032407407407408 0.07338095238095241
38 0.16051851851851853 0.33334920634920634 0.07114814814814818 0.07304761904761901
29 0.8578333333333333 0.5984232804232804 0.13650925925925933 0.17019047619047617
29 0.7218981481481481 0.5810899470899471 0.12378703703703708 0.14808465608465615
28 0.4781388888888889 0.5693756613756613 0.0974166666666667 0.10732804232804229
27 0.21191666666666667 0.5454973544973545 0.05247222222222221 0.09259259259259259
27 0.16261111111111112 0.5370952380952381 0.039212962962962984 0.08765079365079369
32 0.5864351851851852 0.5916296296296296 0.118787037037037 0.109068783068783
23 0.40191666666666664 0.5672433862433862 0.04498148148148152 0.10049735449735453
23 0.3514629629629629 0.5595026455026455 0.04670370370370365 0.09885185185185182
8 0.08418518518518518 0.5255608465608466 0.048435185185185185 0.08501058201058205
20 0.07899999999999999 0.6715343915343915 0.0680462962962963 0.09687301587301594
20 0.6360277777777777 0.9422222222222222 0.06458333333333334 0.07941269841269849
18 0.4111388888888889 0.7522592592592593 0.07726851851851856 0.08105820105820097
18 0.5924907407407407 0.7960846560846561 0.09745370370370371 0.09951322751322747
15 0.49533333333333335 0.7748306878306879 0.08995370370370373 0.08929629629629629
2 0.2364166666666667 0.8315079365079365 0.02767592592592594 0.060301587301587196
2 0.2672685185185185 0.8427089947089947 0.03287037037037037 0.06886772486772479
2 0.30475 0.855068783068783 0.0374814814814815 0.0672169312169312
6 0.13608333333333333 0.818 0.04728703703703703 0.054370370370370485
6 0.08389814814814815 0.8021798941798941 0.044398148148148166 0.04184656084656092
26 0.46764814814814815 0.9091058201058201 0.04498148148148152 0.06392592592592601
26 0.3889444444444444 0.8774761904761905 0.030564814814814805 0.056015873015872956