0 0.09492592592592594 0.2308542713567839 0.11360185185185186 0.4617085427135678
0 0.5380648148148148 0.21889447236180906 0.10037962962962971 0.43495812395309874
8 0.19569444444444445 0.2688609715242881 0.08170370370370371 0.3800670016750418
3 0.2855648148148148 0.2744891122278057 0.09648148148148153 0.39695142378559467
2 0.4559722222222222 0.2991289782244556 0.059138888888888894 0.2885594639865997
7 0.37933333333333336 0.25619765494137353 0.08170370370370371 0.37725293132328314
10 0.6707314814814814 0.23648241206030152 0.13538888888888892 0.3800670016750418
5 0.8403611111111111 0.2083249581239531 0.14162037037037042 0.41385259631490784
27 0.14064814814814816 0.7987772194304857 0.07998148148148147 0.2923450586264656
23 0.2151944444444444 0.7790954773869346 0.06365740740740738 0.28249581239530996
17 0.572675925925926 0.7948408710217755 0.11589814814814822 0.23130653266331655
28 0.8319444444444445 0.7515242881072027 0.12514814814814823 0.3100670016750419