16 0.6535370370370371 0.7711425576519916 0.09390740740740748 0.09773060796645691
31 0.46511111111111114 0.7384171907756814 0.04538888888888892 0.07477987421383639
31 0.4183611111111111 0.7303616352201258 0.04132407407407407 0.0740146750524108
30 0.5118055555555555 0.8622536687631027 0.0411851851851852 0.056226415094339725
30 0.4721388888888889 0.8572798742138366 0.033314814814814776 0.05382599580712779
16 0.7417685185185185 0.06535115303983229 0.11412037037037037 0.12061320754716981
11 0.7493425925925925 0.24171907756813416 0.12339814814814813 0.14613207547169815
11 0.6275648148148149 0.24814989517819708 0.10553703703703705 0.14153563941299788
15 0.6611203703703704 0.6341457023060797 0.10135185185185189 0.10317085953878402
13 0.6314722222222222 0.8931184486373165 0.07396296296296306 0.07592243186582816
17 0.7114907407407407 0.9103878406708595 0.08100925925925927 0.0829035639412997
12 0.5742222222222222 0.8782389937106918 0.031972222222222194 0.0630974842767295
18 0.7691388888888888 0.6477410901467506 0.10437962962962964 0.1081236897274634
19 0.5625925925925926 0.7554402515723271 0.08259259259259263 0.09926624737945497
18 0.6310555555555555 0.08768867924528302 0.10163888888888888 0.11401467505241088
20 0.5331203703703703 0.10564465408805031 0.08315740740740736 0.1038993710691824