24 0.18165217391304347 0.15565104166666668 0.08023188405797103 0.13831249999999998
24 0.27399033816425117 0.159734375 0.09082125603864734 0.13015104166666666
24 0.36972946859903383 0.16564583333333335 0.08855072463768114 0.12810937500000003
24 0.4628212560386473 0.16891145833333335 0.08552657004830916 0.12484895833333336
25 0.5729468599033817 0.16830208333333332 0.12412560386473433 0.12688541666666667
36 0.8121256038647342 0.18278645833333332 0.10444444444444435 0.10607812499999998
36 0.6989661835748792 0.179109375 0.11277294685990341 0.10934375000000002
20 0.918463768115942 0.18074479166666665 0.08855072463768125 0.10771354166666665
20 0.9753140096618358 0.317421875 0.04937198067632841 0.09139062500000002
20 0.9112753623188405 0.3182395833333333 0.07114975845410637 0.0954739583333333
29 0.6493913043478261 0.32191145833333334 0.08779710144927548 0.10363020833333335
29 0.552512077294686 0.32333854166666665 0.1014202898550725 0.10485416666666664
29 0.4454202898550725 0.320078125 0.108231884057971 0.11709374999999997
29 0.32507246376811594 0.32415625 0.11579710144927538 0.1154635416666667
29 0.21911111111111115 0.32211458333333337 0.08552657004830919 0.12035937499999999
33 0.33756521739130435 0.4822552083333333 0.10747826086956523 0.09302604166666661
33 0.44428019323671497 0.47797395833333334 0.08779710144927537 0.09180208333333333
33 0.5441932367149759 0.4708333333333333 0.08628019323671493 0.08731249999999993
33 0.6365314009661835 0.46634375 0.08325603864734306 0.08731250000000006
33 0.721671497584541 0.4606302083333333 0.07342028985507247 0.08568229166666666
33 0.8155265700483092 0.45471354166666667 0.0961256038647343 0.08364062499999995
5 0.09498550724637682 0.50265625 0.13547826086956524 0.09955208333333339
4 0.10406763285024154 0.6576979166666667 0.13093719806763285 0.08894270833333333
27 0.20284057971014494 0.6399479166666667 0.062067632850241555 0.0991458333333334
27 0.26944927536231883 0.6319895833333333 0.060550724637681144 0.09465624999999989
27 0.34021256038647346 0.6248541666666667 0.0658454106280193 0.0950625
27 0.4068212560386473 0.6160781249999999 0.058280193236715024 0.0938385416666667
27 0.4703961352657005 0.6105729166666667 0.061304347826087 0.08935416666666664
27 0.5309468599033816 0.6038385416666666 0.053739130434782505 0.09057812499999993
31 0.9661449275362319 0.5626302083333333 0.044657004830917904 0.07425520833333336
31 0.9207342995169082 0.5669166666666666 0.043140096618357576 0.07466145833333329
15 0.8533719806763285 0.572015625 0.08400966183574883 0.08159895833333337
15 0.7606570048309178 0.5799739583333333 0.09233816425120767 0.08201041666666668
15 0.6637777777777778 0.590171875 0.09385507246376822 0.08935416666666664
37 0.9628019323671497 0.6986979166666667 0.07439613526570048 0.07864583333333333
36 0.8791014492753623 0.7115520833333334 0.08704347826086949 0.07996874999999998
36 0.790927536231884 0.7237916666666667 0.09082125603864734 0.08323437499999997
36 0.9597971014492753 0.8117135416666666 0.08040579710144931 0.07956249999999988
36 0.8734299516908213 0.8294635416666666 0.08779710144927526 0.0734375
15 0.7012367149758454 0.7435781250000001 0.08552657004830916 0.07140104166666675
15 0.6119323671497585 0.7564322916666666 0.09006763285024157 0.0783385416666666
12 0.5335942028985508 0.7621458333333333 0.04844444444444454 0.0750729166666666
12 0.4794782608695652 0.7715260416666666 0.05525603864734305 0.07098958333333343
26 0.3405893719806763 0.7821354166666666 0.04692753623188411 0.061197916666666664
26 0.26566183574879226 0.8113072916666667 0.05449275362318838 0.06160937499999998
3 0.1956521739130435 0.8058020833333334 0.07644444444444445 0.10363020833333322
3 0.10937198067632851 0.8190572916666666 0.08098550724637682 0.10811979166666674
3 0.03141062801932367 0.8306875 0.059797101449275365 0.1117916666666666
2 0.2573333333333333 0.9716458333333333 0.06357487922705313 0.056703124999999945