29 0.7966111111111112 0.07909714889123548 0.14130555555555546 0.15818901795142556
29 0.9381666666666667 0.07577085533262935 0.12366666666666662 0.14857972544878567
29 0.9307777777777778 0.25391763463569167 0.10111111111111105 0.13970960929250265
29 0.8115185185185185 0.26389651531151004 0.11408333333333337 0.14340549102428723
29 0.6864166666666667 0.27535374868004225 0.11278703703703699 0.1500580781414995
29 0.8821666666666667 0.418389651531151 0.09203703703703713 0.09905491024287218
29 0.7771574074074075 0.4328035902851109 0.09722222222222222 0.1057074973600845
28 0.6514166666666666 0.4538753959873284 0.14389814814814822 0.1138384371700105
25 0.5399259259259259 0.28939809926082366 0.16463888888888883 0.15449313621964095
28 0.6332685185185185 0.08094508975712777 0.1776018518518518 0.16188489968321015
26 0.2845462962962963 0.09240232312565998 0.11278703703703706 0.18184266103484692
26 0.3966851851851852 0.08944561774023231 0.09851851851851849 0.17592925026399153
26 0.4977962962962963 0.08759767687434002 0.07777777777777778 0.17519007391763464
31 0.15167592592592594 0.0957286166842661 0.1348240740740741 0.1914519535374868
31 0.44335185185185183 0.4830728616684266 0.07259259259259257 0.11901267159450896
31 0.526962962962963 0.466441393875396 0.0868518518518518 0.1123600844772967
11 0.22362037037037036 0.5170749736008449 0.19315740740740742 0.13083949313621968
11 0.2845462962962963 0.6708289334741288 0.1568611111111111 0.12344772967265044
11 0.4388148148148148 0.6408922914466737 0.14130555555555557 0.11679514255543824
11 0.5691018518518518 0.6083685322069694 0.12186111111111102 0.11383843717001063
11 0.7039166666666666 0.5847148891235481 0.12186111111111123 0.11088173178458283
11 0.8517037037037037 0.5569904963041183 0.1088888888888888 0.11309926082365367