34 0.8688409961685825 0.0819375 0.21315134099616856 0.10477083333333331
32 0.12204022988505747 0.059354166666666666 0.15159961685823758 0.11870312499999999
18 0.25924329501915705 0.41052083333333333 0.13947318007662837 0.11376041666666671
36 0.5317432950191571 0.42453645833333337 0.12052681992337164 0.09150000000000004
37 0.6632662835249042 0.4165 0.1273467432950192 0.09851041666666673
40 0.7837835249042145 0.42556770833333335 0.11067049808429115 0.08779166666666664
9 0.6886590038314176 0.573328125 0.10991379310344827 0.08572916666666662
10 0.5605555555555556 0.5665260416666666 0.12507662835249037 0.10015625000000003
4 0.43396551724137933 0.5784791666666667 0.10687739463601537 0.08037500000000009
5 0.2971455938697318 0.57003125 0.1227969348659004 0.10139583333333331
20 0.17433908045977012 0.56446875 0.09550766283524902 0.11829166666666661
22 0.36915708812260534 0.7215052083333333 0.0727681992337165 0.0985104166666666
3 0.29449233716475093 0.7188229166666668 0.07352490421455937 0.10551562500000007
31 0.44343869731800767 0.7198541666666666 0.06670498084291186 0.10263020833333343
23 0.516963601532567 0.7208854166666666 0.06974137931034477 0.09727083333333345
31 0.5923850574712645 0.7198541666666666 0.06746168582375485 0.0927395833333333
30 0.7246647509578543 0.7311875000000001 0.05609195402298845 0.06265104166666664
19 0.7341379310344828 0.8459791666666666 0.12204022988505756 0.0985104166666666
28 0.34338122605363985 0.8556666666666667 0.11673371647509578 0.09315104166666661
32 0.21754789272030653 0.8659687500000001 0.11522030651340995 0.09067708333333328
34 0.8087835249042146 0.9713333333333334 0.1943869731800767 0.0573333333333333
3 0.6604214559386974 0.960875 0.09409961685823756 0.07824479166666667