25 0.2708736349453978 0.20857407407407408 0.051294851794071755 0.10757407407407411
25 0.3344929797191888 0.1991388888888889 0.06591263650546021 0.11451851851851849
25 0.4077847113884555 0.19000925925925924 0.07792511700468022 0.11908333333333332
11 0.49346333853354135 0.17347222222222222 0.08463338533541341 0.13592592592592595
11 0.5903120124804992 0.15887037037037038 0.1005460218408737 0.1420462962962963
11 0.6060686427457098 0.332212962962963 0.10439937597503894 0.13264814814814813
29 0.3253666146645866 0.46339814814814817 0.0703432137285492 0.09618518518518523
29 0.4003276131045242 0.47562962962962957 0.07018720748829954 0.09069444444444448
29 0.4649765990639626 0.47737962962962965 0.05363494539781591 0.1091666666666667
15 0.5318720748829954 0.49851851851851847 0.07522620904836198 0.08985185185185182
13 0.47037441497659904 0.6083888888888889 0.056723868954758214 0.07849999999999997
18 0.40918876755070205 0.5884444444444444 0.06544461778471142 0.0823888888888889
15 0.4902340093603744 0.7446666666666667 0.06212168486739477 0.07383333333333335
15 0.5584555382215289 0.7620833333333333 0.0678783151326053 0.0811944444444445
21 0.6370514820592824 0.7837685185185186 0.0808112324492979 0.08433333333333326
21 0.7291419656786271 0.8096018518518519 0.10224648985959432 0.09939814814814807
39 0.8539937597503899 0.8473240740740741 0.10040561622464883 0.08703703703703704
39 0.3874726989079563 0.8441759259259259 0.06218408736349456 0.06335185185185192
39 0.4529485179407176 0.8654722222222223 0.064836193447738 0.07074074074074083
39 0.5194071762870515 0.8936296296296297 0.06700468018720757 0.07388888888888885