1 0.18407784986098238 0.20579166666666668 0.08117701575532904 0.09930729166666664
1 0.11703429101019462 0.20759375 0.04816496756255791 0.09321354166666668
29 0.3585912882298425 0.19010416666666666 0.08880444856348475 0.11157291666666667
33 0.4590917516218721 0.20156770833333332 0.10246524559777567 0.11025000000000003
33 0.5542910101946247 0.19644270833333335 0.08088044485634846 0.09723437499999997
32 0.44621872103799815 0.36146354166666667 0.07621872103799815 0.09042187500000007
31 0.38501390176088973 0.35564062500000004 0.04106580166821136 0.08460416666666669
31 0.3473586654309546 0.3537239583333333 0.03139944392956441 0.08028125000000005
36 0.5402965708989805 0.353890625 0.09764596848934189 0.1073177083333333
37 0.6551899907321594 0.36619270833333334 0.11405931417979605 0.12172916666666668
37 0.7798795180722892 0.37699479166666666 0.12084337349397578 0.09994791666666672
37 0.9139944392956442 0.39375520833333333 0.12986098239110277 0.1265989583333333
11 0.29550509731232627 0.46193229166666666 0.07931417979610754 0.09860937499999996
11 0.3755885078776645 0.47476041666666663 0.07544949026876735 0.10413020833333336
15 0.47012974976830396 0.494015625 0.07883225208526408 0.09548958333333335
15 0.5558109360518999 0.5095572916666666 0.08712696941612603 0.10062500000000002
14 0.6512048192771084 0.5219322916666668 0.06299351251158483 0.11106770833333339
14 0.7386746987951807 0.5343541666666667 0.0644949026876737 0.1110104166666666
21 0.6183503243744208 0.6603177083333333 0.08985171455050978 0.09516145833333335
21 0.7208248378127896 0.6866249999999999 0.10541241890639481 0.10294270833333338
21 0.8313160333642261 0.7143645833333333 0.10997219647822065 0.1060364583333334
21 0.9489898053753476 0.7409531250000001 0.10202038924930484 0.10860416666666665