31 0.5053706754530478 0.18781481481481482 0.12112026359143326 0.1738888888888889
30 0.6121746293245469 0.21535185185185185 0.07487644151565082 0.1188148148148148
25 0.2273640856672158 0.41399074074074077 0.21690280065897852 0.196787037037037
25 0.4536243822075783 0.4146111111111111 0.20919275123558487 0.19554629629629636
29 0.8626523887973641 0.420175925925926 0.19708401976935738 0.18193518518518526
3 0.04817133443163097 0.6090555555555556 0.09634266886326194 0.12171296296296301
39 0.4787314662273476 0.6186388888888888 0.16113673805601322 0.10925925925925926
15 0.6458484349258649 0.62175 0.14749588138385497 0.10686111111111118
15 0.8057001647446459 0.6224722222222222 0.14663920922570026 0.10829629629629633
35 0.14678747940691927 0.7691296296296296 0.16235584843492587 0.10056481481481472
15 0.4990115321252059 0.7765740740740741 0.15904448105436572 0.07747222222222229
20 0.6576441515650742 0.7615555555555555 0.12883031301482709 0.09766666666666668
20 0.8025864909390446 0.7626111111111111 0.1445634266886327 0.09387962962962972