35 0.05612722170252572 0.3272552083333334 0.11225444340505145 0.13136458333333334
9 0.8419083255378859 0.5098385416666666 0.12888681010289987 0.09490625000000001
16 0.9292703461178672 0.655671875 0.14145930776426568 0.10416666666666667
15 0.7759027128157157 0.6513333333333333 0.1403180542563143 0.10474479166666674
13 0.5041066417212348 0.6603020833333333 0.12264733395696908 0.0868072916666667
17 0.6329934518241347 0.663484375 0.12472404115996251 0.08738541666666677
39 0.22086997193638916 0.6571197916666667 0.1320018709073901 0.08622916666666663
39 0.07015902712815715 0.6608802083333334 0.1403180542563143 0.0879635416666666
8 0.7099064546304957 0.7803802083333333 0.06859681945743679 0.07465104166666663
8 0.6194761459307765 0.77228125 0.07898971000935459 0.06770833333333333
7 0.7951356407857811 0.7798020833333333 0.07898971000935459 0.06192187499999993
7 0.8824415341440599 0.7774895833333333 0.07275958840037415 0.059604166666666694
2 0.9276613657623948 0.90509375 0.05716557530402236 0.05323958333333323
2 0.8720486435921422 0.90625 0.05197380729653877 0.059026041666666626
2 0.8070907390084191 0.9059583333333333 0.05716557530402236 0.06307812500000007
26 0.6865201122544434 0.9140625 0.05716557530402236 0.050348958333333374
30 0.6205144995322732 0.9094322916666666 0.04365762394761466 0.045718750000000107
30 0.5586716557530402 0.90740625 0.04884939195509825 0.052083333333333336
12 0.503068288119738 0.904515625 0.05197380729653877 0.04860937499999996