23 0.892029657089898 0.087640625 0.06365152919369793 0.08738541666666669
32 0.2341519925857275 0.20133854166666668 0.2045968489341983 0.14410416666666664
29 0.5715013901760889 0.22484374999999995 0.12093605189990733 0.12979687499999998
31 0.8811214087117701 0.2524427083333333 0.09092678405931409 0.11140104166666666
20 0.872483781278962 0.43742708333333336 0.07729379054680267 0.102203125
20 0.7847358665430955 0.43359375 0.08911028730305848 0.11702083333333337
20 0.6792585727525486 0.4394739583333333 0.11456904541241901 0.10731249999999998
34 0.49556997219647825 0.4576145833333333 0.22187210379981467 0.08022916666666664
27 0.3391751621872104 0.4525052083333333 0.08001853568118632 0.10271354166666669
30 0.2568767377201112 0.47933333333333333 0.0736515291936979 0.06132291666666667
11 0.11730305838739573 0.66125 0.2036886005560704 0.14104166666666676
16 0.8633920296570899 0.6180729166666666 0.09729379054680261 0.08942708333333324
2 0.1686746987951807 0.8891614583333334 0.07729379054680258 0.08891666666666656
9 0.30962001853568116 0.8840520833333334 0.15003707136237254 0.08891666666666656
4 0.45965708989805376 0.84240625 0.12457831325301207 0.10271354166666669
4 0.6015106580166821 0.824265625 0.12639481000926794 0.102203125
4 0.7274513438368859 0.8012708333333334 0.1073030583873957 0.09504687499999989