25 0.17404174573055028 0.20079687499999999 0.05095825426944969 0.075390625
25 0.23406072106261858 0.19463541666666667 0.05700189753320684 0.08202604166666667
25 0.30056925996204936 0.18633854166666666 0.07082542694497151 0.08819270833333336
28 0.6456261859582543 0.309140625 0.09069259962049328 0.07491666666666662
28 0.4974952561669829 0.30866666666666664 0.08291271347248581 0.06827604166666662
28 0.3489373814041746 0.307953125 0.06909867172675525 0.061166666666666696
28 0.24140417457305502 0.30819270833333334 0.054411764705882375 0.05689583333333334
28 0.17057874762808348 0.30866666666666664 0.056138519924098684 0.05499999999999995
29 0.16885199240986717 0.41724479166666667 0.05095825426944969 0.0587916666666666
29 0.2958159392789374 0.424828125 0.057865275142315 0.06827604166666662
29 0.3705313092979127 0.43052083333333335 0.0621916508538899 0.08060416666666666
29 0.4366034155597723 0.4378697916666667 0.06650853889943076 0.08202604166666667
29 0.5013851992409868 0.44450520833333335 0.056138519924098684 0.0829739583333333
33 0.5700474383301708 0.4568333333333333 0.06564516129032263 0.07443750000000003
20 0.6581499051233397 0.4641822916666667 0.07255218216318789 0.0929322916666667
27 0.46381404174573054 0.5779791666666667 0.031091081593927875 0.05784374999999997
27 0.42580645161290326 0.5722864583333334 0.04146110056926001 0.05879166666666672
27 0.3847817836812144 0.566125 0.03887096774193551 0.05405208333333344
24 0.20081593927893737 0.5210781250000001 0.033681214421252374 0.0597395833333333
24 0.16453510436432636 0.5132552083333334 0.03714421252371914 0.060213541666666676
32 0.48713472485768505 0.17401041666666667 0.08118595825426939 0.08249999999999999
32 0.4016223908918406 0.17946354166666667 0.07945920303605312 0.08013020833333334
11 0.5851612903225807 0.151015625 0.10623339658444025 0.11236979166666666
11 0.7060815939278938 0.13679166666666667 0.12351043643263764 0.133234375
0 0.955607210626186 0.1111875 0.08878557874762802 0.133234375
0 0.8429791271347249 0.12209374999999999 0.11574003795066415 0.12374999999999999
0 0.9246015180265654 0.3207552083333333 0.08032258064516137 0.12090625000000002
0 0.8252751423149906 0.3342708333333333 0.0734155597722959 0.10526041666666662
15 0.6913946869070209 0.6249166666666667 0.09241935483870975 0.08344791666666657
15 0.5985483870967742 0.608796875 0.08291271347248587 0.07396354166666655
15 0.5164990512333966 0.5907812499999999 0.07600569259962045 0.07396354166666655
8 0.9159677419354838 0.6647447916666667 0.08550284629981036 0.09672395833333335
8 0.9707210626185958 0.8434947916666666 0.058557874762808375 0.08914062500000004
8 0.8999810246679317 0.824765625 0.0760056925996204 0.09435416666666659
8 0.827438330170778 0.81078125 0.0621916508538899 0.06922395833333325
8 0.7509962049335863 0.7790104166666667 0.07168880455407964 0.08439583333333331
15 0.395123339658444 0.6771979166666667 0.061698292220113825 0.06449479166666663
15 0.4617362428842505 0.7022395833333334 0.06759962049335869 0.06485416666666666
15 0.336707779886148 0.6631458333333333 0.05382352941176472 0.055848958333333344
13 0.5319734345351044 0.7251197916666666 0.06629032258064506 0.058010416666666724
17 0.6012144212523719 0.746015625 0.07088235294117651 0.058010416666666724