37 0.2345690454124189 0.04417708333333333 0.13965708989805375 0.08741145833333336
37 0.5360333642261353 0.04253125 0.13714550509731235 0.08223958333333335
37 0.8107414272474514 0.042062499999999996 0.1329657089898054 0.08411979166666667
36 0.6723354958294718 0.04276562500000001 0.12878591288229846 0.08177083333333333
36 0.38508804448563483 0.043000000000000003 0.1413253012048193 0.08600000000000001
35 0.3867655236329935 0.20936458333333335 0.1229286376274328 0.11701562500000001
35 0.5138739573679333 0.20583854166666665 0.12125115848007413 0.11466666666666665
30 0.4642168674698795 0.6714270833333333 0.062066728452270646 0.09218229166666679
26 0.6342632066728452 0.666796875 0.06269694161260435 0.09573958333333342
16 0.6968952734012975 0.8103020833333333 0.1618164967562557 0.10587500000000011
22 0.32518999073215943 0.8122760416666667 0.06409638554216865 0.0966458333333333
29 0.11256719184430027 0.8045885416666666 0.11256719184430028 0.11290104166666666
0 0.5475903614457831 0.657203125 0.09615384615384616 0.1212500000000001
40 0.3686190917516219 0.9507760416666666 0.11006487488415198 0.07705729166666657
39 0.4943651529193697 0.9523333333333334 0.11067655236329936 0.07671354166666665
38 0.6399443929564411 0.9588541666666667 0.11584800741427248 0.08229166666666667
38 0.7609082483781279 0.9561354166666667 0.10759962928637619 0.07740104166666674