24 0.18623148148148147 0.19657548658600738 0.2177777777777778 0.3098947922146239
24 0.3897685185185185 0.20235665439242506 0.1567222222222222 0.2890794318779589
24 0.5403333333333333 0.21230405049973697 0.11974999999999993 0.2590268279852709
24 0.6790277777777778 0.21989479221462388 0.12881481481481494 0.24602840610205157
25 0.8962962962962963 0.20936349289847447 0.2074074074074074 0.2503945291951604
27 0.08652777777777779 0.5764439768542872 0.15999074074074074 0.20497632824829035
27 0.30121296296296296 0.5694897422409257 0.1485648148148148 0.19663335086796427
27 0.43933333333333335 0.5578274592319832 0.10709259259259261 0.17885849552866906
27 0.558037037037037 0.5483008942661757 0.11483333333333332 0.1759231983166754
11 0.8309166666666666 0.4958863755917937 0.1909537037037037 0.21330878485007884
4 0.10662962962962963 0.9020410310362966 0.2103425925925926 0.18256706996317726
11 0.36809259259259264 0.8431246712256707 0.24831481481481477 0.23235665439242506
11 0.6047222222222223 0.7887690689110994 0.1694351851851852 0.20995265649658068
11 0.7858425925925926 0.7447869542346133 0.16651851851851845 0.1551814834297738