14 0.4165925925925926 0.2368482905982906 0.10350925925925923 0.13793269230769234
36 0.6746111111111112 0.2668429487179487 0.13889814814814813 0.11457799145299145
36 0.8360648148148149 0.4459775641025641 0.11911111111111099 0.11144764957264951
22 0.13704629629629628 0.6686538461538462 0.08974074074074076 0.13088141025641012
22 0.2401111111111111 0.6593108974358974 0.09443518518518519 0.128659188034188
39 0.3771481481481481 0.6671527777777778 0.14527777777777776 0.11529380341880338
38 0.5182129629629629 0.6549091880341881 0.13032407407407406 0.10726495726495736
40 0.791962962962963 0.6435790598290598 0.10713888888888892 0.09042200854700853
35 0.9111296296296296 0.6241185897435897 0.12054629629629635 0.10959935897435902
34 0.6767314814814814 0.7893429487179487 0.19123148148148145 0.10859508547008545
34 0.8699259259259259 0.7758333333333333 0.18572222222222215 0.10683226495726508
23 0.11549999999999999 0.8422008547008547 0.0859259259259259 0.11627136752136745