33 0.9413703703703703 0.5742714360862704 0.1172499999999999 0.1249710678590216
5 0.7913333333333333 0.5775170962651236 0.1580740740740741 0.132546028406102
4 0.5927870370370371 0.5864439768542872 0.1552222222222221 0.11902156759600216
4 0.4289907407407407 0.5823882167280379 0.1590277777777777 0.1195633876906891
14 0.8361851851851853 0.7709416096791162 0.10648148148148148 0.12561283534981588
14 0.7212500000000001 0.7711204629142557 0.09959259259259254 0.12810625986323
12 0.4155833333333333 0.7985165702261967 0.07703703703703708 0.09607574960547073
3 0.6125740740740742 0.7753866386112572 0.09520370370370365 0.13308784850078906
3 0.509537037037037 0.7777012098895318 0.10084259259259262 0.12774855339295102
30 0.3385462962962963 0.7979852709100473 0.06701851851851852 0.08860599684376647
2 0.26212962962962966 0.7648921620199894 0.07202777777777777 0.10070489216202001
2 0.1778888888888889 0.7931825355076275 0.08894444444444445 0.11031036296685945