40 0.03444791666666667 0.20132530120481928 0.040229166666666656 0.10379981464318816
39 0.12219270833333334 0.17918443002780352 0.042239583333333344 0.11587581093605193
36 0.5080260416666668 0.09480074142724747 0.07751562500000002 0.18696941612604265
37 0.4358020833333333 0.10640407784986099 0.06447395833333332 0.20141797961075072
12 0.49326041666666665 0.5044300278035218 0.03371354166666667 0.1541334569045412
12 0.45930208333333333 0.5042075996292863 0.03174479166666669 0.15194624652455982
22 0.5349687500000001 0.4849490268767377 0.039864583333333314 0.2001112140871177
23 0.5807395833333333 0.4871362372567192 0.04724479166666669 0.2106209453197405
8 0.24841145833333336 0.49282669138090823 0.040109375000000023 0.18609823911028725
27 0.29122916666666665 0.49041705282669135 0.030760416666666637 0.1795273401297498
9 0.2914791666666667 0.7478869323447637 0.04847916666666663 0.1532530120481929
18 0.46574479166666666 0.7675996292863763 0.06844270833333338 0.19078776645041717
17 0.5355104166666667 0.7981835032437442 0.06168750000000003 0.16203892493049113