21 0.386214405360134 0.07715740740740741 0.15953098827470688 0.15431481481481482
35 0.8558626465661642 0.10268518518518518 0.12068676716917925 0.14503703703703702
26 0.6589949748743719 0.35366666666666663 0.042864321608040254 0.07848148148148147
30 0.7059296482412061 0.3553425925925926 0.04135678391959808 0.07955555555555552
30 0.7671524288107203 0.35251851851851856 0.059614740368509264 0.08579629629629627
31 0.827571189279732 0.33990740740740744 0.05048576214405358 0.10687037037037034
23 0.8995309882747068 0.33575 0.07626465661641536 0.11221296296296301
23 0.9709715242881072 0.3360462962962963 0.05804020100502528 0.1122129629629629
15 0.1506532663316583 0.5969907407407408 0.18174204355108878 0.11162962962962958
16 0.49031825795644896 0.5710925925925926 0.14378559463986604 0.12412962962962958
18 0.6235678391959799 0.5722685185185185 0.10752093802345068 0.1007592592592592
15 0.13365159128978227 0.8597407407407407 0.155678391959799 0.10553703703703705
38 0.7328475711892797 0.7020648148148149 0.10432160804020096 0.07700925925925933
39 0.7271189279731993 0.7788981481481482 0.08651591289782241 0.0639999999999999