20 0.28050520833333337 0.4456318407960199 0.07291666666666667 0.24875621890547264
19 0.5241822916666666 0.4697910447761194 0.07812499999999994 0.208955223880597
16 0.44121875 0.46553233830845775 0.08035937499999998 0.21463681592039804
16 0.3604895833333333 0.4662388059701492 0.07663541666666672 0.20468656716417907
11 0.6938229166666667 0.43923383084577117 0.09003125000000006 0.2643880597014925
25 0.783109375 0.4349651741293532 0.08109895833333335 0.26723383084577107
25 0.869421875 0.43070646766169157 0.08258854166666675 0.255860696517413
26 0.8765989583333333 0.8159402985074626 0.02930729166666666 0.11856716417910455
30 0.9112916666666667 0.8163482587064677 0.027151041666666723 0.11444776119402983
30 0.9442604166666667 0.8159402985074626 0.0284427083333334 0.11198009950248752
2 0.6029322916666667 0.789592039800995 0.03103124999999996 0.138318407960199
2 0.5693177083333333 0.7924776119402985 0.02930729166666666 0.12762189054726367
2 0.537640625 0.7924776119402985 0.02887500000000003 0.12926368159203988
2 0.5027291666666667 0.7937114427860696 0.033187500000000016 0.13008955223880597
2 0.46997395833333333 0.7904179104477612 0.027151041666666723 0.138318407960199
6 0.338625 0.8078208955223881 0.045619791666666624 0.1094925373134328
6 0.3834635416666667 0.8074427860696518 0.039380208333333284 0.10577114427860693
6 0.2914479166666667 0.8066965174129354 0.043276041666666626 0.1132238805970149
6 0.384828125 0.6945970149253732 0.04132812499999995 0.10800995024875618