13 0.3942407407407407 0.2796614723267061 0.14213888888888887 0.1312197743148845
13 0.5384166666666667 0.2814239656098872 0.13037037037037033 0.1246534121440086
13 0.6546481481481481 0.2977055346587856 0.09969444444444452 0.09411069317571194
12 0.7313055555555555 0.3014938205265986 0.05074999999999995 0.0865394948952176
12 0.7827777777777778 0.3007254164427727 0.048009259259259175 0.08338527673293931
12 0.8373148148148147 0.301671144545943 0.04976851851851852 0.08212251477700161
0 0.9726851851851852 0.3433637829124127 0.05462962962962963 0.12251477700161204
21 0.46099074074074076 0.06595378828586781 0.1562314814814815 0.1260612573885008
39 0.5542685185185185 0.624739387426115 0.10877777777777779 0.08267060720042983
38 0.6523981481481482 0.6158893068242881 0.07967592592592589 0.07973132724341758
38 0.7430185185185185 0.6040247178936056 0.08861111111111115 0.07616335303600227