36 0.3275 0.14416710182767623 0.09565740740740747 0.09573368146214101
35 0.5075185185185185 0.18932637075718015 0.07434259259259256 0.06810443864229763
35 0.5795185185185185 0.2024177545691906 0.06604629629629623 0.06704960835509137
35 0.6398425925925926 0.21688772845953 0.051092592592592655 0.05932637075718016
35 0.6918796296296297 0.22911749347258484 0.05022222222222223 0.0555143603133159
0 0.19637962962962963 0.27864751958224543 0.07750925925925924 0.10785900783289815
0 0.2784444444444445 0.2876605744125326 0.07269444444444444 0.10833942558746738
24 0.3460370370370371 0.29896605744125326 0.05712962962962967 0.09834464751958223
24 0.40712037037037035 0.30809921671018276 0.05937962962962962 0.09409399477806792
11 0.49106481481481484 0.3159321148825065 0.08651851851851856 0.08900261096605747
11 0.6381851851851852 0.32979112271540467 0.06745370370370361 0.0910600522193212
21 0.7845277777777777 0.33966057441253267 0.04880555555555559 0.06281984334203652
1 0.3797037037037037 0.4342297650130548 0.08992592592592594 0.0783759791122715
1 0.4692962962962963 0.4406057441253264 0.07735185185185187 0.0832845953002611
1 0.554962962962963 0.49829242819843345 0.06930555555555547 0.0748198433420366
1 0.476462962962963 0.5202819843342037 0.07622222222222216 0.07082506527415137
1 0.3952037037037037 0.5258903394255874 0.08534259259259255 0.06983289817232372
5 0.6194537037037037 0.5175718015665797 0.055046296296296336 0.06127937336814623
5 0.22246296296296295 0.6340365535248043 0.09064814814814813 0.0782349869451698
10 0.3174166666666667 0.6231749347258486 0.08915740740740738 0.06579634464751959
29 0.406787037037037 0.6204647519582246 0.07948148148148151 0.07301827676240205
29 0.4834722222222222 0.613467362924282 0.06986111111111115 0.07083028720626625
29 0.5504537037037037 0.6110391644908617 0.060287037037036945 0.06850130548302863
7 0.21992592592592597 0.7590391644908616 0.07062037037037038 0.07357180156657957
8 0.2816851851851852 0.743373368146214 0.04758333333333332 0.08692950391644898
27 0.3338425925925926 0.7361096605744126 0.05172222222222223 0.0816762402088772
32 0.4054351851851852 0.7252219321148825 0.07977777777777775 0.08098172323759788
32 0.48725 0.7197859007832899 0.08042592592592589 0.06758224543080944
32 0.5629166666666667 0.7026840731070496 0.06277777777777774 0.07301827676240205
15 0.6344351851851853 0.6932167101827676 0.06089814814814813 0.07015665796344643
16 0.6958518518518518 0.6861409921671019 0.06151851851851857 0.06800522193211489