22 0.16393518518518518 0.3996731301939058 0.056842592592592577 0.08033240997229917
22 0.10966666666666666 0.39831024930747927 0.04502777777777777 0.08024376731301934
22 0.06418518518518518 0.3976398891966759 0.039064814814814816 0.08065373961218833
22 0.01958333333333333 0.39645429362880885 0.03916666666666666 0.07741274238227148
15 0.3399537037037037 0.40804432132963986 0.08791666666666671 0.08041551246537401
15 0.4313055555555555 0.40805540166204984 0.08957407407407403 0.08131855955678668
15 0.6443796296296296 0.4079667590027701 0.11345370370370368 0.10393905817174509
18 0.5326018518518519 0.40478116343490306 0.10095370370370368 0.10283102493074786
33 0.19935185185185186 0.5651080332409972 0.0876759259259259 0.08595567867036016
3 0.13917592592592593 0.7791966759002771 0.06859259259259258 0.10433240997229926
3 0.08088888888888889 0.766437673130194 0.046907407407407405 0.10167313019390581
32 0.5440833333333334 0.8474293628808863 0.09348148148148151 0.09581717451523536
32 0.6489074074074075 0.8612686980609418 0.09753703703703696 0.10369529085872581
32 0.7546944444444444 0.8778559556786704 0.10351851851851848 0.09829916897506916
32 0.8690925925925926 0.8945484764542937 0.11628703703703697 0.09936288088642654