20 0.17347125201504568 0.19715740740740742 0.06943041375604515 0.2397592592592592
20 0.2545351961311123 0.19088888888888889 0.06452982267598067 0.24010185185185184
23 0.43441160666308437 0.2393888888888889 0.05862976894142929 0.24688888888888888
23 0.5527888232133261 0.24816666666666665 0.0610370768404084 0.2644444444444445
23 0.6211391724879097 0.24453703703703705 0.057291778613648515 0.26864814814814814
20 0.2406072004298764 0.519175925925926 0.06469102632993014 0.18807407407407403
20 0.30890381515314347 0.5207870370370371 0.06341751746372917 0.17751851851851855
34 0.39667920472864054 0.5415462962962962 0.1021117678667383 0.17085185185185184
34 0.5101665771090811 0.5724351851851852 0.12128962923159593 0.18614814814814812
11 0.623036002149382 0.5935092592592592 0.10027941966684573 0.22657407407407412
40 0.7217087587318646 0.6585555555555556 0.08982267598065548 0.1414907407407407