11 0.13598148148148148 0.1600967221923697 0.15004629629629632 0.1260827512090274
15 0.44412962962962965 0.17478774852229984 0.13638888888888895 0.09487909725953786
18 0.5899629629629629 0.16722729715206877 0.14227777777777786 0.09842020419129499
16 0.7390740740740741 0.1595110155830199 0.14587037037037034 0.10383664696399786
13 0.887824074074074 0.16326706072004296 0.13293518518518513 0.07965072541644279
23 0.6460277777777778 0.5046050510478238 0.07882407407407417 0.1105910800644815
22 0.3862407407407407 0.6662224610424502 0.08457407407407411 0.12303600214938194
29 0.07037037037037037 0.8320795271359485 0.14074074074074075 0.15636754433100483
29 0.26767592592592593 0.8414508328855455 0.16028703703703706 0.17266523374529819
34 0.50025 0.8681998925308974 0.25876851851851856 0.12645889306824296
32 0.723925925925926 0.8688070929607737 0.17181481481481475 0.13740462117141325