36 0.3862175324675325 0.27855555555555556 0.17290584415584417 0.13319444444444448
37 0.578198051948052 0.284962962962963 0.1818831168831168 0.13319444444444448
37 0.7634415584415584 0.2868796296296296 0.17290584415584415 0.13063888888888892
35 0.6288798701298701 0.47212037037037036 0.16149350649350652 0.11158333333333333
35 0.45954545454545453 0.4692222222222222 0.15871753246753245 0.10999999999999996
37 0.11904220779220778 0.46870370370370373 0.1661038961038961 0.10789814814814817
5 0.13612012987012986 0.8794537037037037 0.12983766233766236 0.09691666666666673
4 0.29407467532467535 0.8828703703703704 0.13342532467532467 0.09487037037037041
2 0.3961038961038961 0.8837222222222222 0.0658116883116883 0.08702777777777779
15 0.505 0.883037037037037 0.14001623376623376 0.09725925925925923
15 0.6474025974025974 0.8828703703703704 0.13402597402597413 0.09487037037037041