18 0.6619166666666667 0.8771428571428571 0.08585185185185187 0.08038800705467379
15 0.5712685185185186 0.8792151675485008 0.08456481481481475 0.0854320987654322
14 0.500712962962963 0.8880952380952382 0.04459259259259267 0.07402998236331573
14 0.45139814814814816 0.8830599647266315 0.045250000000000005 0.08693121693121697
14 0.39850925925925923 0.8968518518518518 0.042472222222222224 0.06855379188712513
6 0.29846296296296293 0.8904144620811287 0.07153703703703702 0.09388888888888881
16 0.6672222222222223 0.6946119929453263 0.10692592592592594 0.11164902998236323
19 0.5580648148148148 0.6937918871252204 0.10533333333333332 0.10764550264550259
18 0.4503888888888889 0.7016931216931217 0.10545370370370369 0.11165784832451489
15 0.33299074074074075 0.7067019400352733 0.11339814814814818 0.11106701940035277
4 0.0507037037037037 0.5047971781305115 0.10114814814814814 0.1274691358024691
9 0.1750462962962963 0.5083245149911817 0.1121574074074074 0.10854497354497347
20 0.29348148148148145 0.4949647266313933 0.11008333333333332 0.18078483245149912
11 0.4145092592592593 0.4790123456790124 0.13395370370370366 0.18597001763668425
11 0.5451666666666667 0.47975308641975306 0.12252777777777771 0.19240740740740744
39 0.8234351851851851 0.27007054673721337 0.10473148148148138 0.13027336860670197
10 0.06124074074074074 0.18649911816578485 0.12248148148148148 0.1818959435626102