27 0.2969786839666358 0.32989583333333333 0.049638554216867525 0.10786458333333329
17 0.44149212233549584 0.6043697916666667 0.10811862835959224 0.0864010416666666
18 0.6717423540315106 0.5799010416666667 0.09742354031510649 0.10065104166666666
18 0.7716774791473586 0.5741510416666666 0.08729379054680264 0.09090624999999998
16 0.8684430027803521 0.56796875 0.08333642261353111 0.07854687499999997
9 0.6151251158480074 0.46491666666666664 0.09854494902687667 0.08203645833333333
9 0.46739573679332713 0.46043229166666666 0.1351251158480075 0.08868749999999999
39 0.631760889712697 0.816921875 0.09355885078776649 0.07042708333333322
38 0.513206672845227 0.82953125 0.09809082483781277 0.08690625000000006
40 0.7880259499536608 0.7841458333333333 0.09517145505097317 0.06200520833333343
8 0.7009082483781278 0.45681770833333335 0.05367933271547736 0.08813541666666667
23 0.3696848934198332 0.33137500000000003 0.08363299351251159 0.10270833333333336
22 0.1255143651529194 0.32151041666666663 0.08679332715477293 0.11456250000000003
37 0.2507784986098239 0.7579739583333333 0.14008341056533827 0.09580208333333336
37 0.49176088971269694 0.7261927083333333 0.11126969416126038 0.07842187500000009
37 0.8641056533827618 0.6749375000000001 0.085032437442076 0.07098958333333343
36 0.378628359592215 0.7388697916666668 0.11337349397590366 0.10106249999999999
36 0.9445134383688601 0.6664270833333333 0.06933271547729385 0.06936458333333324
35 0.6001482854494902 0.7080208333333334 0.09732159406858201 0.09821354166666675
35 0.7795088044485635 0.687109375 0.08020389249304909 0.0808437499999999
7 0.8938183503243744 0.341921875 0.05381835032437436 0.09023958333333333
7 0.8419369786839667 0.34165104166666665 0.04413345690454114 0.08642187500000004
34 0.7203521779425394 0.21479687500000003 0.14537534754402237 0.09819791666666665