1 0.020110192837465565 0.08472222222222223 0.04022038567493113 0.10277777777777777
1 0.06490909090909092 0.08743518518518519 0.043944903581267215 0.10082407407407407
1 0.1513884297520661 0.08791666666666667 0.046143250688705235 0.09984259259259261
3 0.19092011019283744 0.08191666666666667 0.029366391184572977 0.10834259259259259
3 0.22199449035812674 0.08037962962962963 0.031360881542699705 0.11265740740740743
3 0.25692561983471074 0.07941666666666666 0.030611570247933918 0.11370370370370368
3 0.2898787878787879 0.08152777777777777 0.029421487603305804 0.11570370370370371
3 0.32505234159779617 0.07926851851851853 0.030033057851239664 0.11933333333333333
25 0.42568595041322316 0.07875 0.05121763085399451 0.12126851851851851
25 0.480198347107438 0.07733333333333332 0.05386225895316804 0.12214814814814813
11 0.5359889807162534 0.07239814814814814 0.053774104683195545 0.12785185185185188
11 0.592732782369146 0.07165740740740739 0.05552066115702478 0.13042592592592595
11 0.6499559228650138 0.06962962962962964 0.05527823691460051 0.12473148148148148
11 0.7075922865013774 0.06682407407407408 0.055851239669421425 0.1313240740740741
5 0.10015977961432507 0.27559259259259256 0.041382920110192845 0.09454629629629631
5 0.023278236914600552 0.27644444444444444 0.04655096418732783 0.08846296296296295
29 0.4039779614325069 0.2710092592592593 0.04785123966942144 0.12110185185185182
29 0.4524738292011019 0.27366666666666667 0.045190082644628086 0.11309259259259258
29 0.5020275482093663 0.2828148148148148 0.037818181818181876 0.10142592592592592
4 0.03328374655647383 0.4410833333333333 0.05339944903581268 0.07823148148148149
9 0.22606060606060607 0.4530925925925925 0.045212121212121245 0.07520370370370368
9 0.271465564738292 0.45583333333333337 0.04279889807162532 0.0783055555555556
24 0.3573388429752066 0.4439166666666667 0.025801652892561942 0.10939814814814813
27 0.38255096418732787 0.45866666666666667 0.023471074380165238 0.08349074074074075
27 0.40976859504132235 0.45975 0.0253223140495868 0.08437962962962968
23 0.4345785123966942 0.4613425925925926 0.022374655647382866 0.08501851851851847
28 0.517168044077135 0.46125925925925926 0.044633608815426995 0.09621296296296293
15 0.5653388429752065 0.46351851851851855 0.048352617079889866 0.10073148148148145
16 0.615426997245179 0.46525000000000005 0.05009366391184577 0.09816666666666665
5 0.21296418732782368 0.6159166666666667 0.04787878787878787 0.08950000000000008
5 0.2585123966942149 0.6159166666666667 0.04101377410468316 0.08950000000000008
3 0.013724517906336088 0.5923888888888889 0.02605509641873278 0.0882592592592592
3 0.040677685950413225 0.5963055555555555 0.025460055096418736 0.08537037037037042
3 0.09115151515151515 0.6015 0.02624242424242424 0.08586111111111112
20 0.3489035812672176 0.6212592592592593 0.02865013774104683 0.08989814814814807
20 0.387465564738292 0.6281111111111112 0.043421487603305754 0.09699074074074074
35 0.4331900826446281 0.6330740740740741 0.04451790633608813 0.09783333333333341
40 0.823724517906336 0.689212962962963 0.04900275482093667 0.0811944444444445
39 0.9327052341597796 0.7016296296296296 0.052545454545454486 0.07937962962962965
2 0.07375206611570248 0.7653981481481481 0.02174655647382921 0.08337962962962958
2 0.05300275482093664 0.7621666666666667 0.017707988980716263 0.08278703703703712
2 0.033933884297520665 0.7604537037037037 0.017509641873278237 0.08522222222222219
26 0.3416088154269972 0.8753888888888889 0.018330578512396684 0.0577314814814814
26 0.3622314049586777 0.8774166666666667 0.0173443526170799 0.05846296296296306
30 0.38267217630853995 0.8783055555555556 0.019553719008264466 0.06224074074074076
30 0.40344903581267216 0.8797685185185184 0.017300275482093713 0.0625
13 0.43365840220385676 0.8805277777777778 0.040633608815427 0.07927777777777768