28 0.24087363494539782 0.836212962962963 0.14166926677067082 0.12105555555555557
17 0.4693135725429017 0.7972685185185184 0.10733229329173159 0.1010648148148149
13 0.5698595943837753 0.78475 0.08839313572542896 0.10343518518518521
38 0.39244929797191885 0.6759074074074074 0.09447737909516385 0.09218518518518513
16 0.5941497659906396 0.636287037037037 0.09413416536661472 0.0956111111111111
13 0.6795163806552262 0.636425925925926 0.07237129485179405 0.07824074074074074
17 0.7494695787831513 0.6294537037037037 0.06205928237129481 0.07730555555555556
29 0.28446177847113885 0.5080648148148148 0.11341653666146644 0.132074074074074
33 0.39185647425897036 0.5116759259259259 0.09207488299531978 0.09862037037037036
3 0.6233853354134165 0.4965277777777778 0.060046801872074895 0.09092592592592597
3 0.3250858034321373 0.3663240740740741 0.05858034321372857 0.07894444444444444
0 0.23525741029641187 0.35240740740740745 0.0825117004680187 0.11297222222222221