21 0.6368796296296296 0.7721148825065274 0.09321296296296303 0.08934203655352488
21 0.7379074074074075 0.786219321148825 0.09980555555555552 0.09920626631853786
37 0.49318518518518517 0.8438798955613577 0.053787037037037015 0.06725848563968678
36 0.39189814814814816 0.8133263707571802 0.055740740740740785 0.048992167101827765
37 0.3429537037037037 0.7976710182767623 0.048370370370370376 0.048443864229765
37 0.292787037037037 0.7791436031331592 0.044592592592592566 0.06049608355091379
36 0.24575925925925926 0.7723916449086162 0.047555555555555566 0.04484073107049603
21 0.5971203703703704 0.09823498694516972 0.09824074074074066 0.09269973890339425
21 0.721111111111111 0.06157702349869452 0.12529629629629624 0.12315404699738904
21 0.8551851851851852 0.05027154046997389 0.13437962962962952 0.1005378590078329
36 0.5051111111111111 0.11834986945169712 0.07588888888888892 0.10745691906005221