25 0.12841908325537885 0.06595833333333333 0.19449017773620209 0.13169791666666666
5 0.5000187090739008 0.06725 0.15362956033676334 0.1342864583333333
0 0.7766697848456501 0.06848958333333334 0.12033676333021504 0.13697916666666668
24 0.8918615528531337 0.07333854166666667 0.09903648269410675 0.13029687499999998
3 0.5620299345182413 0.267921875 0.10594948550046772 0.13395312500000003
3 0.4611225444340505 0.26630729166666667 0.09092609915809166 0.1343125
27 0.6953695042095417 0.27264583333333337 0.11069223573433108 0.12068750000000002
32 0.8313844714686623 0.29805208333333333 0.14012160898035544 0.117703125
5 0.48873713751169323 0.454703125 0.12468662301216087 0.12738541666666664
5 0.6422544434050514 0.44974479166666664 0.15904583723105706 0.10670312499999994
5 0.8130402245088868 0.4493854166666667 0.1420579981290925 0.10837499999999996
5 0.9461459307764265 0.45823437499999997 0.10769878391019634 0.1356354166666667
5 0.8391955098222639 0.6189635416666667 0.1385594013096353 0.11043229166666677
5 0.6949298409728718 0.6049114583333334 0.13342376052385396 0.08113541666666677
5 0.5504490177736202 0.6034166666666666 0.1407483629560337 0.08412499999999999
5 0.40295603367633304 0.6204583333333333 0.13990645463049575 0.09788020833333325
4 0.4152291861552853 0.7608020833333333 0.14016838166510756 0.10066666666666677
4 0.554911131898971 0.7634322916666666 0.1208793264733396 0.099609375
4 0.6914593077642657 0.7654322916666667 0.1350327408793264 0.09308333333333323
9 0.8229186155285314 0.7579583333333333 0.12387277829747434 0.08866145833333335
20 0.9433395696913003 0.7575885416666667 0.11332086061739953 0.09529166666666669
16 0.9208512628624884 0.90334375 0.13760523854069226 0.0903958333333333
15 0.7775584658559401 0.9093697916666666 0.14185219831618323 0.07657291666666666
18 0.6421141253507952 0.9124739583333333 0.11531337698783908 0.08869791666666677
13 0.5178765201122545 0.910515625 0.11782974742750238 0.08847916666666672
39 0.24503274087932647 0.9080729166666667 0.13257249766136578 0.08211458333333325
39 0.10347053320860616 0.9136197916666667 0.12832553788587467 0.08877604166666657