11 0.13487962962962963 0.30893356643356645 0.26975 0.2950874125874126
11 0.389287037037037 0.3220862470862471 0.22823148148148142 0.2687820512820513
11 0.6016203703703704 0.337960372960373 0.18884259259259265 0.23703379953379952
11 0.778888888888889 0.34421911421911416 0.15712962962962967 0.2187121212121212
11 0.9315833333333334 0.3463053613053613 0.13682407407407415 0.20293706293706293
15 0.08342592592592592 0.6903496503496505 0.1668425925925926 0.16175990675990673
15 0.2656296296296296 0.6730244755244755 0.18179629629629632 0.14785547785547773
15 0.4414537037037037 0.6578263403263402 0.16486111111111107 0.13867715617715612
15 0.6094166666666666 0.6426806526806527 0.15749999999999992 0.1322377622377623
18 0.7535092592592593 0.6325699300699301 0.11923148148148147 0.11996503496503504
18 0.8735185185185185 0.6198251748251747 0.1128425925925927 0.11436480186480187
4 0.19982407407407407 0.9155477855477855 0.1617962962962963 0.1331876456876458
4 0.3581944444444445 0.8790442890442891 0.1415648148148148 0.1383799533799534
4 0.4966759259259259 0.8463578088578088 0.11734259259259261 0.12603146853146852
3 0.6903611111111111 0.8179312354312354 0.08350000000000006 0.13810606060606073