36 0.14917592592592593 0.08234276729559749 0.14639814814814817 0.11643605870020962
37 0.3085555555555556 0.08470125786163522 0.14639814814814817 0.11171383647798741
35 0.6106203703703704 0.08234276729559749 0.1408425925925927 0.11643605870020962
23 0.15780555555555556 0.38672955974842765 0.07983333333333334 0.10404088050314465
31 0.23966666666666664 0.3915408805031446 0.07000000000000002 0.09066561844863733
26 0.401037037037037 0.40799266247379457 0.0628796296296296 0.06715932914046115
30 0.4716296296296296 0.40430293501048215 0.06525925925925928 0.06783018867924533
22 0.5543888888888889 0.3875104821802935 0.07652777777777786 0.10275681341719074
34 0.711 0.3937211740041929 0.22246296296296295 0.08697064989517822
34 0.16175925925925924 0.5247169811320754 0.07661111111111112 0.09421383647798742
31 0.24056481481481481 0.527835429769392 0.07439814814814817 0.08048742138364777
29 0.5745555555555555 0.5190985324947589 0.1284166666666667 0.1129297693920335
29 0.7093055555555555 0.5178511530398322 0.12675925925925935 0.10918763102725364
12 0.12153703703703703 0.6616194968553458 0.061462962962962955 0.07772536687631036
18 0.22175925925925927 0.6511215932914046 0.1323333333333333 0.09747379454926626
16 0.36239814814814814 0.6489308176100629 0.13676851851851854 0.0968448637316563
19 0.5011018518518519 0.6490828092243187 0.13177777777777772 0.09966457023060789
19 0.6370370370370371 0.6519077568134172 0.1312314814814815 0.10342767295597492
13 0.7666018518518518 0.6605241090146751 0.11572222222222224 0.07992138364779887
2 0.19502777777777777 0.7899318658280923 0.0627777777777778 0.08272012578616349
8 0.26887037037037037 0.7813417190775681 0.07358333333333336 0.1086425576519916
9 0.3861944444444444 0.7793029350104822 0.12710185185185183 0.1086425576519916
4 0.5161296296296296 0.7819234800838575 0.11217592592592596 0.088254716981132
5 0.6416851851851851 0.7816352201257861 0.12658333333333335 0.1004874213836478