11 0.26075000000000004 0.2899497487437186 0.12669444444444447 0.2963484087102178
32 0.7315648148148148 0.3389782244556114 0.08779629629629623 0.2537018425460637
32 0.8396851851851852 0.343785594639866 0.08956481481481483 0.25050251256281403
3 0.04571296296296297 0.6441206030150755 0.0875648148148148 0.27721943048576214
3 0.1413333333333333 0.6505360134003351 0.09207407407407407 0.2760469011725292
16 0.24306481481481482 0.6802345058626466 0.10108333333333332 0.2119932998324957
16 0.34414814814814815 0.6825628140703518 0.09464814814814818 0.2143216080402011
16 0.4408518518518519 0.6919932998324958 0.08806481481481478 0.21108877721943045
18 0.5379999999999999 0.6934840871021776 0.08971296296296305 0.2180569514237857
17 0.6247314814814815 0.7242546063651591 0.07328703703703712 0.17512562814070345
17 0.705925925925926 0.7230318257956448 0.06740740740740736 0.1710385259631491
17 0.7844166666666667 0.7344891122278057 0.07599999999999993 0.1710385259631491