30 0.23445065176908753 0.21549479166666666 0.08525139664804472 0.10193229166666669
23 0.34634078212290503 0.18002604166666666 0.1300093109869646 0.18241145833333333
31 0.4838175046554935 0.19105208333333332 0.12148975791433894 0.16631250000000003
27 0.6202234636871509 0.18330208333333334 0.12574487895716943 0.18896875000000002
27 0.7614245810055865 0.18419791666666668 0.1225512104283053 0.19433333333333333
27 0.9177932960893855 0.18665104166666666 0.15295158286778396 0.18465625
34 0.11670391061452515 0.418953125 0.2334078212290503 0.1487395833333333
8 0.1866387337057728 0.7803229166666666 0.11805400372439478 0.1369322916666666
13 0.545586592178771 0.8215989583333333 0.16754189944134082 0.11556770833333327
17 0.7183333333333334 0.8293697916666667 0.16754189944134082 0.12042187500000003
2 0.31691806331471134 0.6210104166666667 0.0981191806331471 0.12568229166666664
2 0.21045623836126628 0.6196406250000001 0.1010614525139665 0.12403645833333338
3 0.4434916201117318 0.6122291666666667 0.12166666666666663 0.1520260416666666
3 0.58231843575419 0.6182656249999999 0.12460893854748596 0.15642187499999996