24 0.8069646182495344 0.38841145833333335 0.12886405959031666 0.1584479166666667
27 0.8353258845437617 0.2925729166666667 0.0017597765363129424 0.000046874999999957365
24 0.5050372439478584 0.365640625 0.08880819366852881 0.13223958333333338
24 0.4127653631284916 0.36654166666666665 0.08468342644320302 0.13507812499999997
24 0.6013500931098696 0.37180729166666665 0.10317504655493477 0.15082812499999995
24 0.6994320297951583 0.375453125 0.08789571694599636 0.14664062499999997
7 0.03038175046554935 0.18079166666666666 0.0607635009310987 0.12036979166666667
7 0.10138733705772812 0.178359375 0.0610707635009311 0.12054687499999998
11 0.618854748603352 0.143984375 0.17308193668528873 0.20228645833333334
11 0.4555493482309125 0.15448958333333335 0.14746741154562387 0.169265625
13 0.7934543761638734 0.17027604166666668 0.17418994413407815 0.14248958333333336
15 0.412048417132216 0.689390625 0.10621973929236503 0.08005208333333323
19 0.5284823091247672 0.7083697916666666 0.1193109869646183 0.07550000000000003
16 0.6662104283054003 0.7330572916666667 0.132635009310987 0.07309375000000008
16 0.8190130353817505 0.7675416666666667 0.16971135940409682 0.08099999999999999
15 0.2935102420856611 0.7863645833333333 0.0759404096834264 0.05473437500000008
18 0.47419925512104283 0.8259791666666667 0.10002793296089381 0.07791666666666662
18 0.3802979515828678 0.8081927083333333 0.07783985102420858 0.07140104166666675
25 0.31351955307262575 0.18277604166666667 0.121731843575419 0.133734375
25 0.19629422718808193 0.19290625 0.09844506517690876 0.10151562499999998
30 0.9523743016759777 0.6243593749999999 0.07909683426443208 0.12653645833333324
20 0.5031750465549348 0.5625104166666667 0.09008379888268156 0.11111979166666662
20 0.39058659217877095 0.547265625 0.08819366852886408 0.09935937499999999
24 0.2848603351955307 0.5277447916666667 0.0725791433891993 0.09858333333333338
23 0.853659217877095 0.9314947916666667 0.08003724394785851 0.084765625
24 0.8020297951582868 0.4126041666666667 0.004459962756052108 0.00631770833333339
23 0.9501769087523277 0.7980885416666667 0.09964618249534449 0.09778124999999989