37 0.26182908545727135 0.16383333333333333 0.13748125937031483 0.11778703703703702
35 0.4103448275862069 0.16026851851851853 0.14365817091454275 0.12802777777777782
35 0.5763568215892054 0.15545370370370368 0.14689655172413796 0.13141666666666668
37 0.6413343328335832 0.3265092592592593 0.14176911544227877 0.1205925925925926
36 0.49118440779610195 0.32787037037037037 0.1350374812593702 0.11422222222222224
40 0.7674662668665667 0.4963518518518518 0.14289355322338823 0.09736111111111115
39 0.19344827586206897 0.6406111111111111 0.11527736131934031 0.0988981481481481
12 0.23727136431784107 0.7995555555555556 0.0826686656671664 0.11049074074074067
19 0.35359820089955024 0.7912592592592592 0.14064467766116942 0.1356203703703704
15 0.49932533733133433 0.8005740740740741 0.14374812593703148 0.1389814814814814
13 0.6437481259370315 0.821324074074074 0.11787106446776613 0.11333333333333341