5 0.5637314814814816 0.046894343649946636 0.11517592592592601 0.08227321237993597
5 0.46670370370370373 0.1826787620064034 0.11302777777777782 0.09106723585912485
5 0.6046851851851851 0.33080576307363924 0.11436111111111111 0.087443970117396
4 0.5931851851851851 0.1833778014941302 0.11652777777777769 0.07326574172892207
4 0.5789074074074074 0.6399626467449306 0.11501851851851855 0.08389007470651016
4 0.6192592592592592 0.9575827107790822 0.1280925925925925 0.0833724653148347
4 0.6322129629629629 0.790795090715048 0.11900925925925923 0.06618463180362871
1 0.4882870370370371 0.3243916755602988 0.09758333333333337 0.09569903948772675
27 0.2689166666666667 0.19541622198505867 0.054944444444444476 0.09156883671291356
27 0.32910185185185187 0.19175026680896476 0.05595370370370366 0.0934044823906083
27 0.3843333333333333 0.18906616862326575 0.04366666666666664 0.0932710779082177
27 0.35103703703703704 0.3356029882604055 0.047537037037037065 0.08697972251867662
27 0.2921018518518519 0.336974386339381 0.060388888888888916 0.08580042689434363
27 0.23589814814814816 0.3381856990394877 0.051425925925925944 0.08887940234791886
29 0.30062962962962964 0.4688367129135539 0.09107407407407409 0.0986286019210245
29 0.39752777777777776 0.46499999999999997 0.09163888888888891 0.10078975453575234
29 0.4932222222222222 0.46516542155816437 0.08980555555555557 0.10439167556029888
1 0.6078148148148149 0.46790288153681964 0.1235185185185186 0.10822305229455707
29 0.483 0.6163607257203841 0.070962962962963 0.11018143009605123
27 0.46019444444444446 0.7660192102454643 0.048314814814814824 0.09678228388473847
27 0.40149074074074076 0.7607417289220918 0.05705555555555556 0.09243863393810033
24 0.4406666666666667 0.9178601921024546 0.07835185185185185 0.1253735325506936
24 0.3642592592592592 0.9078228388473852 0.06720370370370374 0.12355389541088578
24 0.2876111111111111 0.9061419423692636 0.07054629629629634 0.12115261472785484
25 0.19718518518518519 0.9000960512273212 0.09635185185185186 0.11481856990394881
25 0.09204629629629629 0.88482924226254 0.10269444444444445 0.11309498399146214
25 0.3113425925925926 0.744076840981857 0.10800925925925924 0.11491462113126996
25 0.20102777777777778 0.7392262540021345 0.09069444444444447 0.11194236926360736
25 0.10412962962962964 0.7322678762006404 0.09854629629629631 0.12010672358591244
27 0.09527777777777778 0.6103308431163287 0.05303703703703705 0.08339381003201718