27 0.4060185185185185 0.06338397066526978 0.10462962962962963 0.12676794133053956
18 0.3901851851851852 0.4844525929806182 0.14449999999999996 0.13964379256155057
18 0.5466666666666666 0.5001152435830277 0.1705370370370371 0.14792037716081724
11 0.12299074074074075 0.4487375589313777 0.11732407407407405 0.15942378208486113
32 0.5385000000000001 0.7239078051335778 0.15270370370370373 0.12066526977475113
32 0.39483333333333337 0.6897276060764799 0.13275925925925924 0.11735987427972759
25 0.14767592592592593 0.6427082242011525 0.12747222222222218 0.12314300680984805
23 0.2304351851851852 0.07963331587218439 0.09806481481481479 0.13059193294918806
25 0.6727500000000001 0.9284284965950759 0.11389814814814814 0.12452069146149819
31 0.4292314814814815 0.8833473022524881 0.06965740740740742 0.11430068098480871
34 0.8634444444444445 0.7898480880041906 0.2673240740740741 0.12215295966474597