18 0.15215625 0.9505223880597016 0.03702604166666668 0.08255597014925373
18 0.18858333333333333 0.9423787313432836 0.03453124999999998 0.06453358208955219
18 0.22433854166666667 0.9450093283582089 0.03452083333333332 0.07208955223880605
15 0.26019791666666664 0.9455783582089553 0.034083333333333306 0.06865671641791046
15 0.29644791666666664 0.9485820895522389 0.03475520833333334 0.07866604477611944
14 0.34723437500000004 0.9418283582089552 0.018911458333333304 0.07189365671641786
14 0.366734375 0.9467723880597015 0.018828125000000046 0.0762873134328359
14 0.3270989583333333 0.9469029850746269 0.01810937499999999 0.07930037313432835
14 0.3878229166666667 0.9426492537313432 0.017713541666666662 0.07627798507462685
31 0.47235937499999997 0.7907742537313434 0.023531250000000035 0.09452425373134321
31 0.43837499999999996 0.7873041044776119 0.02077083333333339 0.09160447761194034
31 0.41208333333333336 0.7869123134328359 0.02136979166666665 0.08448694029850741
31 0.38321354166666666 0.7934794776119403 0.022312499999999957 0.09619402985074638
8 0.12049479166666667 0.7746082089552239 0.02540104166666666 0.09039179104477621
8 0.09256770833333333 0.775858208955224 0.023802083333333328 0.09011194029850737
3 0.065875 0.7723414179104479 0.026229166666666658 0.08307835820895518
3 0.04014583333333333 0.7808115671641791 0.02230729166666667 0.08612873134328351
3 0.013250000000000003 0.782910447761194 0.02484375 0.0819962686567165
10 0.05466145833333333 0.6426865671641792 0.04049479166666666 0.10605410447761199
9 0.09765625 0.6508768656716418 0.03759375 0.0918936567164179
4 0.015651041666666667 0.6468003731343284 0.031302083333333335 0.09855410447761202
1 0.036078124999999996 0.48093283582089547 0.045869791666666666 0.1412966417910448
1 0.08098958333333334 0.4815298507462687 0.04005208333333333 0.14423507462686563
32 0.46646875 0.4873320895522388 0.04388020833333333 0.10390858208955228
32 0.4198020833333333 0.4893190298507462 0.04385937500000002 0.10146455223880595
32 0.37390625 0.48569029850746265 0.04206770833333332 0.09582089552238808
32 0.32998958333333334 0.4927891791044776 0.04063541666666666 0.10356343283582088
33 0.27451041666666665 0.4953544776119403 0.04564583333333336 0.10849813432835816
33 0.22783854166666667 0.49356343283582094 0.04257291666666667 0.10975746268656719
29 0.181640625 0.48353544776119406 0.045864583333333306 0.13522388059701496
29 0.12894270833333332 0.48291044776119396 0.04965625000000002 0.11168843283582092
32 0.45492187500000003 0.12887126865671641 0.04915104166666661 0.140419776119403
32 0.40419791666666666 0.120625 0.05044270833333329 0.1201026119402985
32 0.3503697916666667 0.12934701492537312 0.04767187499999999 0.13946828358208954
25 0.29085937500000003 0.11976679104477611 0.057088541666666645 0.1586287313432836
25 0.23168229166666665 0.12138992537313432 0.052177083333333305 0.15230410447761192
25 0.17143229166666665 0.11583022388059702 0.05795833333333332 0.14501865671641792
25 0.11534895833333332 0.1233115671641791 0.04426562499999999 0.1561473880597015
24 0.4484791666666667 0.3070708955223881 0.03207812499999996 0.13619402985074627
24 0.40005208333333336 0.30750932835820893 0.033265624999999945 0.13531716417910442
24 0.3589322916666667 0.30066231343283584 0.03239062500000003 0.12513059701492535
24 0.321140625 0.30838619402985074 0.03425520833333332 0.14058768656716422
24 0.2781041666666667 0.30724813432835824 0.032500000000000015 0.13303171641791045
24 0.23414062500000002 0.3101492537313433 0.035744791666666664 0.1370708955223881
24 0.19478125000000002 0.3094402985074627 0.03447395833333336 0.13567164179104482
24 0.15458333333333335 0.3090951492537314 0.032510416666666646 0.13496268656716423
27 0.13680208333333335 0.6539832089552239 0.023937500000000004 0.11143656716417914
27 0.16551041666666666 0.6529570895522389 0.026083333333333354 0.11349813432835827
27 0.19406770833333334 0.655839552238806 0.021781250000000026 0.11102611940298505
27 0.22158854166666667 0.6535074626865671 0.023848958333333316 0.10909514925373139
27 0.25041145833333334 0.6499999999999999 0.023921874999999974 0.1117070895522388
27 0.28089062499999995 0.6499253731343284 0.024989583333333343 0.11294776119402979
27 0.3095625 0.649169776119403 0.02475520833333332 0.11005597014925375
27 0.33984375 0.6487593283582089 0.0262083333333333 0.11198694029850742
27 0.3669427083333333 0.6451119402985074 0.026661458333333363 0.10607276119402989
27 0.39392708333333337 0.6444309701492538 0.023052083333333327 0.10744402985074633
27 0.4217916666666667 0.6382369402985075 0.02504166666666663 0.09781716417910438
27 0.45115625000000004 0.6394123134328359 0.022359375000000032 0.10428171641791041
27 0.4746458333333334 0.6407182835820896 0.02020312499999998 0.10826492537313427
20 0.6294010416666667 0.12549440298507464 0.04599479166666664 0.14489738805970148
20 0.6794947916666667 0.11156716417910448 0.04901562500000007 0.13375932835820895
11 0.7307552083333333 0.10864738805970149 0.04970833333333336 0.14739738805970148
11 0.7820572916666666 0.1145615671641791 0.04658854166666657 0.1634141791044776
11 0.8326145833333333 0.11066231343283582 0.050546875000000095 0.16118470149253727
11 0.8865572916666667 0.1029384328358209 0.04960416666666655 0.14990671641791042
11 0.9401979166666667 0.11268656716417909 0.05272395833333334 0.15269589552238805
35 0.67034375 0.4772761194029851 0.044083333333333266 0.12009328358208957
35 0.6268229166666667 0.47899253731343283 0.040041666666666725 0.11370335820895526
35 0.5910833333333334 0.4795522388059702 0.028239583333333228 0.11849813432835818
21 0.714078125 0.4818097014925373 0.04114583333333333 0.10291977611940296
13 0.8839322916666668 0.4791324626865672 0.0419531250000001 0.10285447761194029
16 0.9302083333333333 0.47893656716417904 0.0439062500000001 0.09602611940298512
16 0.9767656250000001 0.47861940298507466 0.04569791666666655 0.10182835820895525
35 0.6212395833333333 0.6470242537313433 0.0400781249999999 0.08994402985074634
35 0.6622552083333333 0.6458675373134328 0.03970312500000001 0.0887313432835822
35 0.703703125 0.6445988805970149 0.04019270833333337 0.08949626865671646
21 0.828421875 0.6449720149253731 0.040036458333333275 0.08739738805970154
21 0.8728750000000001 0.6427518656716418 0.041807291666666656 0.08378731343283576
21 0.9144322916666667 0.6428731343283581 0.03918749999999989 0.08152052238805979
35 0.6436510416666666 0.7955597014925373 0.03901562499999992 0.08612873134328351
35 0.60325 0.7941417910447761 0.039197916666666784 0.08644589552238813
7 0.6235104166666667 0.9217257462686568 0.022343750000000048 0.09648320895522394
7 0.5985104166666667 0.9253824626865672 0.0233645833333334 0.10031716417910444
7 0.5744010416666666 0.9253358208955225 0.01985416666666661 0.10110074626865682
39 0.9794010416666666 0.31776119402985076 0.04119270833333341 0.08907649253731344
37 0.9374427083333334 0.3140858208955224 0.04157291666666675 0.11561567164179098
37 0.8934739583333333 0.31301305970149257 0.042536458333333374 0.10632462686567166
37 0.8492239583333333 0.3119402985074627 0.04179166666666655 0.1011194029850746
37 0.8029479166666668 0.31617537313432836 0.040421875000000065 0.11469216417910452
37 0.7586145833333333 0.31510261194029854 0.041786458333333346 0.11357276119402986
36 0.7107760416666667 0.3085261194029851 0.048682291666666565 0.12592350746268657
36 0.658953125 0.30939365671641794 0.0470364583333333 0.13071828358208956
36 0.6036197916666667 0.3138339552238806 0.04407291666666661 0.13245335820895524