11 0.9264705882352942 0.07526041666666666 0.14705882352941177 0.15052083333333333
29 0.197011385199241 0.25550520833333334 0.14060721062618595 0.14598437500000003
29 0.3361385199240987 0.263484375 0.13326375711574956 0.1410364583333333
33 0.47504743833017077 0.27389583333333334 0.130123339658444 0.11933333333333336
33 0.6082068311195445 0.27646354166666665 0.1246015180265654 0.11863541666666665
20 0.7520777988614801 0.27069791666666665 0.14050284629981016 0.13461458333333334
20 0.8921442125237192 0.2740885416666667 0.12601518026565459 0.13138541666666667
28 0.15735294117647058 0.438953125 0.13430740037950664 0.10920833333333337
28 0.29543643263757113 0.43752604166666664 0.13219165085388998 0.09974479166666667
25 0.43622390891840607 0.42652604166666663 0.1430170777988615 0.13142187499999997
18 0.5716223908918406 0.4407552083333333 0.12051233396584439 0.10208333333333333
18 0.7087760910815939 0.446109375 0.13459203036053144 0.09049479166666667
15 0.8442220113851991 0.44108854166666667 0.1287286527514232 0.09613541666666663
31 0.024667931688804556 0.5885416666666666 0.04933586337760911 0.09375
23 0.08958254269449716 0.5868385416666667 0.07266603415559772 0.09639583333333329
23 0.1649620493358634 0.5850104166666666 0.0683586337760911 0.09628125000000007
32 0.26664136622390894 0.5894583333333333 0.12633776091081592 0.08832812500000008
32 0.393111954459203 0.5894270833333334 0.11761859582542697 0.08649479166666675
18 0.5348481973434536 0.5837552083333333 0.12649905123339658 0.08933854166666677
16 0.6634819734345351 0.5826041666666666 0.12208728652751429 0.08880729166666677
14 0.7669829222011385 0.5801041666666666 0.07873814041745732 0.09002083333333341
14 0.8499240986717268 0.5827083333333333 0.07825426944971539 0.08103645833333341
3 0.9456546489563568 0.5806197916666667 0.06941176470588233 0.09371354166666658
35 0.3729127134724858 0.70403125 0.11838709677419353 0.07936458333333339
4 0.9364326375711575 0.6963645833333333 0.10858633776091076 0.07188020833333345
18 0.5163282732447818 0.8203697916666666 0.09947817836812141 0.06127083333333327
18 0.6164136622390892 0.8188958333333333 0.0902561669829223 0.06068749999999999
12 0.7772865275142314 0.812734375 0.05313092979127135 0.07348958333333329
12 0.8335294117647059 0.8101770833333333 0.05288425047438331 0.07332291666666677
2 0.9760626185958254 0.8009635416666666 0.04786527514231492 0.06975520833333325