34 0.2501759259259259 0.16270588235294117 0.368287037037037 0.14067379679144382
15 0.5532777777777778 0.1754010695187166 0.21649999999999994 0.18547058823529408
15 0.7697777777777778 0.18130481283422462 0.19725925925925922 0.1750534759358289
11 0.10043518518518518 0.47931016042780744 0.19605555555555557 0.21812299465240634
14 0.27122222222222225 0.4945935828877005 0.13110185185185189 0.15421390374331545
14 0.4041296296296296 0.49007486631016045 0.115462962962963 0.14796256684491982
15 0.5665092592592593 0.4938983957219252 0.1828240740740741 0.12503743315508017
15 0.7547407407407407 0.4848663101604278 0.172 0.143096256684492
31 0.0817962962962963 0.7170802139037433 0.11886111111111111 0.14545454545454545
31 0.20889814814814817 0.7123208556149733 0.11886111111111111 0.1372994652406417
20 0.34835185185185186 0.7112994652406418 0.14828703703703702 0.13118181818181815
16 0.5213611111111112 0.7041657754010695 0.17417592592592587 0.12234759358288769
16 0.6937685185185185 0.6960053475935829 0.14711111111111122 0.1250641711229946
35 0.6743981481481481 0.863572192513369 0.1320833333333334 0.08032085561497317