26 0.29482407407407407 0.11782494758909853 0.08468518518518522 0.09049790356394127
26 0.3826851851851852 0.1209643605870021 0.07993518518518522 0.07974318658280921
28 0.5195555555555555 0.08626310272536687 0.17798148148148152 0.15805031446540882
29 0.797175925925926 0.01809748427672956 0.35169444444444437 0.03257337526205451
23 0.31013888888888885 0.2768972746331237 0.09979629629629627 0.13180293501048218
27 0.4295 0.2777253668763103 0.09587962962962959 0.13235324947589097
34 0.6183240740740741 0.2893553459119497 0.2680740740740741 0.11574423480083856
15 0.35221296296296295 0.6025262054507337 0.16045370370370368 0.11629454926624731
16 0.5155925925925926 0.5983700209643606 0.15458333333333338 0.11574423480083865
19 0.6804814814814815 0.6029664570230608 0.16011111111111118 0.11914570230607963
18 0.4343796296296296 0.7461425576519917 0.1251574074074074 0.08578092243186587
14 0.5423611111111111 0.742667714884696 0.068712962962963 0.09758909853249466
3 0.2441851851851852 0.8659538784067086 0.08589814814814813 0.10175576519916148
4 0.43622222222222223 0.887311320754717 0.1386574074074074 0.09515723270440249
9 0.5893055555555556 0.8798427672955975 0.1282314814814815 0.09202830188679254
8 0.7003518518518519 0.8751572327044025 0.08037037037037033 0.10765723270440244