13 0.7866265060240963 0.12271875 0.07866543095458768 0.09182812499999998
39 0.5258572752548656 0.2703541666666667 0.08766450417052819 0.08156249999999998
21 0.42369786839666357 0.251328125 0.11301204819277103 0.08619270833333337
11 0.21166821130676552 0.4027864583333333 0.1429008341056534 0.10727604166666668
13 0.3399165894346617 0.4077708333333333 0.10597775718257649 0.07889583333333335
17 0.44178869323447634 0.4133802083333334 0.09005560704355882 0.05444270833333332
5 0.6991844300278035 0.39345833333333335 0.07377201112140863 0.09835416666666662
4 0.8429935125115848 0.3883020833333333 0.06844300278035209 0.07938541666666671
4 0.9134847080630213 0.38233333333333336 0.060379981464318895 0.07514583333333331
4 0.9024374420759963 0.3156041666666667 0.05369786839666363 0.0514375
27 0.17702502316960148 0.5782604166666666 0.0608619091751622 0.07351562500000004
3 0.30658943466172384 0.5700833333333333 0.0638090824837813 0.09579687499999998
3 0.36959221501390177 0.559078125 0.053234476367006435 0.0969479166666666
3 0.4243466172381835 0.5507500000000001 0.04678405931417981 0.09043229166666672
8 0.48954587581093606 0.5306875 0.05350324374420762 0.06333854166666661
8 0.543141797961075 0.5247499999999999 0.04731232622798884 0.06015104166666661
8 0.5936422613531047 0.5290260416666667 0.045245597775718197 0.08173437499999997
31 0.2379332715477294 0.5821041666666668 0.06048192771084337 0.0879791666666667
23 0.035671918443002784 0.5913020833333333 0.06309545875810936 0.0730625000000001
27 0.10821130676552364 0.5886250000000001 0.06645041705282671 0.08073958333333332
20 0.6897219647822058 0.51596875 0.0712140871177015 0.08784375000000004
19 0.6786654309545875 0.6326041666666666 0.0692400370713624 0.07641666666666656
13 0.7413253012048192 0.6207708333333334 0.053206672845227135 0.06286458333333324
10 0.8409453197405005 0.5930572916666667 0.048507877664504095 0.06198958333333333
10 0.883734939759036 0.5817395833333333 0.034735866543095476 0.059927083333333304
10 0.9319740500463393 0.5769166666666667 0.0379518072289157 0.056645833333333444
26 0.6159036144578313 0.74896875 0.03453197405004633 0.04737500000000002
26 0.6460611677479148 0.7399166666666667 0.01944392956441151 0.0478125000000001
26 0.6758202038924931 0.7334270833333334 0.030259499536608055 0.041010416666666556
26 0.7043280815569972 0.7261875 0.026014828544948968 0.044187500000000074
3 0.7864782205746061 0.7011145833333334 0.026218721037998112 0.04864062499999993
3 0.8121037998146432 0.6931979166666667 0.020518999073216034 0.04881770833333334
3 0.8369508804448564 0.6806249999999999 0.024837812789619978 0.037901041666666656
3 0.8835681186283596 0.6654791666666667 0.0252548656163114 0.03072395833333322