11 0.536675925925926 0.1599677592692101 0.22413888888888883 0.2342933906501881
32 0.7538518518518518 0.18581945190757657 0.18794444444444447 0.19390112842557766
21 0.9280833333333335 0.19874798495432563 0.1438240740740741 0.17935518538420203
18 0.3098240740740741 0.4545996775926921 0.17027777777777775 0.1848952176249328
15 0.4950185185185185 0.44721655024180546 0.18958333333333333 0.17725416442772696
36 0.6894351851851852 0.444416980118216 0.1869537037037038 0.1828586781300376
37 0.8772592592592593 0.44237506716818914 0.17817592592592588 0.176749059645352
37 0.3149351851851852 0.7218430951101558 0.15987037037037033 0.16040838259000537
37 0.49311111111111106 0.7115045674368619 0.1829907407407408 0.15202579258463195
36 0.8594259259259259 0.7016818914562063 0.16487962962962957 0.11641590542718973
1 0.45555555555555555 0.9341751746372918 0.14814814814814814 0.13164965072541646