8 0.9593703703703703 0.3620987654320988 0.05970370370370372 0.09190123456790115
8 0.90525 0.3627469135802469 0.04465740740740742 0.09708024691358023
7 0.8506481481481482 0.3598333333333333 0.060675925925925904 0.09319753086419755
7 0.789 0.35627777777777775 0.05582407407407404 0.09448765432098762
14 0.5308981481481482 0.6781728395061729 0.0669074074074074 0.08891975308641986
12 0.5899814814814814 0.6909197530864197 0.04778703703703695 0.05937654320987658
12 0.636037037037037 0.6867222222222222 0.0408425925925925 0.05387037037037036
20 0.4402407407407407 0.6797160493827161 0.10038888888888885 0.09917283950617282
20 0.3335092592592593 0.6833456790123457 0.10945370370370373 0.10804320987654327
20 0.21649074074074073 0.6893888888888888 0.11852777777777777 0.11046296296296285
20 0.08737962962962964 0.6960432098765431 0.1191296296296296 0.11328395061728394
16 0.11187962962962963 0.8591543209876543 0.1250462962962963 0.07552469135802463
16 0.2303425925925926 0.8453641975308642 0.11000000000000001 0.07677777777777785
16 0.3370462962962963 0.8397222222222221 0.0977777777777778 0.08179629629629644