0 0.07592592592592592 0.23618090452261306 0.15185185185185185 0.4723618090452261
3 0.19552777777777777 0.24435510887772194 0.07799074074074076 0.3875041876046902
3 0.27814814814814814 0.26653266331658293 0.08233333333333333 0.4128140703517588
7 0.38316666666666666 0.2748241206030151 0.0863796296296296 0.4049246231155779
27 0.4751944444444445 0.31400335008375213 0.08097222222222226 0.38536013400335006
31 0.5550462962962963 0.3422948073701842 0.07526851851851848 0.34400335008375205
23 0.6403888888888889 0.3390284757118928 0.08957407407407408 0.35924623115577886
5 0.7445833333333333 0.3165829145728643 0.10249074074074078 0.31706867671691785
10 0.8914814814814814 0.3662311557788944 0.1466759259259259 0.39189279731993304
18 0.38462037037037033 0.7873869346733667 0.1295 0.28596314907872694
15 0.2485185185185185 0.7783417085427135 0.1396666666666667 0.29599664991624786
17 0.5068148148148148 0.8288777219430487 0.10724999999999998 0.21232830820770526
12 0.7144722222222222 0.8686264656616416 0.06212037037037029 0.19155778894472356