34 0.8801485148514852 0.2389537037037037 0.2397029702970297 0.11712962962962963
25 0.655940594059406 0.221 0.17217821782178222 0.1479074074074074
23 0.32834983498349835 0.2282685185185185 0.09904290429042902 0.12482407407407407
30 0.2364851485148515 0.2496388888888889 0.07518151815181519 0.08062962962962963
26 0.15084158415841584 0.24911111111111112 0.08278877887788781 0.0795648148148148
29 0.6404290429042905 0.39651851851851855 0.14635313531353145 0.1300740740740741
33 0.49620462046204616 0.39501851851851855 0.1378052805280528 0.14026851851851851
10 0.8635313531353135 0.5486666666666666 0.12445544554455448 0.09405555555555549
10 0.7225742574257425 0.5500925925925926 0.13714521452145217 0.10687962962962969
10 0.5708250825082508 0.5529444444444443 0.15112211221122118 0.11115740740740737
5 0.40764026402640263 0.559 0.14985148514851485 0.11472222222222231
5 0.24635313531353134 0.5753888888888888 0.16254125412541254 0.09334259259259255
0 0.09524752475247525 0.5696851851851852 0.10412541254125411 0.12326851851851862
13 0.5286633663366337 0.699962962962963 0.1281188118811881 0.08325925925925932
18 0.6721947194719472 0.6790555555555555 0.14024752475247526 0.10175925925925934