37 0.12939278937381404 0.403375 0.10542694497153701 0.09961458333333333
20 0.5063757115749525 0.40425 0.10798861480075896 0.1315364583333333
39 0.6325711574952562 0.438625 0.1290702087286527 0.09716145833333331
38 0.7814421252371916 0.4430104166666667 0.14056925996204941 0.09610937499999998
30 0.6387286527514232 0.5519010416666668 0.06509487666034146 0.08891145833333335
2 0.7100759013282733 0.5620468750000001 0.060929791271347275 0.07718749999999996
2 0.7762144212523719 0.5681979166666667 0.058851992409867146 0.0797604166666666
26 0.8407969639468691 0.5840625 0.06405123339658443 0.06632291666666675
5 0.3858728652751423 0.6633593750000001 0.12069259962049339 0.10033854166666671
1 0.5106261859582543 0.670203125 0.11721062618595822 0.10256770833333324
0 0.6159487666034156 0.6770520833333333 0.0829791271347249 0.10225000000000009
3 0.6960246679316888 0.6912291666666667 0.06556925996204924 0.09365104166666664
32 0.8001707779886148 0.7025 0.13074952561669825 0.10745833333333342
6 0.17362428842504743 0.7556354166666667 0.06055977229601517 0.056265625000000104
5 0.25981973434535105 0.7529791666666666 0.09174573055028465 0.06708333333333343
9 0.3576660341555977 0.7648020833333333 0.09073055028462998 0.06870833333333337
9 0.4680455407969639 0.7746979166666667 0.10166982922201136 0.0756041666666666
4 0.5735578747628083 0.7827031249999999 0.10126185958254272 0.07070833333333344