23 0.1861934477379095 0.2782962962962963 0.04985959438377534 0.11645370370370368
22 0.2638221528861155 0.2840555555555555 0.04915756630265209 0.12715740740740744
31 0.31336973478939156 0.2912314814814815 0.04664586583463335 0.1058333333333333
29 0.38550702028081124 0.2692037037037037 0.09580343213728544 0.1741851851851852
32 0.4865054602184088 0.30842592592592594 0.10180967238689546 0.1430277777777778
11 0.20124804992199688 0.4561203703703704 0.09960998439937599 0.14309259259259255
15 0.31485179407176284 0.4882037037037037 0.09380655226209048 0.11900925925925923
15 0.4123244929797192 0.5099074074074075 0.09352574102964122 0.11917592592592596
18 0.5115756630265211 0.5345 0.10368174726989085 0.12186111111111117
33 0.6251326053042121 0.5498796296296297 0.10535101404056157 0.14689814814814822
4 0.4008424336973479 0.64625 0.11519500780031207 0.11002777777777771
4 0.5123088923556942 0.6822685185185186 0.10115444617784716 0.11030555555555545
4 0.6188611544461778 0.7215833333333332 0.10468018720748834 0.12004629629629639
9 0.7488611544461778 0.7430185185185185 0.13416536661466458 0.10646296296296298
15 0.49748829953198126 0.864574074074074 0.07670826833073316 0.09106481481481474
32 0.7147737909516381 0.9511018518518519 0.11297971918876748 0.0977962962962962