38 0.16769444444444445 0.14726229508196723 0.06291666666666666 0.07944808743169399
39 0.23448148148148149 0.13472677595628416 0.06545370370370372 0.0843169398907104
40 0.4064259259259259 0.11192896174863387 0.0764444444444445 0.09734426229508195
35 0.4955740740740741 0.09797814207650274 0.09836111111111112 0.1031256830601093
32 0.46994444444444444 0.28029508196721314 0.0970925925925926 0.1094918032786885
33 0.579537037037037 0.2730054644808743 0.10905555555555553 0.11080327868852458
33 0.6963148148148148 0.25801092896174865 0.1154814814814815 0.1374754098360656
25 0.13742592592592592 0.4090491803278688 0.0763888888888889 0.10693989071038254
32 0.35568518518518516 0.42883606557377046 0.07883333333333332 0.10765573770491803
22 0.46773148148148147 0.44292896174863383 0.056305555555555505 0.10093989071038253
34 0.27599999999999997 0.566464480874317 0.11416666666666665 0.0845409836065574