10 0.45630725190839694 0.7189374999999999 0.045667938931297725 0.07701041666666673
10 0.404513358778626 0.6947552083333334 0.04975190839694655 0.0718020833333334
10 0.34044847328244277 0.666296875 0.04430343511450377 0.07068229166666669
27 0.7793797709923663 0.6646197916666666 0.057929389312977135 0.11495312500000002
27 0.7210973282442749 0.6566197916666667 0.05315839694656492 0.11607291666666673
27 0.6679389312977099 0.6393229166666666 0.046345419847328186 0.1030520833333334
27 0.6181870229007633 0.6205364583333334 0.05043893129770983 0.09672395833333335
27 0.5323091603053435 0.5991458333333333 0.032719465648854924 0.08891145833333335
27 0.49004770992366414 0.5885416666666666 0.04907442748091604 0.09151562500000002
27 0.3823568702290076 0.559890625 0.02999045801526713 0.07365104166666665
20 0.40791984732824427 0.43284895833333337 0.0688358778625954 0.09411979166666669
20 0.346574427480916 0.4190833333333333 0.04975190839694655 0.07626562500000003