32 0.6660335195530727 0.26119270833333336 0.14228119180633142 0.14528645833333337
10 0.5086405959031657 0.47786979166666665 0.11163873370577285 0.12140104166666668
5 0.6323463687150838 0.4566354166666667 0.12324953445065188 0.11291145833333331
3 0.20959031657355676 0.6899062499999999 0.09601489757914336 0.0943177083333334
20 0.4770204841713222 0.6462083333333334 0.11592178770949721 0.08422395833333335
18 0.6002700186219739 0.6307395833333334 0.11325884543761648 0.09055729166666661
16 0.7068621973929237 0.6117343749999999 0.09060521415270013 0.07341666666666669
4 0.1767783985102421 0.86146875 0.15573556797020482 0.08711458333333345
9 0.3291992551210428 0.8243020833333333 0.1240037243947858 0.08300520833333327
15 0.4575512104283054 0.802359375 0.09938547486033515 0.056796875000000094
18 0.5646368715083798 0.779765625 0.10783054003724389 0.08988020833333342
36 0.7833985102420856 0.7250208333333333 0.09272811918063308 0.0683750000000001
2 0.42216945996275607 0.9524583333333333 0.054487895716945976 0.06096354166666676
12 0.47693668528864064 0.9372135416666667 0.04718808193668529 0.06630208333333343
12 0.5325512104283054 0.9191458333333333 0.05392923649906897 0.06221875000000002
30 0.6640130353817505 0.886625 0.044944134078212274 0.04933333333333323
30 0.7095158286778398 0.87515625 0.038202979515828656 0.04965104166666663