12 0.45780168381665104 0.21697395833333333 0.05370439663236672 0.06158854166666667
30 0.513956969130028 0.22180208333333334 0.04884003741814784 0.052932291666666666
12 0.5708138447146867 0.22232291666666668 0.052946679139382516 0.054385416666666644
2 0.6274836295603368 0.2138125 0.055182413470533216 0.07099479166666664
2 0.6862020579981291 0.21370833333333333 0.05182413470533217 0.07286458333333332
2 0.745865294667914 0.2143958333333333 0.05942001870907388 0.07200520833333333
2 0.8058746492048644 0.217421875 0.05126286248830678 0.07027604166666664
2 0.8649017773620206 0.21634375 0.05436856875584648 0.07330208333333334
38 0.612086061739944 0.33798958333333334 0.11002806361085138 0.0801666666666667
40 0.7321702525724977 0.33886458333333336 0.11506080449017773 0.07771354166666669
15 0.2050514499532273 0.44595833333333335 0.12436856875584655 0.09561979166666662
18 0.3312722170252572 0.4451354166666667 0.11769878391019639 0.09479687499999999
13 0.44638914873713753 0.4547291666666667 0.10179607109448087 0.07622395833333329
17 0.5543311506080449 0.45521875 0.0976987839101965 0.07524479166666669
21 0.8059027128157156 0.45081770833333334 0.1094013096351731 0.09446354166666673
3 0.7719363891487372 0.5665729166666666 0.06475210477081388 0.0926041666666667
31 0.6849672591206736 0.5695781249999999 0.05967259120673523 0.08093750000000005
23 0.5451169317118802 0.5659739583333334 0.06513564078578121 0.08971354166666666
27 0.6171936389148737 0.56575 0.05971000935453688 0.08827604166666674
1 0.1899625818521983 0.6810833333333334 0.10763330215154353 0.09556250000000001
1 0.30167446211412535 0.6823802083333333 0.09949485500467728 0.08972916666666678
5 0.41367633302151546 0.68934375 0.10472404115996263 0.08940624999999992
5 0.5230589335827877 0.6888593749999999 0.10356407857811042 0.09296875
4 0.6327315247895229 0.7014947916666666 0.10763330215154344 0.07288541666666669
4 0.7397848456501404 0.7000364583333333 0.09483629560336752 0.07839583333333332
9 0.8378203928905519 0.6989010416666667 0.08261927034611781 0.07547916666666671