23 0.08560185185185186 0.3473698781838317 0.13340740740740742 0.15623477297895907
23 0.22957407407407407 0.3423864894795127 0.10784259259259261 0.1582281284606866
22 0.1951111111111111 0.5411683277962347 0.11450925925925927 0.14493355481727568
22 0.3118425925925926 0.5361849390919159 0.10338888888888886 0.1442691029900332
29 0.6792685185185185 0.5315282392026578 0.16009259259259268 0.15490586932447403
28 0.8660462962962964 0.5355204872646733 0.1890000000000001 0.15357696566998888
34 0.8438055555555555 0.7200055370985603 0.26903703703703696 0.11435215946843853
33 0.6008981481481481 0.7126965669988926 0.16342592592592592 0.13296788482834987
32 0.42135185185185187 0.7043853820598006 0.1489722222222222 0.11102436323366568
31 0.2940555555555555 0.7173477297895903 0.09450000000000006 0.12764673311184951
31 0.18287962962962961 0.7123643410852714 0.09894444444444446 0.12166112956810621
30 0.08282407407407408 0.7422812846068659 0.08337962962962961 0.08044296788482846
2 0.08478703703703704 0.879296788482835 0.07116666666666668 0.10876522702104088
19 0.7362870370370371 0.8682613510520487 0.16518518518518527 0.11717054263565899
16 0.905861111111111 0.8700996677740864 0.1634259259259258 0.11664451827242517