23 0.9101481481481482 0.49965238480194024 0.06475925925925931 0.12354082457558604
23 0.8407592592592592 0.4966693613581245 0.06574999999999999 0.12042037186742122
23 0.7769722222222222 0.48936135812449477 0.0633148148148147 0.10438156831042855
20 0.6945833333333333 0.4931204527081649 0.07730555555555556 0.12183508488278096
20 0.60925 0.48872271624898944 0.07079629629629633 0.12155214227970908
11 0.3946296296296296 0.1361034761519806 0.08847222222222217 0.13286984640258692
11 0.3121574074074074 0.16987873888439772 0.06492592592592593 0.15501212611156023
11 0.2375648148148148 0.16341956345998385 0.07500925925925925 0.11797089733225546
0 0.1439537037037037 0.19514147130153597 0.05680555555555556 0.12607113985448667
0 0.0930925925925926 0.20109943411479386 0.0428425925925926 0.12096200485044462
0 0.053518518518518514 0.19116410670978176 0.03358333333333334 0.08974130962004852
5 0.16477777777777777 0.33865804365400165 0.0573240740740741 0.09233629749393697
33 0.27112037037037034 0.5881002425222313 0.05162962962962962 0.0901131770412288
33 0.3273888888888889 0.5903071948261924 0.05851851851851856 0.08248989490703311
33 0.38734259259259257 0.6031932093775263 0.0555462962962963 0.08721099434114785
11 0.5341666666666667 0.6228860145513339 0.07815740740740748 0.10153597413096194
13 0.6089814814814816 0.6411883589329022 0.07366666666666662 0.10103476151980599
39 0.6541203703703704 0.7873565076798706 0.08071296296296303 0.10237671786580435
8 0.7316666666666667 0.8014955537590946 0.05946296296296299 0.1055214227970898
8 0.796712962962963 0.8151657235246563 0.06179629629629631 0.11087308003233629
8 0.8577037037037037 0.8283508488278093 0.048685185185185116 0.10784155214227978
0 0.9320092592592594 0.8395230396119644 0.05888888888888891 0.11244947453516566
30 0.29762037037037037 0.7110266774454325 0.023027777777777782 0.06294260307194818
2 0.21707407407407406 0.6928940986257074 0.026935185185185163 0.06696847210994335
10 0.31401851851851853 0.8224494745351657 0.05210185185185184 0.08192400970088919
10 0.21544444444444444 0.7916814874696847 0.045379629629629624 0.0625949878738885