25 0.17131481481481484 0.10696581196581197 0.22862962962962965 0.21393162393162393
24 0.34537962962962965 0.1264369658119658 0.11323148148148145 0.20318910256410255
24 0.4646203703703704 0.13156517094017092 0.11102777777777775 0.187991452991453
11 0.6302592592592592 0.1392735042735043 0.16349999999999992 0.20341346153846152
11 0.7871018518518519 0.1539690170940171 0.1402314814814815 0.18882478632478633
29 0.24466666666666667 0.33713675213675215 0.1567037037037037 0.1615598290598291
29 0.3979259259259259 0.3505128205128205 0.14330555555555555 0.13876602564102564
29 0.5372962962962963 0.35881410256410257 0.1279166666666667 0.11820512820512818
19 0.6698518518518519 0.3486004273504274 0.1275092592592593 0.1322435897435897
16 0.7995092592592593 0.35971153846153847 0.12403703703703707 0.1086271367521367
27 0.05752777777777779 0.5667414529914531 0.10685185185185185 0.15152243589743594
27 0.16394444444444445 0.5582799145299144 0.09649074074074072 0.1466346153846154
27 0.26334259259259263 0.5501388888888888 0.09085185185185185 0.14239316239316235
31 0.3567407407407407 0.5485256410256409 0.08646296296296296 0.1296047008547008
31 0.44524074074074077 0.5366613247863248 0.08308333333333336 0.1221367521367522
31 0.5276759259259259 0.5355769230769232 0.07602777777777768 0.11996794871794873
32 0.123 0.7763728632478631 0.18558333333333335 0.1337553418803418
31 0.2555277777777778 0.7631784188034189 0.07074999999999997 0.13061965811965812
31 0.33323148148148146 0.7519284188034188 0.0779444444444445 0.12360042735042741
33 0.4321759259259259 0.7320673076923078 0.11492592592592588 0.13028846153846158
33 0.5483888888888889 0.7116613247863248 0.10880555555555554 0.1155395299145299
15 0.6674722222222222 0.7066720085470086 0.11971296296296292 0.1055608974358975
20 0.7738148148148148 0.6906837606837607 0.08537037037037042 0.11756410256410252