23 0.752219884271436 0.19727777777777777 0.05455549710678592 0.23135185185185186
22 0.8064018937401368 0.1965 0.05041557075223574 0.23107407407407407
31 0.8629089952656497 0.21253703703703702 0.05596528143082581 0.2293425925925926
30 0.9575276170436612 0.22711111111111112 0.04835349815886379 0.14131481481481484
26 0.9102472382956339 0.23062037037037036 0.038437664387164734 0.14499074074074078
15 0.3353024723829563 0.47556481481481483 0.08151499210941611 0.16126851851851853
19 0.5390531299316149 0.45985185185185184 0.08395055234087324 0.1808518518518518
19 0.6271699105733824 0.44408333333333333 0.08324566017885324 0.1904166666666667
32 0.7564702788006312 0.4521481481481481 0.08188321935823244 0.17592592592592587
32 0.8489058390320884 0.44199074074074074 0.0937401367701209 0.20764814814814814
2 0.7909100473435035 0.6911481481481482 0.030831141504471398 0.14525925925925937