1 0.27544022242817423 0.152234375 0.13931417979610752 0.11206249999999998
0 0.40928637627432807 0.15734895833333334 0.09014828544949025 0.13048437499999999
0 0.5053475440222428 0.17039583333333336 0.08558850787766448 0.12690104166666666
1 0.6118813716404078 0.18677083333333336 0.09651529193697878 0.11052604166666669
11 0.2962279888785913 0.34614062500000004 0.1469416126042632 0.15308333333333338
11 0.7692678405931418 0.37222916666666667 0.11734939759036135 0.11490625000000006
16 0.4467006487488415 0.5374479166666667 0.12317886932344765 0.11182812500000001
18 0.5834198331788694 0.5345989583333334 0.11235403151065804 0.1038385416666666
13 0.6866357738646895 0.5395 0.08228915662650599 0.07775520833333331
13 0.7722706209453197 0.5364635416666667 0.07766450417052823 0.07110416666666666
36 0.8873586654309547 0.5132604166666667 0.09487488415199248 0.08687500000000004
8 0.14929564411492122 0.7238229166666666 0.10329935125115847 0.11519270833333337
3 0.2646987951807229 0.7115781250000001 0.09200185356811862 0.11428645833333324
27 0.3542817423540315 0.701828125 0.07424467099165896 0.10113541666666657
31 0.4955050973123262 0.6961614583333334 0.06940685820203897 0.09705208333333341
4 0.15421686746987953 0.893578125 0.15452270620945316 0.1082916666666667
4 0.2996478220574606 0.8774010416666667 0.11816496756255793 0.09296875
5 0.46340129749768305 0.85471875 0.1306858202038925 0.0936770833333334
20 0.6895829471733086 0.8252447916666666 0.10400370713623729 0.09105729166666662
20 0.7916960148285449 0.8068229166666666 0.08968489341983316 0.08809374999999993
38 0.8945690454124189 0.7987760416666667 0.08742354031510652 0.08046875