34 0.8669513991163476 0.6632499999999999 0.2263033873343152 0.10322222222222224
34 0.6187039764359352 0.6577777777777778 0.24561119293078054 0.10009259259259251
31 0.44104565537555235 0.6355000000000001 0.09154639175257727 0.13834259259259266
32 0.23997054491899852 0.6497685185185185 0.13798232695139911 0.10504629629629633
23 0.4916053019145803 0.9111851851851851 0.07779086892488962 0.12588888888888883
3 0.9233578792341679 0.9436666666666667 0.0774668630338732 0.10718518518518518
16 0.7225478645066274 0.4018796296296296 0.1655964653902799 0.11564814814814812
18 0.5617673048600884 0.40744444444444444 0.14933726067746683 0.11160185185185183
15 0.4096465390279823 0.4136388888888889 0.14312223858615616 0.10629629629629625
15 0.2577908689248895 0.39973148148148147 0.15718703976435938 0.13917592592592598
16 0.10695139911634757 0.40364814814814814 0.13908689248895434 0.13942592592592595
20 0.8865243004418263 0.38539814814814816 0.14592047128129593 0.14227777777777775
29 0.20714285714285716 0.8612407407407408 0.14116347569955814 0.14312962962962955