22 0.24390243902439024 0.14959375000000003 0.064624765478424 0.12905208333333332
23 0.31621951219512195 0.16191145833333334 0.07344277673545963 0.11796875
32 0.6074859287054409 0.21020833333333336 0.07130393996247654 0.10767708333333334
31 0.6638180112570357 0.21020833333333336 0.0370731707317073 0.07917187499999999
31 0.6998217636022513 0.21179166666666666 0.030656660412758035 0.074421875
33 0.7950093808630394 0.21654166666666666 0.05704502814258907 0.08313541666666667
30 0.7279831144465291 0.2373229166666667 0.025666041275797278 0.06294270833333335
18 0.5608255159474672 0.50796875 0.06891181988742968 0.08105208333333327
17 0.7501125703564728 0.478140625 0.03672607879924961 0.051098958333333284
15 0.4801219512195122 0.5253333333333333 0.08432457786116321 0.09414062499999994
14 0.40440900562851784 0.5335156249999999 0.06166041275797375 0.09691145833333335
13 0.7090806754221388 0.48619270833333333 0.044427767354596526 0.050093750000000034
12 0.3425234521575985 0.5551614583333334 0.053048780487804835 0.06871875000000002
5 0.5745121951219512 0.6364427083333334 0.06973733583489673 0.08195312499999995
5 0.6388273921200751 0.6176458333333333 0.049427767354596676 0.06691666666666668
10 0.48649155722326454 0.6588072916666667 0.06297373358348962 0.07931770833333332
9 0.40693245778611636 0.6879427083333333 0.08530956848030014 0.07067187500000002