9 0.31583333333333335 0.18201923076923077 0.12889814814814818 0.2819230769230769
9 0.4505 0.18480769230769228 0.12120370370370369 0.2630448717948718
9 0.582287037037037 0.18924679487179488 0.12569444444444444 0.29190705128205136
4 0.7281759259259258 0.2008974358974359 0.1404444444444445 0.2774839743589744
4 0.8766296296296296 0.22530448717948717 0.13851851851851843 0.264150641025641
20 0.7548240740740741 0.7093269230769231 0.11052777777777768 0.3682051282051282
20 0.8765277777777778 0.7220512820512821 0.11116666666666662 0.34940705128205135
11 0.623212962962963 0.6872115384615385 0.13608333333333336 0.3881089743589743
15 0.4848981481481482 0.7447115384615385 0.12266666666666669 0.29301282051282057
19 0.3564907407407407 0.7297916666666666 0.12266666666666669 0.32065705128205124
18 0.22487962962962962 0.7220512820512821 0.13033333333333333 0.30517628205128194
18 0.0926388888888889 0.7065705128205128 0.12522222222222223 0.32065705128205124