16 0.8188148148148149 0.2131058570660935 0.13467592592592598 0.15005910800644817
19 0.6821296296296296 0.4215475550779151 0.13874999999999993 0.12824825362708225
20 0.21534259259259259 0.44213326168726486 0.15067592592592594 0.1614024717893605
34 0.06686111111111111 0.4665448683503493 0.13372222222222221 0.12642665233745295
40 0.8394537037037038 0.5870768404083826 0.09963888888888879 0.09322407307898986
38 0.9428240740740741 0.5748790972595378 0.09760185185185183 0.08929070392262228
22 0.7587962962962963 0.7349758194519076 0.04405555555555549 0.10030628694250407
8 0.4781851851851852 0.7943686190220312 0.07523148148148148 0.11131649650725409
9 0.27959259259259256 0.8409833422890919 0.12946296296296297 0.10777538957549714
9 0.1301388888888889 0.8767759269210103 0.14775925925925928 0.09833960236432013
27 0.7082962962962963 0.8958516926383665 0.05015740740740748 0.10030628694250407
27 0.6445833333333333 0.9064750134336379 0.06371296296296292 0.0971574422353573
27 0.5815555555555556 0.9196507254164428 0.05287037037037028 0.10777538957549714
35 0.7872685185185185 0.861241268135411 0.10099074074074069 0.08850617947340142