36 0.2435274542429285 0.1203425925925926 0.11239600665557406 0.09835185185185184
36 0.5355241264559069 0.12713888888888888 0.13439267886855238 0.09291666666666668
35 0.8446256239600666 0.1275925925925926 0.1303161397670548 0.09745370370370371
21 0.3503993344425957 0.2596759259259259 0.13575707154742092 0.10670370370370372
26 0.49294509151414306 0.6455555555555555 0.05642262895174704 0.06043518518518517
31 0.5519301164725458 0.6352037037037037 0.05525790349417643 0.08046296296296304
9 0.30000000000000004 0.7446018518518518 0.10865224625623962 0.07894444444444444
3 0.3952911813643927 0.7392222222222222 0.0718635607321131 0.08691666666666678
15 0.5861730449251248 0.7446018518518518 0.11723793677204665 0.09128703703703696
18 0.7098003327787021 0.7456481481481481 0.11770382695507489 0.09496296296296292
13 0.8263227953410982 0.7574907407407407 0.10211314475873536 0.07287037037037042