39 0.1938045540796964 0.3341822916666667 0.09276091081593926 0.06456250000000002
40 0.2952656546489563 0.33804687499999997 0.10850094876660343 0.06592708333333329
40 0.39921252371916505 0.3428229166666667 0.08778937381404171 0.06547395833333335
21 0.5242789373814042 0.3428229166666667 0.129203036053131 0.09093229166666662
14 0.8410815939278937 0.6015312500000001 0.09193548387096782 0.10821354166666666
23 0.7441745730550284 0.5860729166666666 0.07205882352941181 0.09093229166666675
23 0.6638330170777988 0.5756145833333334 0.07039848197343458 0.0882083333333334
23 0.5863946869070208 0.5649270833333334 0.0629506641366223 0.08684375000000007
32 0.09181214421252372 0.62990625 0.07025616698292218 0.08329687499999991
32 0.026565464895635674 0.61171875 0.05313092979127135 0.0703125
37 0.18007590132827325 0.6508125 0.08974383301707783 0.06417187500000002
37 0.1669449715370019 0.5082760416666667 0.08242884250474383 0.07401041666666668
33 0.0757874762808349 0.37866666666666665 0.07055028462998104 0.08934895833333331
12 0.1800379506641366 0.7749947916666666 0.039364326375711585 0.04981249999999993