15 0.4281388888888889 0.19177056050288108 0.15327777777777774 0.12256678889470927
15 0.5843611111111111 0.19323205866946044 0.14590740740740735 0.11881613410162387
15 0.5825185185185185 0.38 0.1363240740740741 0.11130958617077004
15 0.4399351851851852 0.38167103195390256 0.15032407407407405 0.11214772132006282
15 0.5541481481481482 0.5382137244630697 0.14148148148148143 0.1017234154007334
15 0.6226851851851852 0.6999685699319015 0.13412037037037028 0.1017234154007334
11 0.47050925925925924 0.6989261393399686 0.15253703703703705 0.13632792037716082
34 0.8393333333333334 0.8658931377684652 0.16653703703703715 0.09255107386065994
34 0.6514259259259259 0.8884075432163436 0.18717592592592602 0.09921948664222098
34 0.8415462962962963 0.6880880041906757 0.1768611111111111 0.09546883184913567
34 0.855175925925926 0.5327920377160817 0.1790648148148149 0.09588789942378206
34 0.8327037037037037 0.38104243059193293 0.18570370370370365 0.09838658983761128
34 0.8397037037037037 0.2084494499738083 0.16727777777777786 0.09588789942378212
27 0.9662037037037037 0.8373493975903614 0.06759259259259259 0.10843373493975904
27 0.9694074074074075 0.668496595075956 0.06118518518518512 0.1088108957569407
27 0.9749351851851853 0.5236249345206914 0.05012962962962951 0.12423782084861182
27 0.9638796296296296 0.3760398114195914 0.06928703703703697 0.10839182818229444
27 0.9638796296296296 0.20803038239916186 0.07224074074074073 0.10338920900995285