11 0.74483781278962 0.16519270833333338 0.11732159406858195 0.22201562500000002
15 0.8490824837812789 0.20616666666666666 0.08379054680259507 0.15202083333333333
36 0.6424003707136237 0.4227447916666666 0.10972196478220583 0.12890625
36 0.8297219647822057 0.41579166666666667 0.06594068582020397 0.10804166666666669
25 0.8276645041705282 0.5819895833333334 0.08816496756255802 0.145703125
25 0.7146709916589434 0.5969427083333334 0.10547729379054675 0.1500729166666666
26 0.37752548656163115 0.7149583333333334 0.06493975903614452 0.10420833333333329
26 0.3003707136237257 0.7377812499999999 0.07432808155699726 0.1078802083333334
3 0.22185356811862836 0.7409583333333334 0.06988878591288226 0.15442187500000013
27 0.33688600556070436 0.9348958333333334 0.08433734939759036 0.13020833333333334
23 0.42253938832252086 0.9127395833333334 0.06969416126042637 0.14489583333333325
23 0.49359592215013903 0.8806822916666667 0.06969416126042637 0.1425416666666666
31 0.5735495829471733 0.8648645833333333 0.07801668211306771 0.11622916666666659
31 0.6489620018535681 0.8426614583333334 0.06208526413345691 0.1069583333333334