18 0.12041666666666667 0.39792422625400214 0.15194444444444447 0.12628601921024551
16 0.27443518518518517 0.398820704375667 0.14987962962962964 0.12449839914621129
18 0.3514351851851852 0.5638260405549625 0.14471296296296293 0.12092849519743858
18 0.49718518518518523 0.5665048025613661 0.13850925925925925 0.12271077908217717
16 0.6429259259259259 0.567102454642476 0.13644444444444434 0.12271077908217717
17 0.7860833333333334 0.5802081109925293 0.125074074074074 0.09888473852721448
13 0.9173611111111111 0.5805069370330842 0.12713888888888883 0.09829242262540018
13 0.5747037037037036 0.4065635005336179 0.14677777777777776 0.11020277481323372
13 0.42379629629629634 0.4053735325506937 0.144712962962963 0.11020277481323372
20 0.2124166666666667 0.55965848452508 0.11887037037037039 0.1292636072572039
20 0.07649074074074072 0.556675560298826 0.12610185185185185 0.1292636072572038
35 0.18084259259259258 0.21819637139807896 0.1419259259259259 0.12506403415154752
35 0.052648148148148145 0.2184631803628602 0.10529629629629629 0.11925827107790822
39 0.4880370370370371 0.22717182497331911 0.13734259259259257 0.10078975453575242
38 0.6354537037037037 0.22532017075773747 0.13917592592592587 0.10026147278548556