14 0.6854221388367729 0.151328125 0.12315196998123824 0.16355729166666666
14 0.553499061913696 0.152640625 0.1203939962476547 0.15846875
26 0.43420262664165105 0.18664583333333334 0.08734521575984992 0.104953125
26 0.2246529080675422 0.18409895833333334 0.05988742964352718 0.10264062499999999
0 0.11606003752345216 0.15564583333333332 0.12600375234521574 0.1644791666666667
7 0.05342401500938086 0.4027760416666667 0.09796435272045029 0.1251614583333333
27 0.14899624765478425 0.4066458333333333 0.08381801125703563 0.11579166666666664
27 0.2355534709193246 0.40890625 0.08584427767354598 0.11751562499999994
22 0.32811444652908067 0.4099791666666667 0.08462476547842405 0.11966145833333333
23 0.41645403377110696 0.41052083333333333 0.07979362101313327 0.11536458333333334
31 0.5001031894934334 0.4145572916666667 0.07643527204502816 0.11004166666666665
14 0.6842589118198874 0.40835937499999997 0.10788930581613508 0.12513541666666667
16 0.803499061913696 0.6277447916666666 0.14859287054409015 0.12151041666666676
15 0.6541369606003752 0.6269270833333334 0.14818011257035651 0.12220833333333327
25 0.2030018761726079 0.6090260416666666 0.14298311444652909 0.14588541666666663
15 0.7051688555347092 0.8288125 0.1374296435272045 0.13201041666666669
6 0.5668667917448404 0.8426510416666667 0.12320825515947459 0.095171875
4 0.41291744840525324 0.8385937499999999 0.15265478424015005 0.12659895833333343
4 0.24079737335834897 0.8142447916666666 0.1476172607879925 0.12783854166666658
4 0.5432082551594746 0.743484375 0.12505628517823636 0.07859375000000005