27 0.29462037037037037 0.6577882599580712 0.07084259259259258 0.07251572327044031
26 0.4276944444444445 0.6660324947589098 0.041712962962962924 0.057526205450733864
26 0.47122222222222226 0.6685587002096436 0.0466759259259259 0.051341719077568154
26 0.3856574074074074 0.8026310272536687 0.043694444444444494 0.05265199161425579
26 0.4326574074074074 0.801975890985325 0.042370370370370364 0.0524633123689727
26 0.47966666666666663 0.803380503144654 0.04038888888888884 0.05153039832285124
26 0.5256759259259259 0.8039412997903564 0.037740740740740734 0.05227987421383648
26 0.5715277777777777 0.8023480083857443 0.038731481481481415 0.053590146750524106
26 0.6165462962962963 0.8041299790356394 0.047333333333333234 0.05602725366876315
26 0.665212962962963 0.8037526205450733 0.04203703703703712 0.053778825995807196
26 0.7075833333333333 0.8030031446540881 0.038064814814814725 0.05452830188679243
26 0.7527685185185186 0.8050628930817609 0.044361111111111184 0.05153039832285124
30 0.8406574074074074 0.8030031446540881 0.036083333333333356 0.05602725366876315
30 0.7951388888888888 0.8029088050314466 0.03574999999999991 0.05321278825995818
30 0.5266574074074074 0.6693553459119498 0.05525925925925932 0.055712788259958165
40 0.928888888888889 0.44881027253668765 0.09751851851851856 0.06926100628930823
12 0.8534722222222222 0.4508700209643606 0.05087962962962967 0.06377358490566042
13 0.6290462962962963 0.4481236897274633 0.08540740740740742 0.06582809224318653
14 0.7944166666666667 0.43904088050314466 0.06117592592592587 0.08125786163522011
17 0.7174814814814815 0.44761006289308175 0.0793518518518519 0.0668605870020964
21 0.2955277777777778 0.3118186582809225 0.10320370370370374 0.07919287211740036
36 0.8458425925925925 0.3123008385744235 0.09169444444444443 0.0808280922431866
12 0.8069351851851851 0.8969339622641509 0.04872222222222212 0.06547169811320759
12 0.7562407407407408 0.8988836477987421 0.04380555555555551 0.0615670859538783
12 0.7065277777777778 0.8969339622641509 0.04774074074074069 0.06547169811320759
2 0.8849444444444444 0.8951205450733754 0.04724999999999997 0.061289308176100656
2 0.9385925925925925 0.8864884696016772 0.05118518518518516 0.05627358490566032
2 0.9837962962962963 0.8867924528301887 0.032407407407407406 0.05555555555555555