16 0.8399263622974963 0.3630185185185185 0.16017673048600883 0.10869444444444443
16 0.5236818851251841 0.3723148148148148 0.14727540500736377 0.10603703703703703
18 0.6774963181148748 0.3674351851851852 0.15390279823269515 0.10224999999999995
18 0.3735051546391753 0.3768518518518518 0.13997054491899852 0.10414814814814817
20 0.2423416789396171 0.3717222222222222 0.1152724594992636 0.11679629629629629
34 0.8506627393225332 0.6122962962962962 0.21952871870397636 0.09718518518518522
34 0.6142562592047128 0.6103055555555555 0.2348895434462445 0.09056481481481476
31 0.45067746686303384 0.5899351851851852 0.09079528718703973 0.12919444444444442
30 0.36818851251840945 0.623537037037037 0.0563033873343152 0.0588148148148148
32 0.10768777614138439 0.6014444444444444 0.12025036818851252 0.09664814814814825
29 0.2244624447717231 0.8103518518518518 0.11731958762886599 0.159537037037037
23 0.4951546391752577 0.8455555555555556 0.07500736377025029 0.1168888888888889
3 0.8918262150220913 0.8723425925925926 0.0693667157584682 0.09518518518518514