0 0.11552777777777776 0.06336751214247167 0.07349999999999998 0.12673502428494335
0 0.19490740740740742 0.06287101996762008 0.075 0.12574203993524016
0 0.2806666666666667 0.058467350242849436 0.08413888888888889 0.11693470048569887
0 0.3611111111111111 0.06098219104155424 0.07222222222222222 0.12196438208310847
0 0.45802777777777787 0.060102536427415004 0.0919166666666667 0.12019967620075554
0 0.5451481481481482 0.059120345385860765 0.07690740740740735 0.11824069077172153
3 0.17937037037037037 0.20914193200215866 0.07606481481481485 0.09961683756071238
3 0.24712037037037035 0.20912574203993523 0.05141666666666664 0.09859147328656236
3 0.3165462962962963 0.21200215866162977 0.05567592592592592 0.10236373448461951
3 0.4148148148148148 0.21390178089584458 0.07674074074074073 0.10914193200215867
3 0.12341666666666666 0.3174473826227739 0.07317592592592594 0.11268213707501347
3 0.2006111111111111 0.3176956287101997 0.0691388888888889 0.11218564490016193
3 0.27455555555555555 0.3205396654074474 0.06880555555555551 0.11390178089584455
3 0.35206481481481483 0.3236697247706422 0.07731481481481481 0.11717754991905022
5 0.5955092592592592 0.3329519697787372 0.11368518518518515 0.1067566109012412
5 0.7127962962962964 0.34114948731786293 0.11146296296296285 0.1104964921748516
25 0.8417037037037036 0.33174311926605504 0.13523148148148145 0.13154883971937398
11 0.14062962962962963 0.4554830005396654 0.10425000000000002 0.11673502428494331
16 0.24584259259259258 0.4708041014570966 0.10162037037037037 0.09899082568807342
16 0.34887037037037033 0.47767943874797625 0.10014814814814813 0.09984349703184026
5 0.4909351851851852 0.49309228278467354 0.11587037037037042 0.08793308148947655
5 0.6054722222222222 0.4999028602266595 0.1125 0.08622773880194277
5 0.7297777777777777 0.49862924986508367 0.13006481481481483 0.1038424177010254
15 0.17087037037037037 0.5969670804101458 0.09828703703703708 0.07900161899622227
16 0.26683333333333337 0.6049703184025904 0.0920925925925926 0.08103076092822455
18 0.3701388888888889 0.6053966540744739 0.10437962962962964 0.0840960604425256
19 0.4781018518518519 0.6222450080949811 0.10450925925925932 0.09351861845655692
16 0.5864722222222222 0.6347166756610901 0.1080000000000001 0.09052347544522385
20 0.703675925925926 0.6406691851052349 0.1102222222222222 0.09580679978413395
20 0.8218981481481481 0.6426389638424177 0.11951851851851845 0.11225040474905558
20 0.9438425925925926 0.6644630329195899 0.11231481481481477 0.09944954128440378
7 0.02062037037037037 0.6958607663248786 0.04008333333333333 0.08324878575283312
15 0.1351111111111111 0.7097787371829466 0.08738888888888889 0.08187803561791679
13 0.22135185185185186 0.7281273610361576 0.07695370370370372 0.07037776578521308
17 0.3081944444444445 0.7381111710739342 0.09027777777777778 0.07063680518078784
6 0.599824074074074 0.7781435509983811 0.07719444444444434 0.05649757150566652
30 0.6689166666666666 0.784419859686994 0.04878703703703709 0.06439287641662178
14 0.7354444444444445 0.7727199136535348 0.06814814814814807 0.09830005396654079
23 0.8061018518518519 0.7863572584997301 0.06195370370370378 0.09870480302212634
31 0.8753425925925926 0.7971451699946033 0.06676851851851842 0.09431192660550446
27 0.940675925925926 0.7981003777657852 0.06066666666666676 0.09622234214786841