35 0.5665 0.33015583019881783 0.11137037037037034 0.0910478237506717
36 0.6564537037037037 0.44763567974207413 0.11404629629629637 0.09780763030628693
37 0.5342314814814815 0.4416657710908114 0.11674074074074067 0.08800107469102632
37 0.4155833333333333 0.4462547017732402 0.11421296296296299 0.07612573885008064
37 0.2767685185185185 0.44264373992477163 0.12156481481481478 0.08072004298764107
36 0.1455925925925926 0.4391993551853842 0.1260833333333333 0.08104782375067164
23 0.5811481481481481 0.6843686190220312 0.06562037037037048 0.09586243954862982
23 0.6380925925925925 0.6834927458355723 0.03620370370370362 0.08535733476625465
23 0.49516666666666664 0.6815260612573885 0.05355555555555553 0.0936700698549168
22 0.19440740740740742 0.8188232133261687 0.06861111111111108 0.10302525523911876
22 0.1132685185185185 0.8216657710908113 0.07187962962962961 0.10618484685652882