33 0.16227347611202636 0.32975925925925925 0.12780889621087313 0.09729629629629634
31 0.3301812191103789 0.3293240740740741 0.0716968698517298 0.09428703703703707
31 0.25790774299835256 0.3283148148148148 0.06319604612850084 0.09854629629629626
32 0.426820428336079 0.3358425925925926 0.11303130148270184 0.086
20 0.6190280065897859 0.5821574074074074 0.07532125205930812 0.059324074074074015
35 0.36670510708401977 0.7285092592592592 0.09484349258649093 0.069074074074074
35 0.4562438220757825 0.7154814814814815 0.08228995057660629 0.06536111111111104
30 0.16943986820428336 0.9026666666666666 0.04700164744645799 0.05359259259259269
12 0.22064250411861616 0.8876018518518519 0.0527841845140033 0.06217592592592601
12 0.2759637561779242 0.8774351851851852 0.049324546952224047 0.06033333333333341
33 0.06128500823723229 0.5061574074074073 0.1225535420098847 0.09062037037037042
40 0.7612850082372323 0.6022407407407407 0.07441515650741344 0.04765740740740743
39 0.8385831960461285 0.5936203703703704 0.070675453047776 0.04465740740740742
39 0.9081219110378913 0.58525 0.058813838550247195 0.04749074074074071