0 0.671324074074074 0.21435952637244346 0.14049074074074075 0.14287944025834232
0 0.8024722222222221 0.22402583423035521 0.10841666666666659 0.13892895586652318
0 0.9398703703703704 0.24054897739504846 0.12025925925925936 0.12569429494079656
4 0.8968240740740742 0.08227125941872983 0.09712962962962972 0.11589343379978474
0 0.7276666666666667 0.05869752421959096 0.07359259259259261 0.11739504843918191
0 0.8032037037037038 0.06623250807319699 0.06913888888888896 0.12041442411194835
0 0.6471203703703704 0.052669537136706135 0.07916666666666666 0.10533907427341227
4 0.6242592592592593 0.39940258342303553 0.12231481481481474 0.10865984930032298
4 0.7439629629629629 0.4016092572658773 0.10804629629629635 0.10338536060279867
4 0.8580185185185185 0.40693756727664154 0.10654629629629624 0.09358988159311092
4 0.9578703703703704 0.4085037674919268 0.08425925925925926 0.08719052744886975
3 0.9517037037037036 0.5293164693218515 0.07912037037037031 0.09940796555435949
0 0.9617037037037038 0.661178686759957 0.07659259259259252 0.10901506996770731
0 0.880175925925926 0.6710548977395048 0.072074074074074 0.11467168998923571
3 0.8873796296296297 0.5401776103336922 0.04203703703703712 0.08239504843918187
3 0.8426666666666667 0.5435737351991389 0.04492592592592591 0.08499461786867603
3 0.7913888888888889 0.5440742734122713 0.05056481481481472 0.08600107642626484
3 0.7272777777777778 0.5441603875134553 0.05649074074074073 0.09120021528525292
3 0.6678518518518518 0.5483961248654466 0.047268518518518474 0.09212594187298168
13 0.5736944444444445 0.5417868675995694 0.1305092592592593 0.1171636167922497
17 0.43727777777777777 0.5460871905274488 0.1367777777777778 0.12213132400430568
13 0.7895462962962964 0.6867653390742734 0.10150925925925935 0.11308934337997842
13 0.6764074074074073 0.6938428417653392 0.11439814814814811 0.11991388589881603
11 0.5510833333333333 0.7002368137782562 0.13513888888888892 0.13177072120559738
11 0.41371296296296295 0.7113939720129171 0.14784259259259255 0.14008073196986007
13 0.37492592592592594 0.8951829924650161 0.1328055555555555 0.11060279870828849
13 0.5015833333333334 0.8717599569429494 0.11453703703703708 0.10257265877287403
13 0.6127685185185184 0.8546124865446716 0.10674074074074072 0.10062432723358451
11 0.7262037037037037 0.8360764262648009 0.11459259259259258 0.1019268030139936
11 0.8366018518518519 0.8185522066738428 0.10259259259259255 0.0946071044133478
11 0.9368055555555556 0.7998439181916038 0.09187962962962964 0.09165769644779342