37 0.29850925925925925 0.3469556135770235 0.10010185185185186 0.08015665796344648
32 0.8178888888888889 0.3415456919060052 0.11223148148148152 0.09971801566579637
15 0.5922314814814815 0.6593211488250652 0.13502777777777772 0.08846997389033946
18 0.734212962962963 0.6674412532637076 0.10027777777777773 0.08174934725848573
16 0.8612962962962963 0.6703812010443864 0.10424999999999993 0.08594778067885125
22 0.7175185185185184 0.5647362924281984 0.057611111111111134 0.08177023498694519
22 0.7945462962962964 0.5656501305483029 0.058907407407407304 0.08140469973890332
31 0.8680185185185185 0.5702088772845954 0.05954629629629624 0.07520104438642292
37 0.20696296296296296 0.45470496083550915 0.09529629629629631 0.07781201044386422
37 0.3167962962962963 0.45587467362924283 0.09570370370370372 0.08027676240208878
37 0.4358148148148148 0.4565587467362924 0.09873148148148148 0.08027676240208878