27 0.37224813432835824 0.15369270833333332 0.08475746268656718 0.10615625000000001
27 0.28519589552238805 0.14686979166666667 0.08170708955223883 0.10956770833333333
27 0.18708022388059703 0.13514583333333335 0.10843283582089554 0.12107812500000001
25 0.46388059701492534 0.49113541666666666 0.11529850746268654 0.08185416666666671
25 0.3371268656716418 0.4894322916666667 0.12140858208955221 0.11766666666666671
25 0.19662313432835818 0.5081927083333333 0.1504291044776119 0.10658333333333327
25 0.05248134328358209 0.49581770833333333 0.10496268656716418 0.12707291666666667
35 0.895634328358209 0.46486979166666664 0.05185634328358201 0.06743750000000001
40 0.9586007462686567 0.57653125 0.04190298507462693 0.05447395833333341
38 0.9085074626865671 0.58365625 0.05369402985074622 0.05191145833333337
38 0.8464645522388059 0.5934375000000001 0.050093283582089594 0.05794791666666678
27 0.16302238805970148 0.8320208333333333 0.07041044776119405 0.09999479166666655
27 0.23841417910447762 0.8219791666666667 0.07271455223880596 0.0901666666666666
27 0.3080597014925373 0.8057395833333333 0.06199626865671645 0.08589583333333337
27 0.3704384328358209 0.7942031249999999 0.056641791044776145 0.08332812499999989
27 0.431669776119403 0.7792447916666667 0.0535727611940298 0.07820312500000005
26 0.3796268656716418 0.9369322916666667 0.0535727611940298 0.05597916666666668
26 0.3095988805970149 0.956375 0.05587686567164177 0.061536458333333384
12 0.7698787313432836 0.8218020833333333 0.033311567164179136 0.052463541666666676
12 0.7363152985074627 0.8329062500000001 0.031819029850746174 0.05191145833333337