40 0.5449175412293853 0.17344444444444443 0.16106446776611685 0.11485185185185187
39 0.726551724137931 0.1679537037037037 0.16482758620689664 0.11119444444444446
12 0.7391754122938531 0.3594259259259259 0.08142428785607188 0.10010185185185186
19 0.6845577211394304 0.5247222222222223 0.16775112443778117 0.1330277777777778
15 0.5256521739130435 0.5205740740740741 0.14029985007496257 0.13449074074074074
15 0.35626686656671663 0.5206944444444445 0.15709145427286353 0.12741666666666662
3 0.7293703148425787 0.7007777777777778 0.09943028485757112 0.13387962962962954
33 0.12751124437781108 0.6666296296296297 0.09652173913043477 0.12223148148148147
5 0.11011994002998501 0.815962962962963 0.1194152923538231 0.13692592592592603
29 0.24590704647676165 0.8231851851851851 0.13626686656671663 0.1511203703703704
2 0.3445577211394303 0.8447777777777777 0.0555322338830585 0.08850925925925919