6 0.11680633147113595 0.23117708333333334 0.1079050279329609 0.08965625000000002
6 0.2158007448789572 0.22238541666666667 0.07961824953445067 0.10254687499999997
6 0.31480446927374306 0.20744270833333334 0.09323091247672252 0.09610416666666666
6 0.4373649906890131 0.22033333333333338 0.12466480446927368 0.10782291666666668
6 0.6013128491620111 0.21330208333333336 0.14247672253258845 0.11485416666666669
6 0.7479795158286778 0.21125000000000002 0.13618249534450652 0.11778645833333336
6 0.9352700186219739 0.2065625 0.1294506517690876 0.12950520833333334
27 0.27956238361266295 0.8435052083333333 0.07011173184357537 0.1302343750000001
27 0.20360335195530724 0.8284166666666667 0.062029795158286785 0.12419791666666669
28 0.09303538175046557 0.8015156250000001 0.12675046554934824 0.13777604166666677
29 0.5558193668528865 0.8814479166666668 0.16144320297951575 0.18512500000000004
29 0.3834171322160149 0.8488749999999999 0.13491620111731842 0.15609895833333334