0 0.05176851851851851 0.8306934731934732 0.07825925925925924 0.11119463869463866
0 0.12785185185185186 0.8029020979020979 0.07069444444444442 0.11199300699300689
0 0.19983333333333334 0.775885780885781 0.06685185185185184 0.10118298368298374
0 0.26785185185185184 0.7537878787878788 0.06705555555555555 0.09831585081585084
0 0.33228703703703705 0.7339860139860139 0.05709259259259256 0.09818181818181819
0 0.3809537037037037 0.7122377622377623 0.04097222222222222 0.08662587412587418
27 0.3812962962962963 0.058385780885780884 0.04024074074074077 0.07134032634032635
27 0.42665740740740743 0.06132867132867133 0.04331481481481479 0.07294289044289043
27 0.4686203703703704 0.06478438228438228 0.037462962962962996 0.07125874125874126
27 0.5043240740740741 0.0675932400932401 0.03371296296296304 0.06826923076923078
27 0.5408425925925926 0.07107808857808857 0.037453703703703746 0.068490675990676
27 0.5755277777777779 0.07415501165501165 0.02928703703703714 0.06634615384615385
27 0.6065185185185185 0.07634032634032634 0.03093518518518526 0.06381118881118882
27 0.6348888888888888 0.07897435897435898 0.023203703703703654 0.0613053613053613
27 0.6857314814814816 0.08481351981351981 0.027527777777777793 0.058741258741258746
27 0.71525 0.08770979020979021 0.026907407407407356 0.05892773892773893
31 0.7094537037037038 0.20992424242424243 0.03431481481481476 0.07456876456876459
31 0.7481851851851852 0.2089219114219114 0.039796296296296316 0.07067599067599066
28 0.701462962962963 0.4250407925407925 0.04618518518518529 0.06968531468531464
28 0.7424999999999999 0.41556526806526806 0.031351851851851756 0.06983682983682979
38 0.7821944444444444 0.41342657342657346 0.04233333333333336 0.054224941724941696
17 0.40914814814814815 0.6007808857808858 0.0680277777777778 0.07284965034965041
17 0.4832407407407407 0.5822086247086248 0.061916666666666724 0.07637529137529141
17 0.5405648148148148 0.5660955710955712 0.05259259259259255 0.06821678321678325
17 0.5928888888888889 0.548088578088578 0.04780555555555566 0.06706876456876452
17 0.6445092592592593 0.5378379953379953 0.047453703703703706 0.065955710955711
17 0.6943981481481482 0.5248193473193473 0.04600925925925931 0.06577505827505835
17 0.7380092592592592 0.5112412587412587 0.041037037037036976 0.06132284382284384
17 0.7818981481481482 0.49875874125874126 0.03662037037037033 0.0641083916083916
17 0.8241944444444445 0.47729603729603726 0.044037037037036986 0.05145687645687643
17 0.8648888888888889 0.4679137529137529 0.03425000000000001 0.054761072261072276
17 0.4376851851851852 0.7009032634032634 0.06485185185185181 0.07650349650349662
17 0.5008888888888889 0.6766958041958042 0.056805555555555526 0.061509324009324115
17 0.5561388888888888 0.6546853146853148 0.04675925925925926 0.06186480186480178
17 0.6084351851851852 0.6377855477855479 0.050129629629629725 0.0660081585081585
17 0.6573888888888889 0.6184382284382285 0.04227777777777785 0.059522144522144514
13 0.7384259259259259 0.5862645687645688 0.034759259259259226 0.052365967365967374
13 0.7810277777777778 0.5754895104895105 0.038120370370370436 0.05450466200466206
13 0.821574074074074 0.5619172494172494 0.038305555555555454 0.0557750582750583