30 0.0642139534883721 0.16778125 0.06573953488372095 0.07361979166666668
31 0.13415813953488373 0.15686458333333334 0.06651162790697675 0.10315104166666669
33 0.5400837209302326 0.15280208333333334 0.12919069767441854 0.12840624999999997
22 0.6558976744186047 0.16328645833333333 0.06880000000000003 0.10914583333333332
32 0.8431906976744186 0.17013541666666668 0.12231627906976746 0.10315104166666669
3 0.2565581395348837 0.47506770833333334 0.06199999999999998 0.0998385416666667
4 0.34925581395348837 0.48316666666666663 0.11160000000000002 0.08297916666666663
9 0.45937674418604657 0.4899479166666667 0.09211162790697679 0.06413541666666672
6 0.5467720930232558 0.4896145833333333 0.07321860465116282 0.06281249999999995
1 0.7797116279069768 0.46448958333333334 0.10687441860465126 0.10248437499999999
2 0.2296186046511628 0.6414375 0.05015813953488374 0.07061979166666674
2 0.17239069767441859 0.6425260416666667 0.051618604651162796 0.07443750000000003
5 0.5286883720930233 0.6237656250000001 0.10623255813953493 0.08197916666666671
10 0.7441860465116279 0.619140625 0.08806511627906984 0.08074479166666677
11 0.8495906976744185 0.6041979166666667 0.11063255813953494 0.10201041666666673
29 0.21636279069767442 0.7532708333333333 0.10122790697674418 0.0881041666666666
40 0.7314139534883721 0.7468125000000001 0.09520930232558131 0.0644687500000001
39 0.1074325581395349 0.9407656249999999 0.10035348837209303 0.07275520833333336
38 0.7505581395348837 0.8946822916666667 0.09560930232558137 0.07432812500000002