29 0.10505555555555555 0.21579925650557621 0.15147222222222223 0.131157727031333
29 0.25750925925925927 0.21859798194370686 0.13975000000000004 0.132283590015932
19 0.707111111111111 0.3913967073818375 0.13084259259259254 0.08741901221455131
17 0.877175925925926 0.5393467870419544 0.09967592592592601 0.06837493361656936
12 0.7508518518518518 0.6677429633563462 0.048731481481481584 0.05621879978757309
12 0.8278611111111112 0.6579447689856612 0.06049074074074067 0.05975570897503982
12 0.8964814814814815 0.6534466277217207 0.057694444444444395 0.0603983005841742
27 0.5875740740740741 0.6746468401486988 0.06273148148148149 0.07067976633032402
27 0.5181203703703704 0.677700477960701 0.06721296296296289 0.07356877323420084
27 0.4464166666666667 0.685894848645778 0.0694537037037037 0.06939458311205526
27 0.3713611111111111 0.6891078066914498 0.06609259259259259 0.07389272437599569
27 0.2982685185185185 0.6958523632501328 0.06553703703703702 0.07453000531067454
27 0.22321296296296295 0.7025969198088158 0.07674074074074073 0.07196494954859255
8 0.12996296296296297 0.8773393520977164 0.06960185185185187 0.09419012214551255
8 0.21180555555555555 0.8620552310143388 0.0766759259259259 0.10729155602761561
8 0.29174074074074074 0.851141795007966 0.07558333333333334 0.10105151354221997
2 0.4151759259259259 0.8531651619755709 0.05709259259259256 0.0689272437599575
2 0.47309259259259256 0.8508284652150823 0.0522037037037037 0.0642485395645247
2 0.5320925925925926 0.8420977164099841 0.05383333333333343 0.06549654806160378
2 0.589462962962963 0.8378863515666489 0.04785185185185191 0.06643122676579934
9 0.6821759259259259 0.8314922995220393 0.11038888888888891 0.06237918215613385
9 0.7989074074074074 0.8186086032926182 0.09031481481481478 0.05299522039298989
9 0.894425925925926 0.8022729686670207 0.08405555555555554 0.05618162506638341