38 0.4415092592592592 0.09438130642591608 0.2080833333333333 0.14875730217737654
37 0.8599166666666667 0.12274561869357409 0.16003703703703695 0.13688794476898566
23 0.8493148148148149 0.5157939458311206 0.10247222222222228 0.14585767392458848
26 0.7103796296296296 0.5509771640998407 0.0629166666666667 0.09525225703664372
26 0.7655462962962962 0.5361922464152947 0.04189814814814815 0.09771109930961233
26 0.6446388888888889 0.5597610196494954 0.05952777777777774 0.09775889537971319
9 0.08583333333333333 0.8297079129049388 0.17166666666666666 0.13903876792352626
5 0.28535185185185186 0.7971269251194901 0.19056481481481485 0.13893255443441324
5 0.4828796296296296 0.7554062665958577 0.1764074074074074 0.14350504514073276
3 0.7239351851851852 0.7081996813595326 0.06024074074074069 0.11458842272968665
3 0.7952592592592592 0.7010196494954859 0.07170370370370376 0.12313329792883702