23 0.31234259259259256 0.7164481461579796 0.058203703703703716 0.08487372380440614
9 0.41075 0.6160934981192907 0.0816481481481482 0.08625470177324018
10 0.2520833333333333 0.5894895217624933 0.09611111111111109 0.09058033315421819
9 0.3375 0.5899462654486836 0.05651851851851848 0.08500268672756585
36 0.4218796296296296 0.3224771628156905 0.1176111111111111 0.10094035464803867
36 0.30125 0.31047823750671677 0.11643518518518518 0.11501880709296075
39 0.5501388888888888 0.11970983342289092 0.12330555555555563 0.10656098871574422
39 0.4143796296296296 0.12645351961311124 0.11786111111111108 0.10662009672219237
40 0.28403703703703703 0.13208490059108008 0.11680555555555554 0.10146695325094038
38 0.1695648148148148 0.13687802256851156 0.09992592592592595 0.0939065018807093
38 0.06714814814814815 0.13744223535733477 0.09559259259259258 0.09278882321332617