31 0.06600883652430044 0.16752777777777778 0.0998821796759941 0.14623148148148146
30 0.4948748159057437 0.19453703703703704 0.06356406480117816 0.11417592592592593
32 0.5964948453608248 0.18685185185185185 0.12293078055964658 0.13042592592592595
34 0.3586745213549337 0.19277777777777777 0.19069219440353455 0.10275925925925927
22 0.9506332842415317 0.20353703703703704 0.06285714285714294 0.11549074074074075
25 0.10232695139911635 0.33879629629629626 0.14318114874815904 0.14360185185185187
33 0.24272459499263624 0.34296296296296297 0.1082621502209131 0.13700925925925928
33 0.36250368188512516 0.34164814814814815 0.10896907216494847 0.13437962962962963
27 0.8122091310751105 0.34475 0.08795287187039769 0.12402777777777771
5 0.10733431516936671 0.5057962962962963 0.11528718703976436 0.10247222222222224
4 0.5891016200294551 0.5078333333333334 0.0949042709867453 0.08403703703703704
0 0.6840058910162002 0.48861111111111116 0.08100147275405008 0.11809259259259255
2 0.8176730486008837 0.5079814814814815 0.05019145802650946 0.07873148148148146
4 0.23528718703976434 0.502361111111111 0.10285714285714288 0.1018425925925926
8 0.3622533136966127 0.4979907407407408 0.10534609720176735 0.10122222222222216
8 0.7571870397643593 0.49740740740740746 0.05437407952871873 0.10606481481481478
16 0.12458026509572902 0.6519537037037038 0.12172312223858617 0.09155555555555545
15 0.24431516936671574 0.6442592592592592 0.11319587628865982 0.09906481481481483
11 0.37030927835051547 0.6351388888888889 0.12287187039764356 0.11158333333333333
18 0.4943151693667157 0.6376481481481481 0.10580265095729018 0.09799074074074067
17 0.712739322533137 0.640324074074074 0.09215022091310758 0.07617592592592591
12 0.6134756995581738 0.6433703703703704 0.08702503681885129 0.07581481481481471
20 0.8122827687776141 0.6229814814814816 0.08988217967599407 0.10013888888888897
14 0.903019145802651 0.6251296296296296 0.06882179675994111 0.09441666666666669
37 0.12282768777614139 0.7810555555555555 0.10849779086892491 0.08848148148148142
36 0.23771723122238586 0.7736481481481481 0.10593519882179676 0.08590740740740738
36 0.4536818851251841 0.7668981481481482 0.10082474226804129 0.08398148148148152
36 0.7673932253313696 0.7611018518518519 0.08444771723122235 0.07175000000000001