34 0.6623703703703704 0.08253668763102723 0.422574074074074 0.16464360587002097
27 0.31156481481481485 0.08372641509433962 0.16020370370370368 0.16745283018867924
23 0.10685185185185185 0.08329664570230608 0.163287037037037 0.1665880503144654
24 0.13535185185185186 0.3306918238993711 0.13082407407407404 0.18807127882599575
18 0.7044166666666667 0.5417924528301887 0.20898148148148152 0.15432914046121596
4 0.4793611111111111 0.8930974842767295 0.1705277777777778 0.08799266247379449
0 0.17284259259259258 0.8787316561844863 0.10087962962962962 0.11672955974842757
3 0.3465555555555555 0.8819916142557651 0.07234259259259258 0.08286163522012574
3 0.26711111111111113 0.8951939203354298 0.08085185185185181 0.07975890985324939
18 0.34731481481481485 0.7352463312368972 0.1783796296296296 0.10251048218029357
14 0.48321296296296296 0.7365251572327044 0.09279629629629632 0.09877358490566039