24 0.23843453510436433 0.194140625 0.07673624288425047 0.10443749999999999
24 0.15850094876660342 0.19038020833333333 0.07764705882352943 0.1089479166666667
24 0.07811195445920303 0.18988020833333333 0.07399430740037949 0.10393750000000003
25 0.463168880455408 0.19464583333333335 0.11875711574952558 0.11446874999999998
11 0.7369734345351043 0.19711458333333332 0.12017077798861488 0.11784375
11 0.8582732447817837 0.19836979166666666 0.11636622390891849 0.11366666666666667
29 0.4591935483870968 0.3437604166666667 0.10723908918406069 0.09881770833333334
29 0.3515559772296015 0.34110416666666665 0.09998102466793168 0.10235937499999999
29 0.21770398481973433 0.34021875 0.09675521821631877 0.09970312500000003
29 0.11892789373814042 0.34597395833333333 0.08465844402277041 0.08996354166666667
29 0.03628083491461101 0.33734375 0.07095825426944972 0.10368749999999996
20 0.6019165085388994 0.34265104166666666 0.09917457305502844 0.10545833333333335
20 0.7022960151802656 0.3433177083333333 0.09352941176470582 0.1014739583333333
1 0.9381499051233396 0.34840625000000003 0.09433586337760906 0.10280208333333339
28 0.0556831119544592 0.470765625 0.10181214421252373 0.0839479166666667
28 0.15954459203036053 0.4696927083333333 0.10287476280834915 0.0792083333333333
28 0.2653225806451613 0.47096875 0.10287476280834917 0.0792083333333333
33 0.3658728652751423 0.47256770833333334 0.08660341555977227 0.07346354166666665
33 0.4536337760910816 0.47192708333333333 0.0738140417457305 0.07856770833333329
18 0.6509487666034156 0.474796875 0.1022960151802656 0.07729166666666672
27 0.09333017077798862 0.589953125 0.06418406072106261 0.06692708333333333
27 0.15692599620493358 0.5903072916666667 0.05538899430740037 0.06653124999999989
31 0.2266698292220114 0.5874895833333333 0.0553889943074004 0.06916145833333331
31 0.2895825426944972 0.5867395833333333 0.05538899430740037 0.06841145833333329
32 0.3716318785578748 0.5880520833333333 0.09504743833017074 0.06728645833333337
19 0.47214421252371913 0.5867395833333333 0.09504743833017083 0.07967187499999989
16 0.5753984819734346 0.5852395833333334 0.099146110056926 0.0736666666666667
14 0.6557400379506642 0.5867395833333333 0.05470588235294126 0.06615624999999999
14 0.7227514231499051 0.5812968749999999 0.05880455407969641 0.07554166666666665
14 0.7962523719165086 0.5867395833333333 0.06632827324478185 0.06841145833333329
5 0.9577798861480076 0.5822916666666667 0.08444022770398482 0.071875
5 0.8704459203036053 0.5843020833333333 0.07247628083491471 0.059776041666666654
7 0.027030360531309295 0.679734375 0.05406072106261859 0.07083333333333333
30 0.24706831119544595 0.6885364583333333 0.038975332068311205 0.05323437500000002
30 0.2885578747628083 0.6897447916666667 0.033946869070208704 0.048744791666666745
30 0.3322485768500949 0.6890520833333333 0.043377609108159416 0.050124999999999885
13 0.17455407969639467 0.7849322916666667 0.08555977229601519 0.04828645833333335
17 0.08784629981024668 0.782671875 0.07594876660341557 0.0507968750000001
12 0.7546869070208729 0.7757291666666667 0.04136622390891832 0.05988541666666668
12 0.8005977229601519 0.7796041666666667 0.04539848197343445 0.0626562500000001
2 0.8575996204933586 0.7750364583333333 0.04237191650853898 0.06127083333333327
2 0.9019924098671728 0.7739270833333334 0.04539848197343445 0.05850000000000009
2 0.9499240986717268 0.772265625 0.04036053130929788 0.060161458333333445