10 0.4128425925925926 0.2725963149078727 0.1102962962962963 0.33311557788944723
15 0.6506203703703703 0.2898827470686767 0.1434074074074073 0.3677051926298157
13 0.7851388888888889 0.336499162479062 0.12200925925925925 0.30666666666666675
12 0.8935833333333334 0.31303182579564487 0.08306481481481486 0.27314907872696814
3 0.32310185185185186 0.6636515912897822 0.07188888888888888 0.27301507537688446
3 0.2467314814814815 0.6691289782244556 0.07517592592592595 0.2751926298157453
8 0.4649722222222222 0.6626633165829146 0.07383333333333329 0.26448911222780563
31 0.5986111111111111 0.6662981574539363 0.06703703703703712 0.25046901172529307
26 0.6629907407407407 0.702747068676717 0.05528703703703707 0.1890787269681742
14 0.7361203703703704 0.666214405360134 0.08488888888888894 0.2774874371859296
12 0.8153425925925927 0.6884422110552764 0.06746296296296286 0.21961474036850923