34 0.2286762360446571 0.07839814814814815 0.30856459330143543 0.1329537037037037
34 0.29127591706539074 0.3022685185185185 0.20488038277511966 0.12144444444444441
31 0.46009569377990434 0.297287037037037 0.09816586921850072 0.12515740740740736
32 0.648755980861244 0.29630555555555554 0.1860127591706539 0.14274999999999996
27 0.7899521531100478 0.2946944444444444 0.09502392344497614 0.1390740740740741
30 0.8221850079744817 0.5141759259259259 0.06972886762360452 0.08561111111111115
30 0.7439712918660287 0.5096111111111111 0.07355661881977672 0.09320370370370373
30 0.6690749601275917 0.5117037037037037 0.07309409888357263 0.0890092592592592
30 0.5865709728867623 0.5141574074074073 0.07816586921850079 0.0941851851851852
31 0.48818181818181816 0.4968796296296296 0.08708133971291869 0.1264907407407407
33 0.3477511961722488 0.49737037037037035 0.16752791068580544 0.12326851851851846
16 0.5675438596491228 0.8562777777777778 0.1566666666666667 0.13350000000000006
17 0.7239872408293461 0.8719444444444445 0.14438596491228065 0.10329629629629625
14 0.8485007974481659 0.8725185185185186 0.07976076555023923 0.10308333333333326