23 0.2657416267942584 0.12576851851851853 0.0686283891547049 0.09374074074074075
23 0.3394098883572568 0.12674074074074074 0.06390749601275916 0.09099999999999998
23 0.40331738437001596 0.12908333333333333 0.057177033492823 0.09178703703703703
23 0.46755980861244023 0.13064814814814815 0.060542264752791126 0.09100000000000001
22 0.5432535885167464 0.13221296296296295 0.061228070175438576 0.09490740740740741
30 0.9556618819776715 0.428462962962963 0.04642743221690574 0.05546296296296294
30 0.903859649122807 0.4282685185185185 0.04642743221690574 0.05507407407407409
30 0.8554066985645934 0.4282685185185185 0.045071770334928214 0.058194444444444465
34 0.39524720893141946 0.4169351851851852 0.15540669856459324 0.08006481481481484
9 0.3801754385964912 0.6641666666666666 0.09229665071770336 0.0750185185185185
10 0.2667783094098884 0.6611111111111111 0.10460925039872404 0.08012037037037034
2 0.8772408293460925 0.6555000000000001 0.04921850079744801 0.0668518518518519
2 0.8293460925039873 0.6532037037037037 0.03955342902711317 0.07144444444444452
12 0.6188197767145136 0.7601111111111111 0.08438596491228065 0.07195370370370374
16 0.9220733652312599 0.7496481481481482 0.0931738437001596 0.0775648148148148
16 0.8214354066985645 0.7501574074074073 0.09933014354066981 0.0816481481481482