21 0.321962962962963 0.21573362208987545 0.23767592592592598 0.20523010286951818
21 0.5375185185185185 0.2164374661613427 0.1811666666666667 0.21240389821331887
35 0.7248981481481481 0.22380617217108825 0.16999074074074066 0.20449918787222526
3 0.10369444444444444 0.8111099079588522 0.09633333333333333 0.1457877639415268
3 0.21249074074074076 0.7839415268002166 0.10766666666666665 0.15241472658364927
3 0.32582407407407404 0.7723443421765024 0.0985925925925926 0.13982674607471587
3 0.4227222222222222 0.757103410936654 0.08386111111111116 0.13187330806713599
3 0.5111203703703704 0.7385489983757444 0.07706481481481484 0.13452084461288577
0 0.6006574074074075 0.7130102869518138 0.08984259259259257 0.14785598267460756
0 0.6987129629629629 0.7013806172171089 0.09104629629629622 0.14074174336762307
5 0.522175925925926 0.9295452084461288 0.1511574074074074 0.1409095831077424
5 0.6767685185185185 0.8751597184623715 0.13741666666666674 0.12052517596101793