36 0.7669074074074074 0.34442772702847935 0.07849999999999997 0.06322407307898983
36 0.8474999999999999 0.34806555615260615 0.07550925925925922 0.06322407307898983
36 0.9359907407407407 0.3497098334228909 0.08177777777777771 0.0637399247716281
38 0.3507685185185185 0.5309242342826437 0.08179629629629633 0.06243417517463732
21 0.79125 0.5291080064481462 0.07774074074074078 0.05238581407845245
21 0.8713888888888889 0.5295378828586782 0.07663888888888887 0.05367006985491677
2 0.8331574074074074 0.6974476088124665 0.0348611111111112 0.05967759269210099
2 0.7956851851851852 0.6987963460505106 0.037768518518518486 0.058328855454057055
2 0.7515277777777778 0.7009887157442235 0.04009259259259255 0.057318645889306866
2 0.7006944444444444 0.6986297689414294 0.04183333333333339 0.060693175711982704
8 0.8857407407407407 0.6896937130574959 0.05636111111111101 0.07249328318108536