9 0.16294717330861908 0.50334375 0.0708433734939759 0.04922395833333333
9 0.09639481000926786 0.49526041666666665 0.05195551436515294 0.054776041666666705
9 0.03327154772937906 0.4903125 0.05624652455977758 0.04922395833333333
7 0.22273401297497683 0.5016510416666666 0.040139017608897126 0.06154166666666671
7 0.2645968489341983 0.5063854166666667 0.03765523632993512 0.06432291666666666
6 0.3275440222428174 0.687015625 0.0418443002780352 0.043645833333333425
6 0.285032437442076 0.6810885416666667 0.037822057460611735 0.04232812499999999
6 0.24268767377201114 0.6740364583333334 0.041510658016682106 0.043265625000000085
6 0.20000926784059314 0.6666041666666668 0.03849860982391105 0.04345312499999991
6 0.15866543095458757 0.6642499999999999 0.03949953660797035 0.041010416666666556
6 0.11431881371640407 0.6563489583333334 0.0445227062094532 0.04289062499999995
6 0.06962928637627433 0.6515520833333334 0.03816496756255793 0.04044791666666659
12 0.681112140871177 0.73375 0.03901760889712688 0.056692708333333286
12 0.6400185356811863 0.7296614583333334 0.03596848934198327 0.054692708333333444
12 0.5998239110287303 0.7183697916666667 0.03596848934198327 0.04716666666666664
37 0.6179240037071363 0.6347447916666666 0.08103799814643194 0.07075520833333329
37 0.5405004633920297 0.6280364583333333 0.06657089898053747 0.07034374999999997
36 0.46850787766450414 0.6150208333333332 0.06729379054680255 0.06709375000000009
36 0.39542168674698797 0.6016041666666666 0.0730769230769231 0.06058854166666663
36 0.5231510658016683 0.31467708333333333 0.09194624652455981 0.08046875
36 0.43187210379981467 0.31264583333333335 0.08389249304911954 0.07999999999999995