34 0.6785185185185185 0.28921959095801936 0.05798148148148138 0.06238966630785792
34 0.5938796296296296 0.5686598493003229 0.07615740740740741 0.049472551130247615
34 0.6628425925925926 0.561259418729817 0.061990740740740784 0.05055435952637242
32 0.6394074074074073 0.6359364908503767 0.039750000000000056 0.05509149623250814
32 0.6779814814814815 0.6301722282023681 0.03333333333333333 0.05290635091496242
32 0.7170833333333334 0.6254951560818084 0.038703703703703664 0.04729278794402578
38 0.7840462962962963 0.6170828848223896 0.033370370370370335 0.03794402583423036
38 0.8133703703703704 0.6123304628632938 0.030972222222222266 0.03685145317545737
39 0.8416296296296296 0.6068030139935414 0.03392592592592602 0.03980624327233587
32 0.6284259259259259 0.7066146393972014 0.0360000000000001 0.05256189451022597
32 0.6968518518518518 0.695005382131324 0.03496296296296295 0.035888051668460624
23 0.7534814814814814 0.47006996770721204 0.021592592592592535 0.049268030139935394
23 0.7106481481481481 0.469978471474704 0.01864814814814824 0.046786867599569466
23 0.7294351851851851 0.4705005382131324 0.0197962962962964 0.04497308934337995