0 0.745412935323383 0.8434322916666667 0.13886567164179098 0.15378645833333332
3 0.6903283582089552 0.655703125 0.0929651741293533 0.13877083333333337
5 0.5672139303482586 0.47427604166666665 0.16494527363184078 0.12510416666666668
5 0.7372139303482587 0.4772135416666667 0.15933333333333322 0.13684895833333333
27 0.13745273631840796 0.4701666666666667 0.061711442786069645 0.10630729166666673
5 0.7574029850746269 0.26811979166666666 0.17504477611940306 0.13684895833333333
5 0.5733830845771144 0.27928125000000004 0.14587064676616912 0.13567708333333334
29 0.36523383084577116 0.2842708333333333 0.11782089552238803 0.13743750000000002
31 0.2558308457711443 0.3071770833333333 0.07405970149253735 0.10924479166666666
27 0.11605970149253733 0.3130364583333333 0.06138308457711444 0.11195833333333335
27 0.18271641791044776 0.3095208333333333 0.05658706467661692 0.11195833333333335
1 0.4152537313432836 0.09821354166666667 0.14116417910447762 0.14223958333333334
5 0.5811144278606964 0.08558854166666666 0.15998009950248754 0.14901041666666667
5 0.7675721393034826 0.07142708333333332 0.17292537313432832 0.11945312500000001
31 0.1882189054726368 0.161015625 0.0705771144278607 0.10159895833333331