34 0.7337850467289719 0.33460937500000004 0.22008411214953272 0.11853124999999996
31 0.5755046728971962 0.3417604166666666 0.08049532710280384 0.12381770833333335
30 0.33838317757009345 0.37261979166666664 0.07927102803738323 0.0933229166666667
30 0.4171214953271028 0.37030729166666665 0.0712897196261682 0.08869791666666664
30 0.49442990654205604 0.36329687499999996 0.06823364485981308 0.08769270833333327
33 0.7210841121495326 0.50203125 0.11184112149532717 0.11364583333333336
0 0.2575140186915888 0.7130364583333333 0.09657009345794394 0.11091666666666669
0 0.15506542056074765 0.7208489583333333 0.1000841121495327 0.11959374999999994
3 0.41374766355140186 0.6972343750000001 0.07063551401869163 0.1001614583333333
3 0.34199999999999997 0.7043802083333334 0.06785046728971965 0.09856770833333334
5 0.5224018691588785 0.6716666666666666 0.12049532710280379 0.10262499999999998
4 0.6540560747663552 0.66296875 0.12732710280373832 0.08721875000000003
4 0.7722897196261682 0.64225 0.1055327102803739 0.0884583333333334
6 0.8779065420560748 0.647640625 0.07380373831775704 0.058484374999999984
6 0.9519065420560747 0.6389375 0.07101869158878495 0.05414062499999991
20 0.33888785046728975 0.8491822916666667 0.12379439252336452 0.11159374999999988
20 0.20555140186915888 0.8706875000000001 0.12484112149532714 0.1129635416666666
13 0.7278598130841121 0.7978177083333333 0.0911775700934579 0.0870364583333334
13 0.8375420560747663 0.7885052083333334 0.09730841121495339 0.07221354166666671