21 0.6703703703703704 0.29903069466882065 0.10307407407407401 0.09604200323101775
21 0.5606944444444444 0.2961443187937534 0.10510185185185185 0.09347872913301022
21 0.4463148148148148 0.29340333871836294 0.11245370370370375 0.09658050619278404
38 0.20938888888888887 0.4364351103931072 0.09193518518518518 0.06771136241249327
21 0.9293796296296296 0.43926763597199786 0.09253703703703708 0.07665589660743129
21 0.9281481481481483 0.5696607431340872 0.08898148148148151 0.0645826602046311
21 0.8331203703703703 0.5698976844372644 0.0908425925925925 0.06411416262789442
10 0.10595370370370372 0.5483791060850834 0.09592592592592593 0.08110931610123862
6 0.3017592592592592 0.7975282714054928 0.0628240740740741 0.05569197630586972
6 0.07989814814814815 0.7991545503500269 0.06313888888888888 0.05586429725363478
9 0.06816666666666667 0.6719547657512116 0.09268518518518518 0.06664512654819613