14 0.44304554079696395 0.64225 0.07205882352941181 0.09461458333333325
12 0.8675996204933587 0.7178854166666666 0.06815939278937373 0.09301041666666662
17 0.2638994307400379 0.7276145833333333 0.07574003795066415 0.07496875000000003
5 0.8199525616698292 0.392921875 0.18746679316888037 0.11140625000000005
10 0.3918216318785579 0.5162916666666667 0.09184060721062615 0.09886979166666662
9 0.5254079696394687 0.5321614583333333 0.10258064516129027 0.09132812499999995
9 0.6601043643263758 0.5446614583333333 0.13531309297912703 0.09917708333333337
3 0.7720113851992411 0.5601197916666667 0.07240986717267546 0.0947604166666667
3 0.8515939278937382 0.5671406250000001 0.07864326375711585 0.10053645833333338
31 0.5865275142314991 0.6669947916666668 0.06861480075901322 0.09653645833333328
31 0.5155882352941176 0.6596822916666666 0.06528462998102462 0.08556770833333331
5 0.6191745730550284 0.39410416666666664 0.15272296015180267 0.09932812500000002
3 0.44318785578747627 0.39165625 0.08573055028462993 0.08534895833333328
3 0.3610910815939279 0.38806770833333337 0.06829222011385201 0.08216145833333334
40 0.22268500948766606 0.395046875 0.09226755218216322 0.07538020833333334
38 0.13186907020872865 0.39165625 0.07919354838709679 0.07019270833333333
38 0.05412713472485768 0.3890625 0.06611005692599621 0.07059374999999998