24 0.07163793103448277 0.07188020833333333 0.08944444444444444 0.14290104166666667
11 0.8339272030651341 0.07963020833333333 0.14485632183908048 0.15064583333333334
16 0.3810823754789272 0.3520572916666667 0.13411877394636013 0.10563020833333331
19 0.533036398467433 0.3509010416666667 0.12187739463601534 0.10679166666666665
15 0.6817911877394636 0.3566875 0.12347701149425296 0.09810937500000007
3 0.2631896551724138 0.3552708333333333 0.07788314176245208 0.10831770833333335
8 0.1811973180076628 0.354203125 0.07827586206896549 0.10789062500000005
30 0.03756704980842912 0.3763385416666667 0.06731800766283524 0.0700104166666667
31 0.8003256704980842 0.359953125 0.06026819923371655 0.08703645833333327
40 0.7756034482758621 0.22903645833333333 0.11205938697318009 0.08813541666666667
39 0.9244827586206896 0.24024479166666665 0.09684865900383133 0.0705052083333333
36 0.13971264367816094 0.48940104166666665 0.1147126436781609 0.0831666666666667
35 0.4014942528735632 0.489203125 0.11765325670498088 0.08276562500000004
34 0.5643678160919541 0.48940104166666665 0.1933908045977012 0.08236458333333338
34 0.7500383141762452 0.48780208333333336 0.16324712643678166 0.08156770833333328
7 0.4007567049808429 0.6083541666666666 0.06911877394636012 0.08116666666666675
7 0.3143582375478927 0.6061510416666667 0.07573754789272036 0.09196354166666675
5 0.19045019157088125 0.6103489583333332 0.13235632183908047 0.10195833333333344
10 0.05747126436781609 0.6106770833333334 0.11494252873563218 0.09635416666666667
15 0.4940708812260536 0.888890625 0.09009578544061297 0.06150520833333341
18 0.6066954022988506 0.888890625 0.08911877394636011 0.0620364583333334
18 0.7021743295019157 0.8843645833333333 0.08911877394636011 0.06310416666666659
18 0.7939846743295019 0.8795677083333333 0.08666666666666668 0.05777604166666658