20 0.15169179229480736 0.08293518518518518 0.138391959798995 0.1358518518518519
20 0.2871524288107203 0.09055555555555554 0.11904522613065326 0.12701851851851853
20 0.41217755443886095 0.09204629629629629 0.12053601340033503 0.12298148148148147
20 0.5353601340033501 0.09282407407407407 0.11474036850921274 0.1235462962962963
16 0.6440536013400335 0.47749074074074077 0.09428810720268001 0.07975000000000004
16 0.7479899497487438 0.4730462962962963 0.09174204355108875 0.08159259259259265
16 0.8470519262981575 0.4704537037037037 0.09886097152428817 0.07887962962962958
14 0.41346733668341706 0.5912685185185186 0.06631490787269678 0.07253703703703696
14 0.4823953098827471 0.5854259259259259 0.06658291457286432 0.07809259259259252
14 0.5512395309882747 0.5820648148148148 0.062060301507537614 0.07392592592592585
14 0.618107202680067 0.5768333333333333 0.06517587939698487 0.07688888888888885
14 0.6833668341708543 0.5736203703703704 0.05696817420435509 0.07173148148148151
14 0.7456616415410385 0.5711574074074074 0.061323283082077074 0.07256481481481493
14 0.8098827470686767 0.5668240740740741 0.06028475711892799 0.06965740740740742
14 0.8734170854271356 0.5629074074074074 0.05901172529313236 0.072037037037037
31 0.9395979899497489 0.5750833333333334 0.05381909547738712 0.07084259259259258
26 0.9860971524288108 0.6621111111111111 0.027805695142378406 0.044037037037036986
26 0.9495644891122278 0.6656388888888889 0.037721943048576186 0.04826851851851862
26 0.9041541038525963 0.666425925925926 0.04139028475711899 0.05195370370370361