35 0.29698019801980197 0.17072222222222222 0.18021452145214517 0.14464814814814816
35 0.48891089108910885 0.1786574074074074 0.17455445544554452 0.13422222222222224
22 0.2937458745874587 0.5194166666666666 0.09132013201320137 0.13286111111111112
30 0.19435643564356436 0.5448055555555555 0.06869636963696368 0.09023148148148152
26 0.11556105610561056 0.522361111111111 0.06950495049504951 0.08706481481481479
34 0.35334983498349837 0.6838333333333333 0.23556105610561057 0.11162962962962958
23 0.08117161716171617 0.6701296296296296 0.09397689768976897 0.12533333333333346
2 0.10636963696369636 0.8184629629629631 0.07782178217821782 0.09388888888888898
13 0.21922442244224422 0.8159166666666667 0.13231023102310233 0.09025000000000002
13 0.3641749174917492 0.8146388888888888 0.12905940594059406 0.08915740740740738
7 0.06938943894389439 0.9463518518518518 0.10117161716171617 0.1072962962962964
8 0.179009900990099 0.9479907407407407 0.083019801980198 0.10401851851851844