31 0.5091121495327103 0.28479166666666667 0.05890654205607474 0.09379166666666666
30 0.5798785046728973 0.2973697916666667 0.04896261682243 0.06778645833333335
32 0.6942523364485982 0.28266145833333334 0.13999999999999996 0.10232291666666668
33 0.8350093457943926 0.2747708333333333 0.10939252336448593 0.10786458333333332
23 0.876785046728972 0.4446927083333333 0.07504672897196257 0.10436458333333339
15 0.32654205607476633 0.6349010416666666 0.1312616822429907 0.10061458333333324
18 0.4757476635514019 0.6380364583333333 0.13179439252336453 0.1003177083333334
13 0.610214953271028 0.6440104166666667 0.11036448598130834 0.08837499999999991
14 0.3077663551401869 0.8166875 0.080411214953271 0.10298958333333322
12 0.4041588785046729 0.8313645833333333 0.05784112149532709 0.07730729166666658
12 0.47186915887850467 0.829265625 0.055018691588784994 0.07992708333333336
12 0.5424018691588786 0.8326770833333333 0.05877570093457953 0.08097395833333323