39 0.5887090739008419 0.14397916666666666 0.11327408793264726 0.07820312499999998
40 0.884845650140318 0.153890625 0.10874649204864359 0.06847395833333335
38 0.7994106641721235 0.259125 0.10744621141253499 0.0691979166666667
36 0.5369971936389148 0.494265625 0.1020392890551917 0.08867708333333327
36 0.4253133769878391 0.49007812500000003 0.10366697848456506 0.08321354166666665
37 0.6403367633302152 0.4910833333333333 0.1007296538821329 0.08448958333333335
27 0.8231244153414405 0.605109375 0.05174929840972866 0.08186979166666669
22 0.6506173994387278 0.6080833333333333 0.058325537885874565 0.08324479166666662
17 0.7362581852198316 0.7320781249999999 0.08405051449953219 0.06747916666666663
12 0.845154349859682 0.7311718749999999 0.05386342376052378 0.06670312500000009
10 0.5842843779232928 0.8216197916666667 0.0874555659494855 0.07974479166666673
10 0.6989429373246024 0.8235416666666667 0.0950327408793264 0.0782135416666667
10 0.8156594948550048 0.82603125 0.09434050514499524 0.07936458333333339