34 0.4091263650546022 0.4635648148148148 0.10850234009360371 0.06120370370370367
34 0.41670826833073327 0.5210555555555556 0.08769110764430578 0.049305555555555554
9 0.26978159126365053 0.531 0.06053042121684869 0.0679537037037038
9 0.27244929797191886 0.8285185185185184 0.06324492979719191 0.0738240740740741
7 0.11464898595943837 0.7186944444444445 0.04753510140405616 0.0962962962962963
7 0.05414976599063963 0.735787037037037 0.05550702028081123 0.0894722222222221
9 0.18413416536661467 0.7106944444444444 0.051762870514820605 0.08428703703703701
31 0.443588143525741 0.6629259259259259 0.02872074882995315 0.05983333333333323
31 0.47706708268330733 0.6530185185185186 0.030795631825273024 0.0562314814814815
23 0.5112948517940717 0.645074074074074 0.02705148205928242 0.058583333333333314
39 0.6762090483619344 0.5928425925925925 0.038361934477379143 0.047703703703703686
38 0.6386115444617785 0.6011203703703704 0.04279251170046794 0.04609259259259257
38 0.5945709828393135 0.608037037037037 0.03430577223088925 0.048425925925925886
38 0.6838689547581903 0.5014259259259259 0.028143525741029584 0.04784259259259266
38 0.6503588143525741 0.5053148148148148 0.028502340093603716 0.048953703703703604
38 0.6124180967238689 0.5065277777777777 0.04246489859594388 0.055018518518518585
39 0.7209516380655226 0.49849074074074073 0.041060842433697425 0.044407407407407444