0 0.030223390275952694 0.42254901960784313 0.06044678055190539 0.056862745098039215
0 0.19316688567674112 0.4338235294117647 0.07095926412614981 0.05392156862745098
0 0.7687253613666228 0.44509803921568625 0.06044678055190539 0.06274509803921569
0 0.8370565045992115 0.4465686274509804 0.06044678055190539 0.08333333333333333
0 0.26346911957950064 0.4568627450980392 0.14586070959264127 0.11568627450980393
0 0.9178712220762155 0.478921568627451 0.164257555847569 0.15
0 0.4014454664914586 0.4803921568627451 0.21419185282522996 0.17058823529411765
0 0.09986859395532194 0.4803921568627451 0.19973718791064388 0.19019607843137254
0 0.2864651773981603 0.5142156862745098 0.10249671484888305 0.061764705882352944
0 0.6051248357424441 0.6259803921568627 0.2457293035479632 0.49117647058823527
0 0.22996057818659657 0.6269607843137255 0.16294349540078842 0.2107843137254902
0 0.39224704336399474 0.7299019607843137 0.4743758212877792 0.4343137254901961
0 0.8587385019710907 0.7583333333333333 0.28252299605781866 0.41274509803921566