0 0.182277318640955 0.573960880195599 0.017447199265381085 0.028117359413202935
0 0.06014692378328742 0.5819070904645477 0.010101010101010102 0.03667481662591687
0 0.06932966023875115 0.5984107579462102 0.0027548209366391185 0.02567237163814181
0 0.08539944903581267 0.6063569682151589 0.011019283746556474 0.014669926650366748
0 0.12396694214876033 0.6289731051344744 0.011019283746556474 0.02078239608801956
0 0.9527089072543617 0.6546454767726161 0.011937557392102846 0.040342298288508556
0 0.9049586776859504 0.6558679706601467 0.011937557392102846 0.02567237163814181
0 0.778236914600551 0.6711491442542787 0.006427915518824609 0.022004889975550123
0 0.7699724517906336 0.6735941320293398 0.008264462809917356 0.03178484107579462
0 0.8806244260789715 0.6809290953545232 0.0073461891643709825 0.05134474327628362
0 0.8943985307621671 0.6876528117359413 0.011019283746556474 0.05256723716381418
0 0.330119375573921 0.6949877750611247 0.008264462809917356 0.013447432762836185
0 0.7502295684113865 0.6962102689486552 0.0073461891643709825 0.02567237163814181
0 0.30808080808080807 0.6968215158924206 0.006427915518824609 0.012224938875305624
0 0.31910009182736454 0.6968215158924206 0.008264462809917356 0.014669926650366748
0 0.8172635445362718 0.6986552567237164 0.014692378328741965 0.040342298288508556
0 0.8705234159779615 0.6986552567237164 0.01652892561983471 0.030562347188264057
0 0.6005509641873278 0.7053789731051344 0.012855831037649219 0.014669926650366748
0 0.9830119375573921 0.7231051344743277 0.013774104683195593 0.05256723716381418
0 0.7130394857667585 0.7402200488997555 0.013774104683195593 0.030562347188264057
0 0.933425160697888 0.7665036674816625 0.021120293847566574 0.09290953545232274
0 0.660238751147842 0.769559902200489 0.018365472910927456 0.028117359413202935
0 0.9136822773186409 0.7701711491442543 0.02203856749311295 0.10024449877750612
0 0.6239669421487604 0.773838630806846 0.01928374655647383 0.019559902200488997
0 0.15702479338842976 0.7775061124694377 0.02938475665748393 0.039119804400977995
0 0.189623507805326 0.7830073349633252 0.03948576675849403 0.0550122249388753
0 0.972910927456382 0.7836185819070904 0.011937557392102846 0.06845965770171149
0 0.1285583103764922 0.7872860635696821 0.02938475665748393 0.03667481662591687
0 0.7525252525252525 0.8184596577017115 0.017447199265381085 0.06968215158924206
0 0.27548209366391185 0.8209046454767727 0.031221303948576674 0.0647921760391198
0 0.7961432506887053 0.8221271393643031 0.018365472910927456 0.0941320293398533
0 0.5312213039485767 0.8331295843520783 0.021120293847566574 0.13080684596577016
0 0.7777777777777778 0.8380195599022005 0.025711662075298437 0.09168704156479218
0 0.8154269972451791 0.839242053789731 0.020202020202020204 0.12591687041564792
0 0.4201101928374656 0.8404645476772616 0.02662993572084481 0.12836185819070906
0 0.12396694214876033 0.8410757946210269 0.03489439853076217 0.05867970660146699
0 0.6717171717171717 0.8422982885085575 0.021120293847566574 0.10513447432762836
0 0.5560146923783288 0.8447432762836186 0.024793388429752067 0.1466992665036675
0 0.5105601469237833 0.8508557457212714 0.031221303948576674 0.14180929095354522
0 0.3673094582185491 0.8545232273838631 0.04224058769513315 0.14425427872860636
0 0.3218549127640037 0.85880195599022 0.03764921946740129 0.09168704156479218
0 0.4444444444444444 0.8643031784841075 0.02938475665748393 0.14180929095354522
0 0.472910927456382 0.8740831295843521 0.03856749311294766 0.1466992665036675
0 0.7043158861340679 0.8740831295843521 0.03856749311294766 0.1100244498777506
0 0.86455463728191 0.8838630806845966 0.015610651974288337 0.04645476772616137
0 0.21763085399449036 0.8850855745721271 0.047750229568411386 0.07334963325183375
0 0.29155188246097336 0.8863080684596577 0.06152433425160698 0.08801955990220049
0 0.8640955004591369 0.8930317848410758 0.04040404040404041 0.11124694376528117