0 0.3232758620689655 0.6534017971758665 0.0668103448275862 0.13607188703465983
0 0.7623922413793104 0.7297817715019256 0.02693965517241379 0.15532734274711169
0 0.5317887931034483 0.7490372272143774 0.04202586206896552 0.13478818998716302
0 0.578125 0.7554557124518614 0.03987068965517242 0.11681643132220795
0 0.09051724137931035 0.7612323491655969 0.09267241379310345 0.2901155327342747
0 0.40625 0.7689345314505777 0.10344827586206896 0.14890885750962773
0 0.1584051724137931 0.7708600770218228 0.07112068965517242 0.2991014120667522
0 0.724676724137931 0.803594351732991 0.03125 0.04621309370988447
0 0.7047413793103449 0.8106546854942234 0.07543103448275862 0.10911424903722722
0 0.3275862068965517 0.8125802310654685 0.08836206896551724 0.17458279845956354
0 0.2801724137931034 0.8844672657252889 0.15517241379310345 0.1925545571245186