0 0.21675845790715972 0.14207377866400797 0.06215578284815106 0.10867397806580259
0 0.040912667191188044 0.18295114656031905 0.08182533438237609 0.08275174476570289
0 0.9327301337529504 0.25174476570289134 0.07946498819826908 0.08873379860418744
0 0.983477576711251 0.259222333000997 0.03304484657749803 0.09571286141575275
0 0.544059795436664 0.29611166500498504 0.0952006294256491 0.2073778664007976
0 0.45239968528717545 0.3140578265204387 0.02989771833202203 0.10568295114656032
0 0.9457120377655389 0.32602193419740777 0.020456333595594022 0.0897308075772682
0 0.3485444531864674 0.3509471585244267 0.10700236034618411 0.19740777666999004
0 0.8811959087332809 0.35692921236291125 0.1038552321007081 0.15553339980059822
0 0.983477576711251 0.35692921236291125 0.03304484657749803 0.1156530408773679
0 0.7647521636506688 0.37188434695912265 0.3902439024390244 0.7138584247258225
0 0.5810385523210071 0.41824526420737784 0.06215578284815106 0.06281156530408774
0 0.3013375295043273 0.44865403788634095 0.07395751376868608 0.2033898305084746
0 0.14476789929189615 0.45363908275174475 0.16050354051927615 0.2851445663010967
0 0.06530291109362707 0.48255234297108673 0.13060582218725414 0.36689930209371885
0 0.536978756884343 0.49401794616151545 0.06845003933910307 0.17048853439680958
0 0.6561762391817466 0.4945164506480558 0.09126671911880409 0.13559322033898305
0 0.5641227380015735 0.6251246261216351 0.12116443745082613 0.317048853439681
0 0.035011801730920535 0.06331006979062812 0.07002360346184107 0.11266201395812563
0 0.1778127458693942 0.7073778664007976 0.2250196695515342 0.38384845463609174
0 0.9527930763178599 0.7123629112662014 0.0944138473642801 0.5413758723828515
0 0.8457907159716759 0.7278165503489531 0.10700236034618411 0.5443668993020937
0 0.43154996066089696 0.7961116650049851 0.1125098347757671 0.35992023928215355