0 0.048868778280542986 0.5162650602409639 0.01085972850678733 0.020481927710843374
0 0.039819004524886875 0.5271084337349398 0.007239819004524887 0.04457831325301205
0 0.0760180995475113 0.5277108433734939 0.007239819004524887 0.033734939759036145
0 0.18009049773755656 0.5409638554216868 0.012669683257918552 0.03132530120481928
0 0.116289592760181 0.541566265060241 0.008144796380090498 0.06385542168674699
0 0.0669683257918552 0.5427710843373494 0.007239819004524887 0.051807228915662654
0 0.1262443438914027 0.5433734939759036 0.008144796380090498 0.06265060240963856
0 0.1081447963800905 0.5445783132530121 0.011764705882352941 0.05060240963855422
0 0.08461538461538462 0.5463855421686747 0.009954751131221719 0.04216867469879518
0 0.05384615384615385 0.5518072289156627 0.008144796380090498 0.060240963855421686
0 0.0665158371040724 0.5801204819277108 0.017194570135746608 0.07349397590361446
0 0.2398190045248869 0.5831325301204819 0.012669683257918552 0.05060240963855422
0 0.20407239819004525 0.5843373493975904 0.011764705882352941 0.060240963855421686
0 0.08280542986425339 0.5867469879518072 0.017194570135746608 0.05542168674698795
0 0.890497737556561 0.5873493975903614 0.012669683257918552 0.04457831325301205
0 0.1321266968325792 0.594578313253012 0.014479638009049774 0.03253012048192771
0 0.19276018099547512 0.5963855421686747 0.01085972850678733 0.03614457831325301
0 0.013122171945701358 0.6108433734939759 0.017194570135746608 0.0746987951807229
0 0.318552036199095 0.6120481927710844 0.012669683257918552 0.07228915662650602
0 0.4271493212669683 0.613855421686747 0.007239819004524887 0.04457831325301205
0 0.11900452488687782 0.619277108433735 0.015384615384615385 0.05060240963855422
0 0.2864253393665158 0.6204819277108434 0.006334841628959276 0.0963855421686747
0 0.269683257918552 0.6228915662650603 0.012669683257918552 0.0819277108433735
0 0.2520361990950226 0.6253012048192771 0.011764705882352941 0.08674698795180723
0 0.15248868778280544 0.6373493975903615 0.011764705882352941 0.060240963855421686
0 0.8443438914027149 0.6385542168674698 0.019909502262443438 0.03614457831325301
0 0.08597285067873303 0.6487951807228916 0.01085972850678733 0.0783132530120482
0 0.13846153846153847 0.65 0.016289592760180997 0.0855421686746988
0 0.39728506787330314 0.6542168674698795 0.025339366515837104 0.04819277108433735
0 0.00904977375565611 0.6572289156626506 0.014479638009049774 0.07590361445783132
0 0.11538461538461539 0.6650602409638554 0.015384615384615385 0.06746987951807229
0 0.011764705882352941 0.6650602409638554 0.01085972850678733 0.03855421686746988
0 0.43981900452488687 0.6686746987951807 0.019909502262443438 0.03855421686746988
0 0.1995475113122172 0.6843373493975904 0.009954751131221719 0.0819277108433735
0 0.18823529411764706 0.689156626506024 0.016289592760180997 0.0819277108433735
0 0.2085972850678733 0.6897590361445783 0.02081447963800905 0.06626506024096386
0 0.17058823529411765 0.6939759036144578 0.008144796380090498 0.09879518072289156
0 0.22941176470588234 0.7096385542168675 0.019004524886877826 0.1108433734939759
0 0.2737556561085973 0.7283132530120482 0.05339366515837104 0.03734939759036145
0 0.4647058823529412 0.736144578313253 0.02986425339366516 0.060240963855421686
0 0.4244343891402715 0.75 0.019909502262443438 0.056626506024096385
0 0.3950226244343891 0.7819277108433735 0.026244343891402715 0.09879518072289156
0 0.9307692307692308 0.8186746987951807 0.04253393665158371 0.0855421686746988
0 0.06334841628959276 0.8289156626506025 0.0579185520361991 0.2289156626506024
0 0.012217194570135747 0.8319277108433735 0.024434389140271493 0.2397590361445783
0 0.548868778280543 0.8337349397590361 0.06244343891402715 0.1180722891566265
0 0.5904977375565611 0.8379518072289157 0.06063348416289593 0.06144578313253012
0 0.6909502262443439 0.8385542168674699 0.05701357466063348 0.06746987951807229
0 0.9633484162895928 0.9048192771084337 0.03891402714932127 0.07228915662650602
0 0.5244343891402715 0.9072289156626506 0.1076923076923077 0.12771084337349398
0 0.8841628959276018 0.9138554216867469 0.06153846153846154 0.14096385542168674