0 0.2847222222222222 0.7540620384047267 0.2638888888888889 0.25258493353028066
0 0.3219444444444444 0.810930576070901 0.12611111111111112 0.09748892171344166
0 0.2852777777777778 0.40251107828655835 0.026111111111111113 0.0723781388478582
0 0.7413888888888889 0.41654357459379615 0.09944444444444445 0.17725258493353027
0 0.1363888888888889 0.4202363367799114 0.020555555555555556 0.07828655834564253
0 0.3819444444444444 0.4320531757754801 0.07166666666666667 0.15214180206794684
0 0.4519444444444444 0.4689807976366322 0.09166666666666666 0.361890694239291
0 0.3363888888888889 0.4881831610044313 0.11722222222222223 0.18168389955686853
0 0.52 0.4977843426883309 0.1388888888888889 0.38404726735598227
0 0.39916666666666667 0.6011816838995568 0.19944444444444445 0.19202363367799113
0 0.7402777777777778 0.6403249630723782 0.05611111111111111 0.276218611521418
0 0.8125 0.6587887740029542 0.10611111111111111 0.5110782865583456
0 0.6502777777777777 0.6595273264401772 0.12833333333333333 0.5036927621861153
0 0.9375 0.6868537666174298 0.09833333333333333 0.42836041358936483
0 0.09861111111111111 0.7149187592319055 0.1238888888888889 0.49039881831610044