0 0.6297611362169141 0.35784313725490197 0.022595222724338282 0.0196078431372549
0 0.6607488702388638 0.3668300653594771 0.0329244673983215 0.09640522875816994
0 0.5413169786959329 0.3709150326797386 0.025177533892834086 0.06209150326797386
0 0.5690768237572628 0.37173202614379086 0.039380245319561004 0.08986928104575163
0 0.9673983214977405 0.37336601307189543 0.039380245319561004 0.08660130718954248
0 0.4580374435119432 0.3880718954248366 0.07553260167850226 0.13562091503267973
0 0.37927695287282115 0.39950980392156865 0.022595222724338282 0.05718954248366013
0 0.7136862491930278 0.44607843137254904 0.08586184635248548 0.2581699346405229
0 0.09586830213040672 0.5016339869281046 0.0974822466107166 0.35947712418300654
0 0.2785668173014848 0.5089869281045751 0.05487411233053583 0.3611111111111111
0 0.8666881859264042 0.630718954248366 0.16333118140735958 0.5784313725490197
0 0.5871530019367334 0.6740196078431373 0.22401549386701097 0.4395424836601307
0 0.37023886378308585 0.7189542483660131 0.1736604260813428 0.26143790849673204