0 0.1938888888888889 0.8280254777070064 0.19 0.1942675159235669
0 0.3238888888888889 0.8678343949044586 0.15444444444444444 0.08598726114649681
0 0.27055555555555555 0.32722929936305734 0.04111111111111111 0.03662420382165605
0 0.5138888888888888 0.32961783439490444 0.06111111111111111 0.03503184713375796
0 0.965 0.3320063694267516 0.04111111111111111 0.09076433121019108
0 0.4527777777777778 0.3343949044585987 0.03666666666666667 0.041401273885350316
0 0.10944444444444444 0.34156050955414013 0.03222222222222222 0.030254777070063694
0 0.15166666666666667 0.34235668789808915 0.03888888888888889 0.03503184713375796
0 0.06833333333333333 0.35111464968152867 0.034444444444444444 0.04617834394904458
0 0.006111111111111111 0.35509554140127386 0.012222222222222223 0.05732484076433121
0 0.11611111111111111 0.36942675159235666 0.03666666666666667 0.03184713375796178
0 0.8294444444444444 0.37101910828025475 0.06555555555555556 0.03503184713375796
0 0.6072222222222222 0.37977707006369427 0.06111111111111111 0.042993630573248405
0 0.40166666666666667 0.3853503184713376 0.023333333333333334 0.07006369426751592
0 0.4216666666666667 0.3877388535031847 0.03222222222222222 0.08439490445859872
0 0.13944444444444445 0.4052547770700637 0.15444444444444444 0.07802547770700637
0 0.6905555555555556 0.45143312101910826 0.16555555555555557 0.13853503184713375
0 0.49722222222222223 0.4570063694267516 0.13666666666666666 0.20382165605095542
0 0.8205555555555556 0.49920382165605093 0.17666666666666667 0.21178343949044587
0 0.6394444444444445 0.5302547770700637 0.24555555555555555 0.18152866242038215
0 0.945 0.5310509554140127 0.11 0.11942675159235669
0 0.2927777777777778 0.5469745222929936 0.17666666666666667 0.37101910828025475
0 0.055 0.5509554140127388 0.11 0.19745222929936307
0 0.15722222222222224 0.5971337579617835 0.12111111111111111 0.28662420382165604
0 0.5816666666666667 0.6855095541401274 0.37 0.24044585987261147
0 0.8394444444444444 0.7205414012738853 0.3211111111111111 0.339171974522293
0 0.615 0.7802547770700637 0.2722222222222222 0.28662420382165604
0 0.43833333333333335 0.785031847133758 0.24333333333333335 0.2961783439490446