0 0.5132783882783882 0.3358695652173913 0.05036630036630037 0.0782608695652174
0 0.6488095238095238 0.3391304347826087 0.055860805860805864 0.1282608695652174
0 0.7239010989010989 0.3472826086956522 0.05952380952380952 0.09456521739130434
0 0.04807692307692308 0.3983695652173913 0.09615384615384616 0.4467391304347826
0 0.5924908424908425 0.4358695652173913 0.16117216117216118 0.33043478260869563
0 0.4624542124542125 0.43967391304347825 0.11538461538461539 0.3119565217391304
0 0.16391941391941392 0.44021739130434784 0.1043956043956044 0.3347826086956522
0 0.6982600732600732 0.4945652173913043 0.06501831501831502 0.09782608695652174
0 0.9560439560439561 0.5858695652173913 0.08791208791208792 0.17391304347826086
0 0.8869047619047619 0.6168478260869565 0.07234432234432235 0.10978260869565218
0 0.7696886446886447 0.6271739130434782 0.14560439560439561 0.22608695652173913
0 0.10393772893772894 0.7 0.19688644688644688 0.23043478260869565
0 0.9404761904761905 0.7206521739130435 0.11904761904761904 0.13478260869565217
0 0.28434065934065933 0.746195652173913 0.3434065934065934 0.46195652173913043
0 0.27564102564102566 0.8184782608695652 0.17765567765567766 0.3630434782608696
0 0.38873626373626374 0.8217391304347826 0.06318681318681318 0.26521739130434785
0 0.8516483516483516 0.8586956521739131 0.2967032967032967 0.11521739130434783
0 0.8108974358974359 0.8641304347826086 0.19688644688644688 0.25869565217391305