0 0.18287671232876712 0.43478260869565216 0.14931506849315068 0.11826086956521739
0 0.8465753424657534 0.4373913043478261 0.057534246575342465 0.04
0 0.4506849315068493 0.4404347826086957 0.09041095890410959 0.042608695652173914
0 0.6452054794520548 0.4608695652173913 0.11232876712328767 0.06956521739130435
0 0.07808219178082192 0.46608695652173915 0.15616438356164383 0.24
0 0.7506849315068493 0.46652173913043476 0.12876712328767123 0.08608695652173913
0 0.9260273972602739 0.4826086956521739 0.14794520547945206 0.09913043478260869
0 0.552054794520548 0.48782608695652174 0.2684931506849315 0.15304347826086956
0 0.33835616438356164 0.49869565217391304 0.1589041095890411 0.13130434782608696
0 0.8315068493150685 0.6426086956521739 0.336986301369863 0.27652173913043476
0 0.16712328767123288 0.6608695652173913 0.33424657534246577 0.41739130434782606
0 0.6910958904109589 0.7821739130434783 0.4534246575342466 0.42869565217391303