0 0.20722222222222222 0.840531561461794 0.29888888888888887 0.04983388704318937
0 0.7161111111111111 0.8853820598006644 0.05444444444444444 0.08970099667774087
0 0.8405555555555555 0.9003322259136213 0.16777777777777778 0.17940199335548174
0 0.48055555555555557 0.9227574750830565 0.35888888888888887 0.061461794019933555
0 0.8272222222222222 0.4227574750830565 0.03888888888888889 0.04152823920265781
0 0.7861111111111111 0.4269102990033223 0.14333333333333334 0.10299003322259136
0 0.6905555555555556 0.4410299003322259 0.058888888888888886 0.07475083056478406
0 0.9116666666666666 0.44518272425249167 0.07444444444444444 0.059800664451827246
0 0.855 0.4634551495016611 0.11222222222222222 0.03986710963455149
0 0.2338888888888889 0.4750830564784053 0.04555555555555556 0.132890365448505
0 0.31722222222222224 0.47840531561461797 0.058888888888888886 0.11627906976744186
0 0.2827777777777778 0.5016611295681063 0.021111111111111112 0.0664451827242525
0 0.10833333333333334 0.6470099667774086 0.07444444444444444 0.19435215946843853
0 0.23833333333333334 0.7109634551495017 0.17222222222222222 0.19601328903654486
0 0.6105555555555555 0.7491694352159468 0.20777777777777778 0.2425249169435216
0 0.9261111111111111 0.7807308970099668 0.09 0.0664451827242525