0 0.5465 0.7954186413902053 0.273 0.16587677725118483
0 0.1575 0.9123222748815166 0.261 0.10584518167456557
0 0.5245 0.9146919431279621 0.115 0.17061611374407584
0 0.8145 0.9289099526066351 0.337 0.14218009478672985
0 0.4135 0.12559241706161137 0.241 0.21011058451816747
0 0.6965 0.1524486571879937 0.213 0.15639810426540285
0 0.0695 0.1769352290679305 0.081 0.1895734597156398
0 0.2135 0.3372827804107425 0.129 0.1848341232227488
0 0.9145 0.36808846761453395 0.171 0.20221169036334913
0 0.9215 0.4304897314375987 0.157 0.07424960505529225
0 0.7385 0.5007898894154819 0.233 0.11690363349131122
0 0.9305 0.566350710900474 0.135 0.09320695102685624
0 0.8945 0.6682464454976303 0.179 0.22748815165876776
0 0.5505 0.7061611374407583 0.251 0.14533965244865718
0 0.1305 0.7164296998420221 0.203 0.16903633491311215
0 0.3065 0.7717219589257504 0.083 0.12164296998420221
0 0.3825 0.7875197472353871 0.063 0.25118483412322273