0 0.7138888888888889 0.3957746478873239 0.21888888888888888 0.2619718309859155
0 0.1461111111111111 0.5387323943661971 0.09666666666666666 0.2774647887323944
0 0.26722222222222225 0.5535211267605634 0.14777777777777779 0.21690140845070421
0 0.43444444444444447 0.602112676056338 0.10888888888888888 0.14225352112676057
0 0.3422222222222222 0.6070422535211267 0.04 0.09014084507042254
0 0.24833333333333332 0.6098591549295774 0.12555555555555556 0.14647887323943662
0 0.0961111111111111 0.6176056338028169 0.025555555555555557 0.06056338028169014
0 0.49722222222222223 0.7436619718309859 0.1388888888888889 0.11830985915492957
0 0.2827777777777778 0.7654929577464789 0.15888888888888889 0.18450704225352113
0 0.715 0.7676056338028169 0.06111111111111111 0.1295774647887324
0 0.61 0.7732394366197183 0.13111111111111112 0.17746478873239438