0 0.45794117647058824 0.19631901840490798 0.026470588235294117 0.07975460122699386
0 0.43911764705882356 0.20705521472392638 0.022941176470588236 0.08588957055214724
0 0.5461764705882353 0.21625766871165644 0.04176470588235294 0.0705521472392638
0 0.9691176470588235 0.3412576687116564 0.061764705882352944 0.3236196319018405
0 0.7826470588235294 0.36809815950920244 0.13352941176470587 0.29754601226993865
0 0.6838235294117647 0.39263803680981596 0.10764705882352942 0.17791411042944785
0 0.37029411764705883 0.6403374233128835 0.2088235294117647 0.4371165644171779
0 0.7138235294117647 0.6794478527607362 0.16058823529411764 0.3067484662576687
0 0.47794117647058826 0.6993865030674846 0.1864705882352941 0.18711656441717792
0 0.1585294117647059 0.7239263803680982 0.3170588235294118 0.36809815950920244
0 0.8485294117647059 0.7377300613496932 0.30058823529411766 0.41411042944785276