0 0.19653846153846155 0.2720515361744301 0.03307692307692308 0.07234886025768088
0 0.23192307692307693 0.2770069375619425 0.03769230769230769 0.07234886025768088
0 0.2988461538461539 0.28344895936570863 0.06230769230769231 0.07730426164519326
0 0.3496153846153846 0.3116947472745292 0.1376923076923077 0.19127849355797819
0 0.18153846153846154 0.34638255698711595 0.07230769230769231 0.18334985133795836
0 0.9192307692307692 0.4722497522299306 0.12461538461538461 0.4985133795837463
0 0.4907692307692308 0.5307234886025768 0.09384615384615384 0.599603567888999
0 0.36923076923076925 0.5877106045589693 0.09076923076923077 0.4122893954410307
0 0.15269230769230768 0.666005946481665 0.30538461538461537 0.5550049554013875
0 0.3280769230769231 0.7517343904856293 0.3853846153846154 0.4370664023785927
0 0.8196153846153846 0.7770069375619425 0.3607692307692308 0.43409316154608524