0 0.12892857142857142 0.27013752455795675 0.029285714285714286 0.04518664047151277
0 0.9707142857142858 0.7593320235756386 0.03857142857142857 0.08840864440078586
0 0.7257142857142858 0.7608055009823183 0.01 0.04223968565815324
0 0.9657142857142857 0.7617878192534381 0.02 0.054027504911591355
0 0.41035714285714286 0.8177799607072691 0.029285714285714286 0.0893909626719057
0 0.3896428571428571 0.8354616895874263 0.020714285714285713 0.06974459724950884
0 0.1467857142857143 0.8570726915520629 0.03642857142857143 0.12868369351669942
0 0.6064285714285714 0.8595284872298625 0.03857142857142857 0.10412573673870335
0 0.6714285714285714 0.8629666011787819 0.047142857142857146 0.09135559921414538
0 0.1757142857142857 0.8767190569744597 0.02 0.07956777996070727
0 0.6228571428571429 0.8777013752455796 0.06857142857142857 0.06777996070726916