0 0.267381974248927 0.5558333333333333 0.30643776824034336 0.2972222222222222
0 0.7274678111587983 0.6361111111111111 0.24120171673819743 0.34444444444444444
0 0.5296137339055794 0.8672222222222222 0.16995708154506436 0.06777777777777778
0 0.4072961373390558 0.8925 0.10901287553648069 0.13166666666666665
0 0.723175965665236 0.9211111111111111 0.1965665236051502 0.11666666666666667
0 0.5738197424892704 0.21472222222222223 0.15536480686695278 0.17055555555555554
0 0.9060085836909871 0.24638888888888888 0.18798283261802576 0.10166666666666667
0 0.8969957081545065 0.25972222222222224 0.14935622317596567 0.08055555555555556
0 0.355793991416309 0.4722222222222222 0.07982832618025751 0.10555555555555556
0 0.9111587982832619 0.5147222222222222 0.11931330472103004 0.09277777777777778
0 0.4609442060085837 0.5544444444444444 0.22489270386266094 0.2