0 0.5308411214953271 0.8851118760757315 0.21682242990654205 0.10413080895008606
0 0.3691588785046729 0.1764199655765921 0.2841121495327103 0.17728055077452667
0 0.7827102803738317 0.18717728055077454 0.11495327102803739 0.193631669535284
0 0.05514018691588785 0.1914802065404475 0.10841121495327102 0.1712564543889845
0 0.37009345794392523 0.27323580034423406 0.11775700934579439 0.20740103270223753
0 0.6537383177570093 0.27882960413080893 0.17476635514018693 0.14457831325301204
0 0.5037383177570094 0.2844234079173838 0.19065420560747665 0.1764199655765921
0 0.06448598130841121 0.32960413080895007 0.10654205607476636 0.09122203098106713
0 0.2897196261682243 0.33820998278829606 0.052336448598130844 0.06884681583476764
0 0.6789719626168225 0.3769363166953528 0.10373831775700934 0.13769363166953527
0 0.22429906542056074 0.40017211703958694 0.22990654205607478 0.18588640275387264
0 0.8 0.4010327022375215 0.16448598130841122 0.20481927710843373
0 0.5883177570093457 0.4272805507745267 0.07196261682242991 0.07142857142857142
0 0.6032710280373832 0.47289156626506024 0.06635514018691589 0.0972461273666093
0 0.6696261682242991 0.48881239242685026 0.06448598130841121 0.05679862306368331
0 0.397196261682243 0.5163511187607573 0.15514018691588785 0.1927710843373494
0 0.1397196261682243 0.5301204819277109 0.08504672897196262 0.11015490533562823
0 0.2957943925233645 0.5322719449225474 0.1205607476635514 0.10413080895008606
0 0.06448598130841121 0.5378657487091222 0.11588785046728972 0.18932874354561102
0 0.6714953271028037 0.5387263339070568 0.11121495327102804 0.09294320137693632
0 0.19953271028037384 0.6037005163511188 0.08130841121495327 0.1316695352839931
0 0.26635514018691586 0.6265060240963856 0.08785046728971962 0.10843373493975904
0 0.7771028037383177 0.6308089500860585 0.1130841121495327 0.12048192771084337
0 0.5196261682242991 0.6394148020654045 0.1233644859813084 0.16351118760757316
0 0.8542056074766355 0.6497418244406197 0.13457943925233645 0.18932874354561102
0 0.09579439252336448 0.677710843373494 0.07383177570093458 0.09552495697074011
0 0.6514018691588785 0.06884681583476764 0.10841121495327102 0.08089500860585198
0 0.9448598130841122 0.7224612736660929 0.10654205607476636 0.1523235800344234
0 0.8789719626168224 0.08089500860585198 0.2046728971962617 0.16179001721170397