20 0.21484375 0.1640625 0.10703125 0.1078125
20 0.3296875 0.2625 0.1 0.1046875
20 0.42265625 0.22265625 0.08515625 0.11015625
20 0.58515625 0.24140625 0.096875 0.1078125
20 0.70859375 0.17890625 0.09296875 0.1125
20 0.85390625 0.2359375 0.0984375 0.0828125
40 0.196875 0.46015625 0.18671875 0.35
40 0.3421875 0.5484375 0.1515625 0.37734375
40 0.42265625 0.5046875 0.1484375 0.4
40 0.57890625 0.5125 0.15859375 0.33515625
40 0.7171875 0.4609375 0.1546875 0.3375
40 0.8734375 0.5171875 0.15703125 0.3796875