20 0.4046875 0.21640625 0.07421875 0.084375
20 0.58125 0.17421875 0.07421875 0.08984375
20 0.8078125 0.24296875 0.09609375 0.10234375
40 0.37578125 0.465625 0.13984375 0.33046875
40 0.55390625 0.421875 0.184375 0.309375
40 0.7046875 0.4515625 0.12578125 0.29765625
40 0.825 0.47890625 0.1421875 0.3390625
38 0.33203125 0.9859375 0.0734375 0.028125
38 0.4328125 0.9609375 0.10625 0.071875
38 0.51875 0.94453125 0.05 0.10546875
38 0.56015625 0.915625 0.06796875 0.14453125
38 0.69296875 0.959375 0.0421875 0.08125
38 0.72578125 0.959375 0.04765625 0.08125