20 0.6 0.221875 0.0671875 0.0546875
20 0.74921875 0.196875 0.09296875 0.06328125
20 0.875 0.21328125 0.10390625 0.07734375
20 0.128125 0.23359375 0.06875 0.053125
20 0.23046875 0.2953125 0.04609375 0.13671875
20 0.56171875 0.2828125 0.05 0.053125
28 0.48359375 0.19609375 0.06875 0.04765625
28 0.27109375 0.2546875 0.0484375 0.03671875
20 0.16328125 0.36640625 0.0421875 0.1203125
20 0.92890625 0.26171875 0.034375 0.15703125
25 0.8875 0.2921875 0.015625 0.03515625
25 0.76484375 0.26171875 0.02109375 0.03203125
27 0.55078125 0.346875 0.03515625 0.06875
27 0.41171875 0.68046875 0.03125 0.07421875
27 0.23359375 0.68046875 0.0265625 0.05