20 0.18671875 0.26328125 0.09765625 0.121875
20 0.45625 0.26953125 0.1140625 0.16015625
20 0.8421875 0.28828125 0.125 0.1796875
20 0.53828125 0.37109375 0.090625 0.1375
20 0.65078125 0.38671875 0.1 0.12578125
32 0.96796875 0.52890625 0.0640625 0.23984375
32 0.43125 0.53671875 0.15390625 0.3515625
32 0.22578125 0.5578125 0.19453125 0.47109375
32 0.546875 0.571875 0.07734375 0.24921875
32 0.84140625 0.5734375 0.15078125 0.39765625
32 0.64375 0.58984375 0.1 0.2609375
20 0.28515625 0.22265625 0.134375 0.1953125