20 0.69140625 0.31328125 0.0703125 0.12734375
20 0.8296875 0.34921875 0.08046875 0.13828125
20 0.13984375 0.3578125 0.06484375 0.0765625
20 0.615625 0.3671875 0.05078125 0.08203125
20 0.9359375 0.41171875 0.0375 0.05859375
32 0.71328125 0.4875 0.10703125 0.2609375
32 0.12734375 0.496875 0.11640625 0.2265625
32 0.609375 0.5171875 0.12265625 0.253125
32 0.471875 0.5234375 0.1578125 0.41328125
32 0.9453125 0.52578125 0.075 0.18828125
32 0.8484375 0.54375 0.16328125 0.2765625
32 0.30703125 0.56015625 0.24609375 0.43359375
20 0.4625 0.26015625 0.11875 0.14375
20 0.3296875 0.290625 0.1171875 0.15546875