20 0.87734375 0.34375 0.078125 0.14375
20 0.6609375 0.36875 0.05703125 0.0796875
20 0.73515625 0.3703125 0.0421875 0.08125
20 0.1921875 0.37890625 0.05390625 0.0828125
20 0.453125 0.38828125 0.04921875 0.07890625
20 0.4109375 0.40703125 0.0421875 0.07265625
32 0.73671875 0.46640625 0.07421875 0.1453125
32 0.45390625 0.49140625 0.103125 0.14296875
32 0.67265625 0.49296875 0.1 0.19375
32 0.2046875 0.496875 0.1046875 0.18046875
32 0.97265625 0.49609375 0.05390625 0.1703125
32 0.87421875 0.50078125 0.1765625 0.2203125