38 0.1125 0.88671875 0.065625 0.1453125
38 0.18203125 0.89609375 0.07109375 0.07578125
38 0.3171875 0.878125 0.0546875 0.0890625
38 0.34921875 0.865625 0.065625 0.140625
38 0.48359375 0.90078125 0.0640625 0.08203125
38 0.5453125 0.896875 0.05 0.10078125
38 0.6234375 0.87421875 0.0296875 0.10234375
38 0.6578125 0.88359375 0.03984375 0.10390625
40 0.1578125 0.55859375 0.1453125 0.2328125
40 0.34453125 0.51171875 0.1234375 0.28828125
40 0.51484375 0.49921875 0.1265625 0.284375
40 0.640625 0.55390625 0.1421875 0.28828125
20 0.1765625 0.39453125 0.0734375 0.0921875
20 0.3515625 0.34296875 0.0765625 0.0984375
20 0.4984375 0.34765625 0.07890625 0.0984375
20 0.62890625 0.38515625 0.0875 0.07890625