20 0.02109375 0.440625 0.040625 0.025
20 0.115625 0.340625 0.075 0.05
20 0.28359375 0.36015625 0.04765625 0.0921875
20 0.5765625 0.23046875 0.12265625 0.1375
20 0.68359375 0.315625 0.03984375 0.06015625
20 0.72421875 0.12890625 0.10625 0.09375
40 0.1171875 0.44296875 0.090625 0.2140625
40 0.28203125 0.46796875 0.0875 0.1671875
40 0.3765625 0.54609375 0.08515625 0.1484375
40 0.44375 0.36875 0.17578125 0.25234375
40 0.53984375 0.5734375 0.04921875 0.05703125
40 0.67265625 0.44140625 0.0734375 0.20078125
40 0.753125 0.3546875 0.14609375 0.33125
38 0.16328125 0.74453125 0.05390625 0.0515625
38 0.1234375 0.7390625 0.06484375 0.0734375
38 0.2640625 0.6953125 0.0375 0.06328125
38 0.29609375 0.69140625 0.028125 0.0484375
38 0.490625 0.9 0.11640625 0.11171875
38 0.53359375 0.8578125 0.09765625 0.096875
38 0.74765625 0.89375 0.059375 0.07890625
38 0.78125 0.890625 0.03203125 0.10703125