20 0.12109375 0.21015625 0.08828125 0.1296875
20 0.225 0.17578125 0.08984375 0.0875
20 0.28125 0.1359375 0.075 0.12421875
20 0.36328125 0.17578125 0.06171875 0.1546875
20 0.39765625 0.11015625 0.05390625 0.09140625
20 0.44765625 0.2046875 0.08203125 0.11015625
20 0.48828125 0.13125 0.05546875 0.06640625
20 0.58359375 0.19921875 0.06640625 0.11015625
20 0.6234375 0.2296875 0.06328125 0.11953125
20 0.540625 0.19296875 0.06875 0.07734375
20 0.79453125 0.15234375 0.084375 0.0875
20 0.71796875 0.23046875 0.08046875 0.12109375
20 0.90546875 0.18125 0.09140625 0.12421875
40 0.11171875 0.48828125 0.18828125 0.39453125
40 0.22890625 0.4671875 0.134375 0.33828125
40 0.27890625 0.28046875 0.078125 0.1828125
40 0.33671875 0.403125 0.13203125 0.3296875
40 0.55 0.42890625 0.15234375 0.27890625
40 0.64765625 0.45078125 0.1375 0.3125
40 0.9140625 0.44296875 0.171875 0.32109375
38 0.2015625 0.98046875 0.103125 0.03828125
38 0.26328125 0.965625 0.06328125 0.06875
38 0.54140625 0.85078125 0.05703125 0.16875
38 0.61015625 0.884375 0.08203125 0.19296875
38 0.628125 0.87734375 0.05390625 0.09140625
38 0.6828125 0.89921875 0.06953125 0.07890625
38 0.72109375 0.8453125 0.06015625 0.09453125
38 0.7359375 0.88359375 0.028125 0.05078125
38 0.22890625 0.9359375 0.04453125 0.06171875