35 0.7078125 0.23515625 0.1484375 0.44609375
32 0.7015625 0.27265625 0.12578125 0.2625
20 0.5296875 0.31484375 0.0734375 0.11171875
20 0.3890625 0.34375 0.0828125 0.11640625
35 0.365625 0.45703125 0.16015625 0.346875
20 0.20625 0.46484375 0.11484375 0.146875
20 0.509375 0.50390625 0.09453125 0.1
20 0.675 0.51015625 0.0984375 0.10625
35 0.159375 0.58828125 0.2171875 0.44375
20 0.7234375 0.0703125 0.10078125 0.10703125
35 0.55 0.71796875 0.18046875 0.56328125
32 0.55546875 0.74296875 0.171875 0.32109375