32 0.72109375 0.61484375 0.09375 0.240625
32 0.50234375 0.62890625 0.11953125 0.26015625
32 0.628125 0.640625 0.0640625 0.17421875
35 0.27109375 0.65390625 0.178125 0.6921875
35 0.7359375 0.66328125 0.15625 0.6734375
32 0.26875 0.6734375 0.140625 0.3578125
35 0.49765625 0.68203125 0.15703125 0.6359375
35 0.628125 0.71484375 0.090625 0.5703125
20 0.29140625 0.3640625 0.09375 0.09296875
20 0.7078125 0.38515625 0.08125 0.10078125
20 0.5109375 0.415625 0.07890625 0.07734375
20 0.6296875 0.4640625 0.05 0.0671875