20 0.4265625 0.19296875 0.01875 0.03671875
35 0.428125 0.265625 0.05859375 0.17265625
20 0.28671875 0.3140625 0.02421875 0.0203125
20 0.65234375 0.34375 0.02890625 0.03359375
20 0.50703125 0.3484375 0.015625 0.03046875
32 0.27734375 0.35625 0.015625 0.04140625
20 0.578125 0.359375 0.0203125 0.0296875
35 0.28515625 0.3765625 0.05390625 0.1609375
20 0.54375 0.37734375 0.01875 0.01640625
35 0.50625 0.4046875 0.02109375 0.14921875
35 0.6578125 0.41484375 0.03828125 0.1703125
35 0.56875 0.41640625 0.03515625 0.140625
35 0.53828125 0.4328125 0.03828125 0.1640625
20 0.92890625 0.6046875 0.02890625 0.0515625
35 0.928125 0.63046875 0.0359375 0.10234375