20 0.91796875 0.28671875 0.07265625 0.053125
20 0.134375 0.3296875 0.075 0.078125
20 0.36171875 0.3375 0.05234375 0.04375
20 0.44296875 0.35390625 0.05234375 0.0296875
20 0.7265625 0.35625 0.05390625 0.04375
20 0.246875 0.36171875 0.05703125 0.05078125
20 0.60234375 0.36171875 0.04453125 0.04609375
32 0.92265625 0.446875 0.096875 0.1796875
32 0.4421875 0.459375 0.08125 0.121875
32 0.34140625 0.4609375 0.07421875 0.15703125
32 0.73359375 0.46328125 0.0984375 0.1109375
32 0.60078125 0.4640625 0.078125 0.1171875
32 0.13203125 0.49921875 0.1015625 0.19609375
32 0.2578125 0.50234375 0.1 0.1703125
35 0.91796875 0.5171875 0.121875 0.52265625
35 0.4390625 0.534375 0.0875 0.40078125
35 0.60390625 0.53671875 0.075 0.42421875
35 0.73828125 0.546875 0.1140625 0.43515625
35 0.34140625 0.5515625 0.0796875 0.5
35 0.2453125 0.58203125 0.075 0.51875
35 0.12890625 0.584375 0.1140625 0.596875