20 0.84765625 0.3765625 0.01953125 0.03828125
20 0.5328125 0.39921875 0.02109375 0.03125
20 0.6359375 0.409375 0.02421875 0.0296875
35 0.840625 0.4484375 0.03203125 0.171875
32 0.53515625 0.45859375 0.028125 0.09921875
32 0.63203125 0.46484375 0.02578125 0.08125
35 0.5328125 0.46640625 0.03515625 0.16328125
35 0.63203125 0.47890625 0.04296875 0.18046875
32 0.58671875 0.55859375 0.03515625 0.09140625
35 0.58671875 0.57109375 0.03671875 0.190625
20 0.65390625 0.5859375 0.02734375 0.03515625
32 0.653125 0.64921875 0.03359375 0.09453125
35 0.653125 0.66875 0.03671875 0.19296875