20 0.87578125 0.31875 0.0921875 0.0984375
20 0.73671875 0.3640625 0.05 0.06171875
20 0.190625 0.38125 0.06171875 0.08515625
20 0.46015625 0.38828125 0.0640625 0.06171875
32 0.459375 0.48515625 0.10625 0.13828125
32 0.2046875 0.4921875 0.09375 0.1734375
32 0.67109375 0.4984375 0.09765625 0.17578125
32 0.87734375 0.50546875 0.1703125 0.2109375
35 0.19765625 0.55234375 0.09609375 0.43203125
35 0.4578125 0.5703125 0.1 0.44296875
35 0.66015625 0.575 0.08828125 0.47734375
35 0.86484375 0.63203125 0.18203125 0.73046875