20 0.72109375 0.43203125 0.08359375 0.1375
20 0.66171875 0.4703125 0.11640625 0.12734375
20 0.07578125 0.48359375 0.11875 0.14140625
20 0.9 0.4921875 0.134375 0.14453125
20 0.6140625 0.61484375 0.1515625 0.19453125
20 0.79140625 0.61484375 0.14453125 0.175
35 0.1109375 0.68828125 0.21953125 0.6234375
40 0.084375 0.690625 0.16640625 0.30546875
35 0.91015625 0.70546875 0.16484375 0.578125
35 0.61015625 0.74609375 0.23984375 0.50390625
35 0.78671875 0.7546875 0.175 0.48046875
40 0.9015625 0.7546875 0.146875 0.3328125
40 0.784375 0.85546875 0.1546875 0.265625
40 0.5984375 0.88828125 0.18203125 0.2234375