20 0.41171875 0.18671875 0.090625 0.10390625
35 0.64375 0.31171875 0.1609375 0.41640625
35 0.428125 0.334375 0.17578125 0.43671875
35 0.84921875 0.35390625 0.18828125 0.5703125
40 0.4296875 0.38828125 0.15625 0.265625
40 0.634375 0.40390625 0.13125 0.265625
40 0.875 0.47734375 0.18203125 0.44765625
35 0.165625 0.509375 0.28046875 0.96015625
40 0.1359375 0.56875 0.2078125 0.61328125
20 0.121875 0.10703125 0.14453125 0.1625
20 0.6359375 0.14921875 0.10390625 0.09140625
20 0.81640625 0.15625 0.1140625 0.18125