20 0.33359375 0.29765625 0.12421875 0.0859375
20 0.45703125 0.35234375 0.0734375 0.07109375
20 0.55 0.37734375 0.06015625 0.04453125
20 0.196875 0.37890625 0.06015625 0.053125
20 0.06796875 0.39765625 0.06875 0.05
20 0.6875 0.4125 0.05078125 0.05
32 0.7 0.5609375 0.10703125 0.18671875
32 0.053125 0.56328125 0.07109375 0.1921875
32 0.54921875 0.56796875 0.07109375 0.21875
35 0.0703125 0.60625 0.13125 0.46171875
35 0.6875 0.609375 0.121875 0.4375
35 0.34453125 0.61953125 0.1734375 0.74296875
35 0.446875 0.65390625 0.09296875 0.6921875
35 0.5453125 0.665625 0.08671875 0.615625
32 0.346875 0.68046875 0.1421875 0.42578125