20 0.80078125 0.2515625 0.04453125 0.02734375
20 0.1328125 0.2796875 0.08046875 0.078125
20 0.5984375 0.34921875 0.025 0.03203125
20 0.4421875 0.3640625 0.03046875 0.03203125
20 0.52734375 0.3640625 0.0328125 0.03671875
20 0.47890625 0.36484375 0.03203125 0.0390625
20 0.65234375 0.36796875 0.02890625 0.0296875
20 0.38984375 0.375 0.03984375 0.05859375
40 0.815625 0.38828125 0.05078125 0.1640625
20 0.30390625 0.40078125 0.04453125 0.0515625
20 0.23125 0.41875 0.05078125 0.0734375
35 0.60390625 0.43515625 0.0390625 0.228125
35 0.653125 0.45859375 0.05 0.2203125
35 0.81953125 0.46796875 0.08671875 0.45625
40 0.53203125 0.471875 0.04140625 0.1203125
35 0.54375 0.49140625 0.08671875 0.30625
40 0.44609375 0.49375 0.03046875 0.13984375
40 0.38828125 0.50703125 0.0359375 0.16640625
35 0.46015625 0.5171875 0.071875 0.36796875
40 0.140625 0.51875 0.09140625 0.271875
35 0.23984375 0.540625 0.07890625 0.32578125
40 0.31640625 0.54375 0.0859375 0.15703125
40 0.23515625 0.54921875 0.06484375 0.15703125
35 0.4078125 0.55859375 0.10234375 0.40703125
35 0.33828125 0.5921875 0.12734375 0.4390625
35 0.153125 0.6015625 0.14609375 0.74765625