20 0.7125 0.4546875 0.05859375 0.06328125
20 0.22734375 0.4671875 0.0953125 0.04296875
20 0.50234375 0.4921875 0.0453125 0.06328125
20 0.35390625 0.50390625 0.11171875 0.0703125
40 0.72109375 0.64765625 0.11796875 0.221875
32 0.53359375 0.6625 0.08984375 0.1765625
32 0.22421875 0.68359375 0.11484375 0.234375
35 0.221875 0.7078125 0.1203125 0.584375
35 0.71640625 0.71015625 0.15703125 0.5796875
35 0.53359375 0.72421875 0.13671875 0.5515625
35 0.375 0.73046875 0.18671875 0.5390625
32 0.3671875 0.73828125 0.178125 0.2515625