20 0.815625 0.25546875 0.12109375 0.146875
20 0.1609375 0.2921875 0.11640625 0.16015625
20 0.24921875 0.3328125 0.075 0.13046875
20 0.4265625 0.34453125 0.07890625 0.109375
20 0.55703125 0.36484375 0.08828125 0.1140625
32 0.25703125 0.52890625 0.13046875 0.2296875
32 0.4296875 0.5390625 0.13984375 0.2234375
32 0.8328125 0.54296875 0.1765625 0.33671875
35 0.83203125 0.59140625 0.1796875 0.8171875
32 0.15859375 0.60625 0.178125 0.42421875
32 0.58671875 0.60703125 0.16953125 0.27265625
35 0.16328125 0.60859375 0.1953125 0.7828125
35 0.2734375 0.634375 0.134375 0.73125
35 0.43359375 0.64375 0.1484375 0.7125
35 0.59140625 0.6515625 0.16953125 0.69609375