20 0.3796875 0.58203125 0.02734375 0.021875
20 0.765625 0.5921875 0.0296875 0.0328125
20 0.2984375 0.6046875 0.021875 0.02578125
20 0.45 0.6046875 0.0265625 0.02578125
20 0.90078125 0.60859375 0.0265625 0.0234375
20 0.62734375 0.6171875 0.01640625 0.03125
20 0.6890625 0.61875 0.01953125 0.0234375
20 0.23046875 0.621875 0.0203125 0.01875
20 0.5796875 0.62421875 0.01875 0.0234375
20 0.5171875 0.62734375 0.01796875 0.03046875
35 0.759375 0.721875 0.07734375 0.29140625
35 0.89921875 0.72265625 0.0484375 0.26640625
35 0.63203125 0.7265625 0.06640625 0.25859375
35 0.58515625 0.73203125 0.06875 0.25
35 0.38203125 0.7328125 0.065625 0.31328125
35 0.52109375 0.734375 0.04921875 0.23828125
35 0.45078125 0.73515625 0.0578125 0.2984375
35 0.22734375 0.73515625 0.05703125 0.2609375
35 0.696875 0.7375 0.07578125 0.26640625
35 0.29140625 0.74375 0.05234375 0.2890625
35 0.328125 0.74609375 0.040625 0.24609375