20 0.21953125 0.13515625 0.14140625 0.14921875
20 0.5234375 0.140625 0.140625 0.1328125
35 0.70390625 0.21484375 0.2265625 0.321875
32 0.7171875 0.28828125 0.19140625 0.1421875
32 0.390625 0.30546875 0.1421875 0.2828125
32 0.20859375 0.3203125 0.2078125 0.26484375
32 0.590625 0.415625 0.2171875 0.30390625
35 0.36875 0.49453125 0.175 0.9625
35 0.19453125 0.5015625 0.221875 0.909375
35 0.540625 0.51328125 0.15625 0.89140625
20 0.3734375 0.090625 0.12421875 0.15546875
20 0.659375 0.1125 0.09375 0.1046875