20 0.3703125 0.3421875 0.03828125 0.0375
35 0.66796875 0.34375 0.11484375 0.3875
20 0.1234375 0.34375 0.04375 0.05234375
20 0.18125 0.35546875 0.02734375 0.04609375
20 0.4578125 0.36015625 0.03671875 0.04921875
40 0.1265625 0.4453125 0.0453125 0.1390625
32 0.37734375 0.459375 0.05625 0.14453125
32 0.1875 0.46640625 0.065625 0.14765625
32 0.47109375 0.47421875 0.06171875 0.1328125
35 0.11875 0.5 0.0671875 0.38125
35 0.1875 0.5015625 0.0765625 0.3265625
35 0.37890625 0.5046875 0.09296875 0.35546875
35 0.4703125 0.53046875 0.078125 0.37890625