20 0.25390625 0.35859375 0.02578125 0.028125
20 0.3265625 0.3609375 0.02265625 0.03203125
20 0.19140625 0.3625 0.0234375 0.03984375
20 0.153125 0.38671875 0.02265625 0.040625
32 0.2625 0.40703125 0.03359375 0.06953125
32 0.19609375 0.409375 0.02421875 0.059375
32 0.32578125 0.4109375 0.02578125 0.084375
32 0.39921875 0.41875 0.03203125 0.078125
35 0.2609375 0.4203125 0.04140625 0.15546875
35 0.325 0.4234375 0.03671875 0.16796875
35 0.40234375 0.43125 0.04453125 0.16328125
35 0.196875 0.43359375 0.03203125 0.1609375
32 0.15703125 0.4375 0.03046875 0.07109375
35 0.1546875 0.45078125 0.03359375 0.15390625