20 0.62890625 0.20390625 0.0796875 0.084375
20 0.73125 0.2109375 0.10234375 0.10703125
20 0.35546875 0.2203125 0.08359375 0.1140625
20 0.421875 0.26171875 0.05859375 0.084375
20 0.2265625 0.30078125 0.09765625 0.14453125
20 0.515625 0.32109375 0.08359375 0.0859375
40 0.325 0.4546875 0.12734375 0.34296875
40 0.7703125 0.5140625 0.1421875 0.35625
40 0.20859375 0.56484375 0.1703125 0.375
35 0.76015625 0.58046875 0.1625 0.83828125
35 0.3375 0.58125 0.1203125 0.83671875
35 0.63203125 0.58203125 0.0953125 0.8359375
35 0.428125 0.5859375 0.08125 0.81640625
35 0.19765625 0.61015625 0.1671875 0.7796875
35 0.53515625 0.63359375 0.1484375 0.7328125