20 0.70546875 0.26484375 0.07109375 0.09765625
40 0.2265625 0.4421875 0.15390625 0.3984375
40 0.6921875 0.50625 0.1125 0.2796875
35 0.2390625 0.525 0.2890625 0.95
20 0.4015625 0.5609375 0.02890625 0.03984375
20 0.4828125 0.565625 0.01953125 0.02890625
35 0.7265625 0.575 0.25703125 0.72265625
40 0.39609375 0.63203125 0.05390625 0.0921875
40 0.4890625 0.634375 0.04296875 0.08671875
35 0.4921875 0.6515625 0.06953125 0.2109375
35 0.39921875 0.6609375 0.0625 0.25625
20 0.2828125 0.13984375 0.11640625 0.1796875