20 0.33125 0.665625 0.03203125 0.040625
20 0.43671875 0.64140625 0.034375 0.034375
20 0.4953125 0.6375 0.0421875 0.0453125
20 0.56328125 0.6171875 0.040625 0.0421875
20 0.6125 0.5953125 0.03125 0.03359375
20 0.671875 0.575 0.02578125 0.03828125
20 0.72109375 0.54921875 0.03671875 0.0359375
40 0.33671875 0.734375 0.05625 0.08984375
40 0.43359375 0.7046875 0.040625 0.0984375
40 0.4984375 0.7 0.0484375 0.08515625
40 0.55703125 0.678125 0.0453125 0.09375
40 0.62109375 0.66171875 0.0484375 0.09375
40 0.66875 0.640625 0.04375 0.08359375
40 0.71953125 0.6203125 0.0484375 0.08359375
38 0.35703125 0.8390625 0.040625 0.03203125
38 0.36796875 0.8609375 0.03359375 0.03046875
38 0.4375 0.8015625 0.01953125 0.03046875
38 0.45859375 0.82578125 0.03515625 0.02734375
38 0.48984375 0.80703125 0.01640625 0.01953125
38 0.51640625 0.803125 0.025 0.02421875
38 0.55390625 0.78046875 0.02578125 0.034375
38 0.60703125 0.7578125 0.0234375 0.040625
38 0.63203125 0.759375 0.03203125 0.03671875
38 0.646875 0.74765625 0.028125 0.03515625
38 0.67109375 0.74140625 0.02578125 0.03046875
38 0.69453125 0.7046875 0.028125 0.03671875
38 0.71484375 0.7109375 0.0171875 0.03046875