4 0.89375 0.4078125 0.071875 0.0671875
16 0.67734375 0.6328125 0.115625 0.0609375
16 0.58203125 0.55 0.1203125 0.0765625
16 0.3375 0.44296875 0.1140625 0.11875
16 0.38046875 0.1359375 0.08125 0.05
16 0.53359375 0.16875 0.0640625 0.040625
16 0.69296875 0.2296875 0.0359375 0.0203125
17 0.89609375 0.4609375 0.0359375 0.0296875
10 0.8046875 0.665625 0.0375 0.0515625
17 0.69375 0.25546875 0.021875 0.015625
17 0.53828125 0.22109375 0.0359375 0.03125
17 0.3734375 0.1984375 0.0484375 0.0390625
17 0.3 0.5203125 0.0625 0.0453125
17 0.5796875 0.64765625 0.065625 0.034375
15 0.8046875 0.515625 0.1359375 0.1296875
15 0.71484375 0.8375 0.3140625 0.321875
15 0.55234375 0.696875 0.1265625 0.1859375
15 0.2234375 0.58359375 0.265625 0.265625
15 0.35859375 0.3015625 0.1625 0.1625
15 0.52890625 0.32265625 0.1125 0.1875
15 0.684375 0.296875 0.06875 0.0625
14 0.6875 0.34609375 0.096875 0.2609375
14 0.8296875 0.53984375 0.1953125 0.3390625
14 0.65625 0.7984375 0.446875 0.403125
14 0.53671875 0.70703125 0.24375 0.4328125
14 0.2375 0.646875 0.4015625 0.5390625
14 0.52734375 0.35390625 0.165625 0.4234375
14 0.353125 0.3265625 0.2140625 0.4484375