4 0.1078125 0.40078125 0.0703125 0.06640625
16 0.3203125 0.6296875 0.1140625 0.05859375
16 0.4171875 0.5484375 0.11953125 0.07421875
16 0.66328125 0.44609375 0.1125 0.1171875
16 0.62578125 0.13828125 0.0796875 0.04921875
16 0.471875 0.16796875 0.06328125 0.0390625
16 0.31171875 0.2265625 0.0359375 0.01953125
17 0.1046875 0.45390625 0.0359375 0.0296875
10 0.1921875 0.66015625 0.03671875 0.05078125
17 0.31015625 0.25234375 0.02109375 0.015625
17 0.46640625 0.2203125 0.03515625 0.03125
17 0.63203125 0.20078125 0.04765625 0.0375
17 0.7 0.5234375 0.0625 0.04453125
17 0.41796875 0.64609375 0.06484375 0.0328125
15 0.1953125 0.51015625 0.134375 0.128125
15 0.2796875 0.83359375 0.3078125 0.3171875
15 0.44453125 0.69609375 0.12265625 0.18359375
15 0.775 0.58828125 0.26171875 0.2609375
15 0.64453125 0.30390625 0.16015625 0.16015625
15 0.47421875 0.321875 0.10859375 0.18515625
15 0.31953125 0.29375 0.06796875 0.0609375
14 0.31484375 0.34296875 0.0921875 0.259375
14 0.16953125 0.534375 0.1890625 0.3359375
14 0.3375 0.7984375 0.43984375 0.40234375
14 0.459375 0.70625 0.23671875 0.428125
14 0.76015625 0.6515625 0.39296875 0.5328125
14 0.475 0.353125 0.15859375 0.4203125
14 0.65 0.32890625 0.20625 0.44453125