4 0.64375 0.3453125 0.08125 0.059375
4 0.4015625 0.29921875 0.09375 0.065625
4 0.75546875 0.35703125 0.0359375 0.025
4 0.69140625 0.35390625 0.04375 0.0265625
4 0.88515625 0.4078125 0.0375 0.0265625
4 0.94140625 0.390625 0.0359375 0.025
4 0.90234375 0.39453125 0.0359375 0.021875
4 0.7125 0.34140625 0.028125 0.01875
17 0.87421875 0.42109375 0.0109375 0.009375
12 0.75625 0.3734375 0.0171875 0.0140625
17 0.690625 0.37421875 0.0140625 0.0140625
17 0.61953125 0.38203125 0.0390625 0.0265625
17 0.39140625 0.33828125 0.040625 0.0265625
5 0.36328125 0.415625 0.1484375 0.178125
5 0.63046875 0.47890625 0.175 0.196875
5 0.73984375 0.39609375 0.0515625 0.0640625
5 0.9140625 0.42421875 0.03125 0.0265625
5 0.94296875 0.44921875 0.0578125 0.075
15 0.88984375 0.46484375 0.0671875 0.0828125
15 0.7109375 0.38359375 0.025 0.0359375
15 0.6875 0.409375 0.0703125 0.075
14 0.9328125 0.47265625 0.0953125 0.190625
14 0.89375 0.471875 0.0859375 0.178125
14 0.88125 0.484375 0.0921875 0.184375
14 0.74375 0.42890625 0.10625 0.18125
14 0.69765625 0.41953125 0.08125 0.1796875
14 0.69140625 0.38125 0.0609375 0.0796875
14 0.6234375 0.5515625 0.2625 0.484375
14 0.33828125 0.46875 0.2359375 0.4265625