4 0.296875 0.26484375 0.171875 0.0953125
4 0.8625 0.3078125 0.2203125 0.0984375
4 0.45625 0.17890625 0.1125 0.06015625
16 0.153125 0.46171875 0.16171875 0.05703125
16 0.50625 0.3828125 0.16796875 0.04609375
18 0.72890625 0.07421875 0.2109375 0.0578125
19 0.67890625 0.46640625 0.64140625 0.64609375
17 0.45 0.24453125 0.07734375 0.0328125
17 0.8765625 0.4078125 0.14609375 0.065625
17 0.278125 0.35234375 0.11015625 0.0578125
17 0.50859375 0.484375 0.1109375 0.05234375
17 0.1671875 0.56484375 0.10703125 0.05703125
15 0.20859375 0.70625 0.290625 0.25625
15 0.53203125 0.6390625 0.32265625 0.265625
15 0.9015625 0.615625 0.196875 0.3578125
5 0.253125 0.46796875 0.284375 0.23359375
15 0.44140625 0.30078125 0.1703125 0.1375
14 0.46328125 0.26015625 0.234375 0.22421875
14 0.87265625 0.6296875 0.25390625 0.73984375
14 0.55 0.67890625 0.40859375 0.64140625
14 0.23359375 0.71484375 0.3859375 0.5703125
14 0.2421875 0.4109375 0.41328125 0.3921875