15 0.3890625 0.03046875 0.1375 0.0609375
15 0.34609375 0.128125 0.2078125 0.25625
15 0.8609375 0.2609375 0.2484375 0.409375
15 0.78828125 0.14140625 0.10625 0.1421875
15 0.94453125 0.546875 0.1109375 0.425
4 0.95390625 0.1953125 0.0921875 0.2375
4 0.47734375 0.0828125 0.1140625 0.165625
17 0.43203125 0.1578125 0.028125 0.034375
17 0.81328125 0.0890625 0.0453125 0.0484375
17 0.98359375 0.33828125 0.0328125 0.0703125
10 0.81015625 0.90390625 0.1078125 0.125
10 0.73203125 0.165625 0.0328125 0.075
10 0.690625 0.18359375 0.1046875 0.1171875
10 0.44296875 0.24921875 0.034375 0.0578125
10 0.3671875 0.409375 0.0375 0.0640625
10 0.090625 0.13984375 0.06875 0.06875
10 0.034375 0.3703125 0.0546875 0.1046875
15 0.06640625 0.15390625 0.075 0.3
14 0.12265625 0.3515625 0.2453125 0.703125
14 0.375 0.04375 0.203125 0.0875
14 0.35 0.3484375 0.375 0.696875
14 0.734375 0.49296875 0.53125 0.9515625
14 0.86953125 0.53671875 0.2609375 0.9265625