16 0.38671875 0.04140625 0.0625 0.0484375
28 0.41640625 0.27890625 0.171875 0.3046875
16 0.49921875 0.1578125 0.2140625 0.228125
16 0.7609375 0.16328125 0.403125 0.3265625
16 0.5765625 0.0046875 0.046875 0.009375
16 0.12109375 0.24921875 0.1375 0.11875
17 0.571875 0.03046875 0.0265625 0.025
17 0.40390625 0.08046875 0.025 0.0265625
17 0.56484375 0.29609375 0.109375 0.115625
17 0.84140625 0.44375 0.24375 0.184375
15 0.60234375 0.1109375 0.0953125 0.140625
15 0.41171875 0.171875 0.090625 0.146875
15 0.61953125 0.51640625 0.3328125 0.4859375
15 0.91796875 0.696875 0.1640625 0.4625
15 0.2578125 0.60390625 0.321875 0.4765625
17 0.165625 0.36875 0.0984375 0.075
14 0.25390625 0.5796875 0.4515625 0.840625
14 0.7828125 0.4796875 0.434375 0.959375
14 0.6 0.11015625 0.125 0.2203125
14 0.428125 0.225 0.190625 0.434375
14 0.65234375 0.50390625 0.5125 0.9828125