11 0.06796875 0.603125 0.1359375 0.23359375
11 0.22890625 0.1046875 0.1703125 0.209375
11 0.59609375 0.46015625 0.509375 0.9203125
5 0.6078125 0.50078125 0.01953125 0.0328125
5 0.81328125 0.4546875 0.01875 0.03828125
5 0.7140625 0.10859375 0.0171875 0.03671875
15 0.71796875 0.30703125 0.01796875 0.034375
4 0.71796875 0.2765625 0.0125 0.02265625
4 0.81796875 0.415625 0.0125 0.01953125
14 0.715625 0.128125 0.0296875 0.125
14 0.71796875 0.31875 0.03515625 0.11171875
14 0.81328125 0.4828125 0.03046875 0.15078125
14 0.61015625 0.49375 0.028125 0.0546875