11 0.0734375 0.5109375 0.146875 0.25625
11 0.3171875 0.08828125 0.209375 0.1765625
11 0.60234375 0.4921875 0.6890625 0.984375
5 0.60546875 0.5234375 0.0265625 0.0359375
5 0.815625 0.52109375 0.0265625 0.040625
5 0.790625 0.16171875 0.025 0.0390625
15 0.753125 0.35625 0.025 0.0375
4 0.759375 0.3265625 0.0171875 0.025
4 0.82890625 0.48359375 0.015625 0.021875
14 0.78828125 0.18125 0.0546875 0.128125
14 0.75078125 0.36796875 0.0578125 0.1171875
14 0.81015625 0.5484375 0.0609375 0.153125
14 0.609375 0.51640625 0.0390625 0.059375