6 0.490625 0.39765625 0.18046875 0.20546875
6 0.1921875 0.64765625 0.36171875 0.4265625
6 0.875 0.20859375 0.046875 0.05625
6 0.8265625 0.22265625 0.0421875 0.05625
6 0.75546875 0.2328125 0.059375 0.08359375
6 0.715625 0.2453125 0.07109375 0.08828125
6 0.67734375 0.265625 0.096875 0.09375
6 0.621875 0.31484375 0.146875 0.1359375
14 0.45078125 0.13984375 0.0421875 0.0578125
15 0.45546875 0.1390625 0.0296875 0.02421875
6 0.9171875 0.19140625 0.04296875 0.03515625
6 0.94921875 0.1875 0.028125 0.0390625
6 0.97421875 0.1859375 0.0328125 0.0390625