6 0.7171875 0.4328125 0.03203125 0.11875
6 0.8828125 0.2078125 0.0046875 0.02421875
6 0.88984375 0.19765625 0.0046875 0.021875
6 0.8953125 0.18984375 0.00390625 0.0171875
6 0.89921875 0.18515625 0.003125 0.01484375
6 0.921875 0.18203125 0.003125 0.01640625
6 0.94453125 0.18125 0.003125 0.01640625
6 0.85078125 0.23515625 0.0125 0.0640625
6 0.85703125 0.228125 0.00625 0.05859375
6 0.85625 0.24375 0.0046875 0.0390625
6 0.8203125 0.26171875 0.01171875 0.04453125
6 0.84375 0.23046875 0.00625 0.0328125
6 0.803125 0.22421875 0.00703125 0.028125
6 0.74609375 0.22109375 0.00625 0.025
6 0.68046875 0.221875 0.00546875 0.02421875
6 0.6125 0.225 0.0046875 0.021875
6 0.53828125 0.23359375 0.00546875 0.021875
6 0.46875 0.24296875 0.0046875 0.02265625
6 0.41875 0.25234375 0.0046875 0.02265625
6 0.41015625 0.30234375 0.0109375 0.04453125
6 0.37265625 0.265625 0.00625 0.02734375
6 0.35078125 0.29375 0.009375 0.03671875
6 0.34453125 0.2796875 0.00625 0.0328125
6 0.53515625 0.30234375 0.0125 0.05234375
6 0.6890625 0.2859375 0.0125 0.05
6 0.7890625 0.32734375 0.01796875 0.071875
6 0.48359375 0.3546875 0.02109375 0.075
6 0.2734375 0.34375 0.01640625 0.0609375
6 0.215625 0.31875 0.0109375 0.0421875
6 0.2375 0.2953125 0.0078125 0.0359375
6 0.29375 0.271875 0.00625 0.028125
6 0.365625 0.2546875 0.00546875 0.021875
6 0.4328125 0.240625 0.0046875 0.0203125
6 0.52421875 0.22734375 0.0046875 0.0203125
6 0.61953125 0.21875 0.00546875 0.0203125
6 0.70703125 0.21328125 0.00546875 0.0203125
6 0.796875 0.21171875 0.00546875 0.02265625
6 0.878125 0.2125 0.00625 0.02734375
6 0.3828125 0.7796875 0.03515625 0.13203125