6 0.9765625 0.6578125 0.046875 0.1875
6 0.709375 0.31796875 0.0171875 0.0390625
6 0.77578125 0.41328125 0.0359375 0.075
6 0.51953125 0.32109375 0.0171875 0.0375
6 0.42109375 0.38515625 0.0265625 0.0609375
6 0.21015625 0.58046875 0.06875 0.1296875
6 0.7 0.2890625 0.0125 0.021875
28 0.53828125 0.75859375 0.7234375 0.4828125
6 0.2703125 0.29765625 0.0140625 0.0328125
6 0.41015625 0.2703125 0.0078125 0.025
6 0.47265625 0.25859375 0.0078125 0.0171875
6 0.50625 0.25234375 0.0046875 0.0125
6 0.56171875 0.29140625 0.0109375 0.0296875
6 0.571875 0.2734375 0.00625 0.01875
6 0.5546875 0.265625 0.00625 0.0203125
6 0.58515625 0.27734375 0.0078125 0.021875
6 0.63515625 0.2578125 0.00625 0.0171875
6 0.64140625 0.26171875 0.00625 0.0171875
6 0.675 0.26640625 0.00625 0.015625
6 0.87265625 0.2609375 0.009375 0.021875
6 0.94453125 0.25234375 0.009375 0.0203125
6 0.95 0.2609375 0.009375 0.0171875
6 0.85234375 0.25546875 0.0046875 0.0140625
6 0.80859375 0.2515625 0.00625 0.0171875
6 0.81171875 0.25703125 0.00625 0.0140625
6 0.7828125 0.2625 0.00625 0.01875
6 0.7328125 0.26015625 0.00625 0.015625