6 0.8390625 0.49921875 0.03046875 0.0921875
6 0.67734375 0.34140625 0.02109375 0.0546875
6 0.23515625 0.57109375 0.04453125 0.13359375
6 0.409375 0.34375 0.02421875 0.04609375
6 0.44765625 0.303125 0.0109375 0.05078125
28 0.56015625 0.74375 0.6015625 0.51171875
6 0.5546875 0.26875 0.00859375 0.025
6 0.36484375 0.278125 0.00546875 0.02421875
6 0.35625 0.278125 0.009375 0.01171875
6 0.41953125 0.2578125 0.00625 0.0140625
6 0.46875 0.25 0.0046875 0.01484375
6 0.4828125 0.2640625 0.00390625 0.01875
6 0.48984375 0.265625 0.01015625 0.0125
6 0.4953125 0.2796875 0.00859375 0.0203125
6 0.51875 0.253125 0.0046875 0.01328125
6 0.52265625 0.2484375 0.00234375 0.01015625
6 0.5765625 0.24921875 0.003125 0.009375
6 0.5875 0.253125 0.00390625 0.0109375
6 0.6234375 0.2546875 0.003125 0.0140625
6 0.63515625 0.26953125 0.00546875 0.0203125
6 0.70625 0.27734375 0.00390625 0.01640625
6 0.6671875 0.3046875 0.00859375 0.028125
6 0.74921875 0.3046875 0.01015625 0.03125
6 0.78515625 0.290625 0.00546875 0.021875
6 0.81171875 0.278125 0.003125 0.01328125
6 0.8796875 0.3140625 0.0046875 0.021875
6 0.8515625 0.3328125 0.01015625 0.02890625
6 0.95 0.36328125 0.015625 0.034375
6 0.98828125 0.35234375 0.01015625 0.02734375