6 0.884375 0.36171875 0.0453125 0.1
6 0.6953125 0.20234375 0.0234375 0.0515625
6 0.55703125 0.159375 0.021875 0.046875
6 0.46171875 0.13359375 0.0125 0.0359375
6 0.42421875 0.12578125 0.0078125 0.03125
6 0.4 0.1203125 0.0078125 0.0296875
6 0.134375 0.4859375 0.1078125 0.3171875
6 0.3453125 0.2265625 0.0390625 0.0890625
6 0.28671875 0.16953125 0.021875 0.05625
6 0.2609375 0.146875 0.015625 0.0453125
6 0.24140625 0.14453125 0.0125 0.0375
6 0.2328125 0.12421875 0.0125 0.0265625
6 0.240625 0.11484375 0.0125 0.028125
6 0.38125 0.11640625 0.009375 0.0234375
6 0.3484375 0.115625 0.0078125 0.021875
6 0.99296875 0.27890625 0.0140625 0.0484375
6 0.875 0.2109375 0.0171875 0.0375
6 0.765625 0.1671875 0.0140625 0.0375
6 0.684375 0.140625 0.0125 0.0296875
6 0.61796875 0.12265625 0.009375 0.025
6 0.92734375 0.21953125 0.0125 0.03125
6 0.84765625 0.18125 0.0125 0.0328125
6 0.77890625 0.16171875 0.0109375 0.03125
6 0.56015625 0.11640625 0.0125 0.0328125
28 0.5 0.528125 1 0.94375