6 0.025 0.68359375 0.05 0.184375
6 0.28125 0.32890625 0.015625 0.03828125
6 0.2203125 0.428125 0.03203125 0.0734375
6 0.47109375 0.32265625 0.015625 0.03671875
6 0.57265625 0.38125 0.02421875 0.06015625
6 0.79375 0.56484375 0.06171875 0.12734375
6 0.2890625 0.3 0.0109375 0.021875
28 0.475 0.76875 0.70078125 0.4625
6 0.71875 0.2859375 0.01171875 0.0328125
6 0.57734375 0.265625 0.00625 0.025
6 0.51484375 0.2578125 0.00625 0.0171875
6 0.48046875 0.253125 0.00390625 0.01171875
6 0.42734375 0.2953125 0.01015625 0.02890625
6 0.41640625 0.27734375 0.0046875 0.01875
6 0.4328125 0.26875 0.00546875 0.0203125
6 0.403125 0.28203125 0.00703125 0.021875
6 0.35234375 0.26484375 0.0046875 0.0171875
6 0.34609375 0.26953125 0.0046875 0.01640625
6 0.31328125 0.27578125 0.0046875 0.015625
6 0.115625 0.28046875 0.0078125 0.02109375
6 0.04296875 0.27578125 0.00859375 0.0203125
6 0.03828125 0.28515625 0.00859375 0.0171875
6 0.13515625 0.27421875 0.00390625 0.0140625
6 0.17890625 0.26796875 0.0046875 0.01640625
6 0.17578125 0.2734375 0.00546875 0.0140625
6 0.20546875 0.27734375 0.00546875 0.01875
6 0.2546875 0.27265625 0.00546875 0.01484375