6 0.8984375 0.73046875 0.0578125 0.1359375
6 0.95703125 0.59296875 0.0234375 0.075
6 0.7609375 0.425 0.0203125 0.046875
6 0.6 0.42578125 0.025 0.053125
6 0.65546875 0.3578125 0.0109375 0.03125
6 0.92578125 0.484375 0.015625 0.0421875
6 0.196875 0.49921875 0.0375 0.075
6 0.803125 0.403125 0.009375 0.028125
6 0.72265625 0.36640625 0.0109375 0.025
6 0.6671875 0.340625 0.009375 0.021875
6 0.63046875 0.3296875 0.0078125 0.0203125
6 0.265625 0.37734375 0.015625 0.0359375
6 0.31484375 0.340625 0.0109375 0.0296875
6 0.3515625 0.321875 0.0078125 0.0234375
6 0.5953125 0.31796875 0.00625 0.0203125
6 0.53984375 0.31015625 0.00625 0.01875
6 0.4796875 0.30703125 0.0078125 0.015625
6 0.3984375 0.31015625 0.00625 0.0171875
6 0.5015625 0.3546875 0.0140625 0.0375
6 0.45078125 0.32890625 0.0109375 0.028125
6 0.5015625 0.32265625 0.009375 0.0234375
6 0.56875 0.3328125 0.009375 0.025
15 0.43125 0.26484375 0.00625 0.015625
14 0.43125 0.26953125 0.0078125 0.040625
28 0.4546875 0.72890625 0.5 0.5421875