6 0.98515625 0.621875 0.0296875 0.146875
6 0.64453125 0.5015625 0.0578125 0.1078125
6 0.5140625 0.475 0.040625 0.084375
6 0.38828125 0.45703125 0.028125 0.0625
6 0.2953125 0.43359375 0.01875 0.0421875
6 0.2765625 0.41640625 0.0171875 0.0359375
6 0.25078125 0.40546875 0.0140625 0.0328125
6 0.22890625 0.3984375 0.0109375 0.0234375
6 0.24140625 0.390625 0.0109375 0.021875
6 0.70234375 0.390625 0.01875 0.0359375
6 0.81875 0.3953125 0.0265625 0.0515625
6 0.65546875 0.3859375 0.015625 0.034375
6 0.65859375 0.37109375 0.0140625 0.0328125
6 0.6984375 0.36171875 0.0125 0.0296875
6 0.7359375 0.35078125 0.0078125 0.0203125
6 0.86484375 0.35859375 0.01875 0.034375
6 0.8921875 0.365625 0.015625 0.034375
6 0.89375 0.346875 0.0140625 0.0296875
6 0.93359375 0.340625 0.015625 0.0265625
6 0.765625 0.340625 0.009375 0.0171875
6 0.78671875 0.3359375 0.009375 0.0171875
6 0.79609375 0.3328125 0.009375 0.0171875
6 0.56015625 0.35 0.00625 0.0171875
6 0.603125 0.34453125 0.00625 0.015625
6 0.4890625 0.359375 0.009375 0.01875
6 0.409375 0.36796875 0.0109375 0.021875
6 0.34453125 0.37734375 0.0078125 0.0171875
6 0.33203125 0.4421875 0.01875 0.05
6 0.296875 0.38203125 0.009375 0.021875
6 0.00859375 0.51015625 0.0171875 0.0703125
6 0.04453125 0.46640625 0.021875 0.05
6 0.0484375 0.43984375 0.01875 0.0375
6 0.06015625 0.4234375 0.0140625 0.0296875
6 0.0609375 0.4140625 0.0140625 0.0265625
6 0.07265625 0.40703125 0.0109375 0.0234375
6 0.1109375 0.39765625 0.0109375 0.0234375
6 0.16328125 0.3875 0.0109375 0.021875
6 0.22890625 0.378125 0.0109375 0.01875
6 0.28203125 0.37578125 0.009375 0.0203125
6 0.37421875 0.36484375 0.009375 0.01875
6 0.4484375 0.3578125 0.0078125 0.0171875
6 0.50390625 0.353125 0.0078125 0.0171875
6 0.565625 0.34375 0.0078125 0.015625
6 0.6140625 0.340625 0.00625 0.01875
6 0.9609375 0.33515625 0.0125 0.0234375
6 0.340625 0.42890625 0.0265625 0.0796875
6 0.32578125 0.43046875 0.0234375 0.0765625
6 0.0328125 0.46875 0.0390625 0.0890625
28 0.50078125 0.72890625 0.9984375 0.5421875