8 0.56953125 0.30390625 0.8515625 0.55
5 0.596875 0.31484375 0.303125 0.3421875
5 0.5734375 0.35625 0.3171875 0.240625
17 0.62421875 0.1234375 0.0859375 0.05
16 0.59609375 0.06875 0.121875 0.059375
10 0.5640625 0.4734375 0.09375 0.078125
10 0.42109375 0.5078125 0.0625 0.046875
10 0.7703125 0.446875 0.0671875 0.0625
5 0.496875 0.22421875 0.1203125 0.115625
16 0.5015625 0.14765625 0.0515625 0.025
14 0.48046875 0.209375 0.14375 0.1609375
14 0.4328125 0.40234375 0.1171875 0.2515625
14 0.634375 0.4296875 0.4046875 0.8078125