8 0.88125 0.51953125 0.128125 0.1703125
8 0.765625 0.66328125 0.228125 0.2203125
6 0.478125 0.7453125 0.0296875 0.0671875
21 0.05078125 0.340625 0.053125 0.071875
6 0.7890625 0.53046875 0.009375 0.01875
5 0.728125 0.540625 0.0109375 0.021875
4 0.73359375 0.5265625 0.00625 0.0078125
14 0.728125 0.5453125 0.0203125 0.0453125
4 0.43125 0.42109375 0.00625 0.00625
4 0.42421875 0.4234375 0.0078125 0.009375
5 0.42890625 0.4328125 0.009375 0.0140625
5 0.42109375 0.43671875 0.0125 0.0203125
14 0.41953125 0.4375 0.0171875 0.0390625
14 0.42890625 0.43984375 0.0203125 0.0453125