8 0.87578125 0.43359375 0.09609375 0.153125
8 0.7953125 0.59921875 0.1921875 0.18125
6 0.53359375 0.74375 0.015625 0.065625
21 0.0265625 0.44609375 0.03984375 0.0640625
6 0.78828125 0.46484375 0.0046875 0.01875
5 0.73125 0.48828125 0.00703125 0.02109375
4 0.73359375 0.4734375 0.0046875 0.00625
14 0.7328125 0.49296875 0.0109375 0.04453125
4 0.41484375 0.43828125 0.00546875 0.0046875
4 0.40859375 0.4421875 0.00546875 0.0078125
5 0.415625 0.45078125 0.00625 0.0125
5 0.40859375 0.45625 0.0078125 0.01875
14 0.4078125 0.45703125 0.00859375 0.0375
14 0.4171875 0.45703125 0.0109375 0.04375