8 0.6625 0.68203125 0.6 0.42734375
10 0.16640625 0.56484375 0.0109375 0.02109375
10 0.12109375 0.6203125 0.0140625 0.015625
5 0.13828125 0.56015625 0.0328125 0.07265625
16 0.13671875 0.49921875 0.015625 0.01484375
17 0.1375 0.51953125 0.0140625 0.009375
14 0.14140625 0.59375 0.06328125 0.20546875
2 0.3109375 0.43828125 0.01484375 0.03671875
16 0.83984375 0.55234375 0.03046875 0.0234375
17 0.840625 0.57734375 0.01640625 0.01171875
15 0.85625 0.6140625 0.0390625 0.08046875
10 0.81484375 0.6515625 0.01875 0.0171875
14 0.828125 0.634375 0.09609375 0.190625