8 0.275 0.58984375 0.453125 0.5421875
3 0.63203125 0.2546875 0.140625 0.1421875
5 0.19453125 0.6890625 0.0203125 0.0265625
16 0.1984375 0.6625 0.009375 0.009375
16 0.26953125 0.82265625 0.0125 0.0109375
16 0.340625 0.79765625 0.0125 0.015625
17 0.33828125 0.81015625 0.0078125 0.00625
17 0.2671875 0.8390625 0.0078125 0.0078125
14 0.20390625 0.6921875 0.040625 0.06875
10 0.34375 0.8703125 0.0125 0.015625
14 0.25546875 0.89296875 0.0546875 0.1546875
5 0.33359375 0.84140625 0.0296875 0.0578125
5 0.25390625 0.865625 0.0328125 0.065625
5 0.13671875 0.86875 0.0328125 0.05625
4 0.13046875 0.83125 0.0125 0.0140625
14 0.13515625 0.8875 0.0453125 0.1296875
14 0.3359375 0.86328125 0.0453125 0.15