8 0.33984375 0.46171875 0.6796875 0.7265625
3 0.91640625 0.6328125 0.1671875 0.428125
16 0.65 0.16953125 0.025 0.0234375
16 0.675 0.334375 0.0421875 0.0625
16 0.46015625 0.3703125 0.0375 0.0265625
16 0.36328125 0.60625 0.0546875 0.0375
17 0.4609375 0.3953125 0.0203125 0.015625
17 0.3609375 0.65234375 0.015625 0.01875
15 0.31796875 0.6859375 0.071875 0.1015625
15 0.44140625 0.453125 0.0484375 0.09375
15 0.64609375 0.24375 0.05625 0.1078125
15 0.68203125 0.40390625 0.084375 0.159375
14 0.68203125 0.490625 0.203125 0.3859375
14 0.63203125 0.3 0.1125 0.290625
14 0.44921875 0.50546875 0.1578125 0.3125
14 0.3515625 0.715625 0.1859375 0.2703125