8 0.3296875 0.38046875 0.309375 0.3546875
6 0.88671875 0.5078125 0.0265625 0.05859375
6 0.73359375 0.5625 0.0359375 0.09921875
6 0.72578125 0.50078125 0.01953125 0.0578125
6 0.62109375 0.49296875 0.02265625 0.06171875
6 0.5390625 0.49140625 0.02265625 0.05625
15 0.6921875 0.51484375 0.03125 0.05078125
16 0.68828125 0.46953125 0.01640625 0.0203125
14 0.68671875 0.51484375 0.059375 0.1171875
6 0.26953125 0.6828125 0.0703125 0.18828125
6 0.21875 0.6609375 0.05703125 0.16953125
6 0.18046875 0.62578125 0.05546875 0.14140625
6 0.1765625 0.5796875 0.05234375 0.13046875
6 0.1890625 0.49375 0.025 0.06171875
6 0.16015625 0.5 0.02421875 0.0640625
6 0.125 0.50703125 0.01328125 0.05625
6 0.13046875 0.58046875 0.03984375 0.109375
6 0.11328125 0.5515625 0.0234375 0.0984375
6 0.0921875 0.5328125 0.02890625 0.09140625
24 0.0171875 0.42890625 0.03359375 0.034375
18 0.02421875 0.3625 0.04609375 0.0265625
24 0.09296875 0.3734375 0.05 0.01796875
24 0.12890625 0.42265625 0.01484375 0.0234375
24 0.196875 0.42734375 0.0375 0.03359375
19 0.15078125 0.4203125 0.03125 0.03515625
19 0.26484375 0.440625 0.04453125 0.05
19 0.28359375 0.43984375 0.065625 0.06328125
7 0.41484375 0.54453125 0.053125 0.14296875