8 0.55546875 0.4578125 0.58125 0.309375
4 0.459375 0.70546875 0.06953125 0.02890625
4 0.5109375 0.68828125 0.0453125 0.025
17 0.5140625 0.71015625 0.03203125 0.009375
17 0.4765625 0.728125 0.02265625 0.01171875
5 0.51875 0.76171875 0.07578125 0.07890625
5 0.440625 0.78203125 0.10546875 0.10234375
10 0.4875 0.828125 0.03359375 0.03203125
14 0.46328125 0.8140625 0.14921875 0.24609375
14 0.55 0.790625 0.15859375 0.2328125
4 0.459375 0.5640625 0.0078125 0.00390625
5 0.459375 0.57265625 0.0140625 0.0109375
14 0.45703125 0.57578125 0.01875 0.0296875
4 0.46328125 0.58828125 0.00859375 0.003125
5 0.459375 0.59765625 0.01484375 0.0125
14 0.46171875 0.60078125 0.01953125 0.03046875