8 0.30078125 0.46796875 0.6015625 0.7328125
3 0.92890625 0.36796875 0.1421875 0.7359375
4 0.8859375 0.48515625 0.0421875 0.0390625
4 0.23125 0.57421875 0.0296875 0.028125
4 0.5 0.54453125 0.0421875 0.0421875
4 0.5375 0.53359375 0.0296875 0.034375
4 0.57109375 0.50234375 0.04375 0.04375
4 0.6734375 0.51953125 0.028125 0.0328125
4 0.68828125 0.4828125 0.0296875 0.0328125
4 0.7390625 0.54765625 0.03125 0.0265625
17 0.8984375 0.521875 0.01875 0.0203125
17 0.58515625 0.53515625 0.0125 0.0140625
17 0.5359375 0.56328125 0.0171875 0.01875
17 0.5109375 0.58359375 0.0203125 0.0203125
12 0.2359375 0.60390625 0.0203125 0.01875
5 0.23671875 0.6671875 0.05625 0.10625
5 0.4828125 0.64453125 0.0734375 0.1421875
5 0.5375 0.61796875 0.0515625 0.1125
5 0.58203125 0.603125 0.06875 0.1234375
5 0.6671875 0.64765625 0.0328125 0.075
5 0.6953125 0.59609375 0.065625 0.1453125
5 0.75 0.63125 0.046875 0.1328125
5 0.8859375 0.59296875 0.06875 0.1453125
10 0.5359375 0.696875 0.0203125 0.0234375
10 0.48125 0.715625 0.028125 0.03125
14 0.88515625 0.6515625 0.10625 0.378125
14 0.7515625 0.6671875 0.0671875 0.2734375
14 0.7078125 0.66015625 0.1125 0.3984375
14 0.67578125 0.6671875 0.084375 0.3296875
14 0.590625 0.671875 0.103125 0.390625
14 0.5421875 0.6890625 0.0734375 0.353125
14 0.4953125 0.709375 0.1125 0.3703125
14 0.25234375 0.7046875 0.10625 0.3015625