8 0.71640625 0.609375 0.41015625 0.5078125
3 0.38984375 0.24375 0.12890625 0.13203125
5 0.7875 0.71484375 0.01796875 0.025
16 0.7859375 0.68828125 0.009375 0.00859375
16 0.7015625 0.84140625 0.01171875 0.009375
16 0.6328125 0.81015625 0.0109375 0.0140625
17 0.634375 0.8234375 0.0078125 0.00546875
17 0.70234375 0.8578125 0.0078125 0.0078125
14 0.778125 0.7171875 0.03515625 0.06640625
10 0.6234375 0.8828125 0.0109375 0.0140625
14 0.709375 0.9125 0.0421875 0.15234375
5 0.6359375 0.8546875 0.02421875 0.05546875
5 0.71328125 0.8859375 0.028125 0.06328125
5 0.8296875 0.89921875 0.028125 0.0546875
4 0.8390625 0.8625 0.0109375 0.0125
14 0.8296875 0.91796875 0.03359375 0.12734375
14 0.63203125 0.8765625 0.0328125 0.14765625