4 0.84765625 0.28359375 0.08046875 0.06953125
14 0.265625 0.83828125 0.3 0.3234375
5 0.6328125 0.478125 0.0609375 0.13515625
12 0.6109375 0.4015625 0.01875 0.034375
12 0.86328125 0.36484375 0.028125 0.04609375
12 0.07265625 0.30546875 0.021875 0.02109375
12 0.09921875 0.2828125 0.02421875 0.0171875
12 0.315625 0.271875 0.02421875 0.02109375
12 0.190625 0.33515625 0.021875 0.021875
12 0.3015625 0.40546875 0.03046875 0.0296875
12 0.50234375 0.29765625 0.03359375 0.028125
16 0.48125 0.14375 0.01875 0.01015625
16 0.37734375 0.15546875 0.01484375 0.01015625
16 0.0734375 0.234375 0.0171875 0.01484375
16 0.06171875 0.23046875 0.01484375 0.01328125
16 0.09453125 0.2484375 0.0359375 0.028125
16 0.0171875 0.2359375 0.0234375 0.0171875
16 0.05703125 0.27421875 0.04140625 0.02734375
16 0.1828125 0.30078125 0.0546875 0.040625
16 0.17265625 0.2359375 0.02265625 0.0203125
16 0.20703125 0.228125 0.0296875 0.0234375
16 0.31640625 0.221875 0.04765625 0.034375
16 0.29609375 0.34453125 0.07734375 0.0578125
16 0.50546875 0.240625 0.06796875 0.04921875
15 0.515625 0.365625 0.07109375 0.12265625
15 0.48125 0.17265625 0.02265625 0.02890625
15 0.3796875 0.18828125 0.02578125 0.03125
15 0.34453125 0.328125 0.06171875 0.10390625
15 0.26328125 0.50078125 0.0828125 0.175
15 0.22265625 0.30234375 0.04609375 0.0796875
15 0.1703125 0.4015625 0.0515625 0.12890625
15 0.184375 0.275 0.03125 0.02109375
15 0.1 0.3375 0.0515625 0.07890625
15 0.0515625 0.359375 0.0515625 0.0859375
15 0.03203125 0.26015625 0.01953125 0.021875
14 0.0078125 0.3015625 0.015625 0.1625
14 0.01484375 0.24609375 0.01953125 0.0515625
14 0.0296875 0.2703125 0.0265625 0.03671875
14 0.0640625 0.45859375 0.0890625 0.40078125
14 0.06015625 0.23125 0.01015625 0.0234375
14 0.07109375 0.2328125 0.01640625 0.02421875
14 0.10859375 0.42890625 0.06953125 0.3921875
14 0.1640625 0.4796875 0.0875 0.39609375
14 0.17734375 0.2515625 0.05234375 0.04921875
14 0.23125 0.275 0.0796875 0.125
14 0.28984375 0.49375 0.15546875 0.365625
14 0.34921875 0.31640625 0.11796875 0.22890625
14 0.3796875 0.21015625 0.03046875 0.12265625
14 0.48671875 0.18046875 0.02734375 0.0890625
14 0.5203125 0.3484375 0.1234375 0.2640625
14 0.64140625 0.50703125 0.0796875 0.33828125
14 0.8328125 0.45625 0.1671875 0.4390625
4 0.621875 0.3546875 0.03828125 0.04921875
5 0.83046875 0.50625 0.11875 0.253125