17 0.0546875 0.05390625 0.04296875 0.04453125
17 0.11171875 0.01484375 0.0375 0.0265625
12 0.2859375 0.07734375 0.059375 0.05546875
12 0.50234375 0.1453125 0.06484375 0.03515625
12 0.8578125 0.08984375 0.04453125 0.04296875
12 0.859375 0.20625 0.0546875 0.04765625
12 0.9390625 0.35390625 0.07421875 0.05546875
12 0.9734375 0.659375 0.053125 0.05625
12 0.58203125 0.83671875 0.08125 0.0703125
12 0.36796875 0.9453125 0.07265625 0.06953125
12 0.153125 0.73515625 0.04453125 0.04453125
12 0.096875 0.80703125 0.07421875 0.06328125
12 0.025 0.89921875 0.0484375 0.0984375
17 0.071875 0.49296875 0.0609375 0.0453125
12 0.04296875 0.3609375 0.0640625 0.05546875
12 0.24375 0.2703125 0.06015625 0.06015625
12 0.4859375 0.278125 0.06875 0.05390625
12 0.50625 0.43984375 0.05859375 0.0578125
12 0.25234375 0.51171875 0.0515625 0.065625
12 0.51796875 0.75703125 0.05390625 0.05703125
12 0.66015625 0.50390625 0.04765625 0.05
12 0.67734375 0.2765625 0.059375 0.0609375
12 0.77734375 0.27578125 0.06953125 0.07109375
16 0.934375 0.26328125 0.0859375 0.08515625
16 0.86171875 0.0296875 0.0640625 0.04140625
16 0.85234375 0.13515625 0.0625 0.04609375
16 0.775 0.18671875 0.0734375 0.05390625
16 0.678125 0.19375 0.0734375 0.05
16 0.9671875 0.55078125 0.065625 0.09140625
16 0.65390625 0.41328125 0.078125 0.0828125
16 0.52578125 0.6609375 0.08515625 0.08046875
16 0.59375 0.7390625 0.1 0.07109375
16 0.5140625 0.07578125 0.0828125 0.0640625
16 0.290625 0.01328125 0.06796875 0.0265625
16 0.24453125 0.18203125 0.06953125 0.05859375
16 0.0171875 0.23671875 0.034375 0.05234375
16 0.0375 0.2859375 0.06640625 0.05234375
16 0.0828125 0.40625 0.1015625 0.07578125
16 0.090625 0.70390625 0.08046875 0.04921875
16 0.13671875 0.64453125 0.046875 0.04609375
16 0.0265625 0.778125 0.0515625 0.0796875
16 0.2796875 0.4140625 0.08984375 0.0625
16 0.50078125 0.3515625 0.071875 0.0578125
16 0.5 0.1921875 0.08515625 0.06875
15 0.05546875 0.1921875 0.11015625 0.25390625
15 0.13359375 0.13046875 0.11796875 0.21171875
15 0.29453125 0.22109375 0.14296875 0.24921875
15 0.55546875 0.21953125 0.04765625 0.13671875
15 0.36484375 0.0546875 0.0796875 0.109375
15 0.53125 0.0703125 0.1296875 0.13671875
15 0.67734375 0.08984375 0.1203125 0.1765625
15 0.98203125 0.08984375 0.0359375 0.1734375
15 0.8578125 0.296875 0.090625 0.134375
15 0.92578125 0.50078125 0.1484375 0.2578125
15 0.9375 0.8234375 0.125 0.353125
15 0.78125 0.48125 0.17265625 0.33125
15 0.6421875 0.35625 0.09140625 0.11328125
15 0.67421875 0.70078125 0.15859375 0.328125
15 0.60234375 0.93671875 0.190625 0.1265625
15 0.49296875 0.8484375 0.090625 0.15625
15 0.38359375 0.984375 0.15234375 0.03125
15 0.29609375 0.70625 0.1234375 0.32109375
15 0.084375 0.6234375 0.1625 0.2296875
15 0.17421875 0.7984375 0.08203125 0.0671875
15 0.12734375 0.9078125 0.14296875 0.184375
15 0.0484375 0.9703125 0.0953125 0.059375
16 0.37734375 0.84453125 0.07421875 0.0578125
14 0.36953125 0.096875 0.09375 0.190625
14 0.21796875 0.07265625 0.075 0.14140625
14 0.30234375 0.19296875 0.20859375 0.38203125
14 0.134375 0.15859375 0.13125 0.3171875
14 0.0734375 0.19140625 0.146875 0.3828125
14 0.01796875 0.28984375 0.0359375 0.1734375
14 0.03984375 0.396875 0.0796875 0.2734375
14 0.1171875 0.5859375 0.228125 0.43515625
14 0.18125 0.8109375 0.1625 0.378125
14 0.1515625 0.83828125 0.215625 0.32265625
14 0.05703125 0.8671875 0.1125 0.26484375
14 0.2421875 0.35546875 0.20390625 0.41640625
14 0.28125 0.68671875 0.2171875 0.6265625
14 0.375 0.90625 0.1921875 0.1875
14 0.60546875 0.85234375 0.27578125 0.29453125
14 0.4984375 0.78046875 0.15078125 0.31953125
14 0.48046875 0.540625 0.2 0.4390625
14 0.478125 0.38671875 0.22421875 0.471875
14 0.50703125 0.1953125 0.1890625 0.30703125
14 0.5171875 0.103125 0.2 0.20625
14 0.6796875 0.13125 0.19296875 0.2625
14 0.66796875 0.32421875 0.1640625 0.30390625
14 0.67734375 0.68515625 0.2296875 0.6296875
14 0.87578125 0.75 0.2484375 0.5
14 0.90078125 0.43203125 0.1984375 0.4203125
14 0.784375 0.5640625 0.1859375 0.81953125
14 0.85625 0.240625 0.11640625 0.26796875
14 0.8 0.071875 0.06796875 0.14375
14 0.85546875 0.1265625 0.14375 0.23984375
14 0.93515625 0.04609375 0.0328125 0.09140625
14 0.96640625 0.128125 0.0640625 0.25625