6 0.3546875 0.63515625 0.109375 0.1609375
6 0.56484375 0.334375 0.16875 0.2625
6 0.2296875 0.32421875 0.1828125 0.28125
6 0.5609375 0.72578125 0.0734375 0.121875
6 0.4703125 0.85 0.0453125 0.08125
6 0.49375 0.890625 0.0390625 0.0765625
6 0.44453125 0.81640625 0.05 0.090625
6 0.48203125 0.93515625 0.040625 0.0875
6 0.584375 0.82890625 0.0515625 0.0796875
6 0.41875 0.75 0.075 0.11875
6 0.5546875 0.6078125 0.1 0.165625
6 0.57578125 0.87109375 0.0375 0.065625
6 0.56640625 0.9171875 0.034375 0.078125
6 0.56484375 0.940625 0.03125 0.0734375