4 0.85078125 0.32109375 0.1375 0.16796875
4 0.4015625 0.43671875 0.1359375 0.17421875
5 0.87421875 0.771875 0.25078125 0.45546875
4 0.61171875 0.0796875 0.13046875 0.15234375
4 0.153125 0.0828125 0.11484375 0.15
5 0.61875 0.546875 0.246875 0.59921875
5 0.41796875 0.840625 0.26328125 0.31875
5 0.15546875 0.52734375 0.215625 0.48359375
17 0.15859375 0.24375 0.078125 0.07109375
17 0.40078125 0.62890625 0.0734375 0.0765625
17 0.61484375 0.24375 0.078125 0.0796875
17 0.840625 0.51484375 0.0765625 0.0921875
14 0.80390625 0.6203125 0.3921875 0.759375
14 0.62109375 0.5015625 0.3546875 0.996875
14 0.378125 0.6765625 0.30234375 0.64609375
14 0.1546875 0.5046875 0.271875 0.990625