14 0.17421875 0.5765625 0.29375 0.846875
14 0.3828125 0.5953125 0.15078125 0.58828125
14 0.465625 0.32578125 0.0328125 0.08984375
14 0.3765625 0.334375 0.0140625 0.05625
15 0.37578125 0.346875 0.01484375 0.03046875
15 0.46953125 0.34375 0.0140625 0.03203125
16 0.46484375 0.28828125 0.02421875 0.02578125
16 0.375 0.32265625 0.015625 0.01796875
16 0.1 0.1859375 0.13203125 0.090625
16 0.415625 0.3390625 0.0859375 0.0796875
16 0.48046875 0.4125 0.1015625 0.0890625
16 0.62421875 0.2953125 0.0296875 0.03203125
16 0.6296875 0.4 0.09140625 0.0796875
16 0.70078125 0.2703125 0.02734375 0.02578125
16 0.803125 0.18203125 0.14765625 0.146875
16 0.89921875 0.36171875 0.02890625 0.03515625
16 0.8734375 0.34375 0.03046875 0.05625
16 0.925 0.34921875 0.03359375 0.028125
12 0.92109375 0.38671875 0.015625 0.0203125
12 0.70390625 0.3171875 0.02421875 0.0359375
12 0.7546875 0.36015625 0.09375 0.15703125
12 0.6203125 0.33671875 0.0203125 0.02421875
12 0.6375 0.48828125 0.05625 0.0796875
12 0.403125 0.43203125 0.05703125 0.0859375
12 0.08828125 0.371875 0.1109375 0.13046875
12 0.45234375 0.528125 0.075 0.10859375
15 0.17109375 0.69375 0.2296875 0.60546875
15 0.36875 0.6484375 0.1 0.36015625
15 0.45234375 0.796875 0.19765625 0.39296875
15 0.6109375 0.71796875 0.14453125 0.4015625
15 0.8 0.696875 0.2875 0.60625
15 0.6890625 0.38671875 0.034375 0.06640625
15 0.95078125 0.41328125 0.025 0.03671875