12 0.7546875 0.11171875 0.0328125 0.0546875
12 0.56796875 0.08984375 0.0390625 0.046875
12 0.22890625 0.20078125 0.0234375 0.046875
12 0.375 0.1875 0.0359375 0.0484375
16 0.80546875 0.06015625 0.009375 0.0140625
16 0.7609375 0.06484375 0.0453125 0.0375
16 0.56015625 0.034375 0.0515625 0.05
16 0.37109375 0.1328125 0.0484375 0.0421875
16 0.1921875 0.128125 0.065625 0.0578125
15 0.81015625 0.090625 0.01875 0.040625
15 0.77578125 0.2375 0.10625 0.2
15 0.5890625 0.2640625 0.1109375 0.2828125
15 0.38359375 0.32109375 0.10625 0.2203125
15 0.18671875 0.36796875 0.1328125 0.3328125
14 0.1546875 0.596875 0.30625 0.7625
16 0.1296875 0.26796875 0.04375 0.059375
14 0.1921875 0.54453125 0.384375 0.9109375
10 0.38828125 0.42265625 0.0234375 0.0390625
10 0.40390625 0.4171875 0.025 0.046875
10 0.5984375 0.3234375 0.034375 0.05
10 0.60078125 0.3359375 0.0390625 0.075
10 0.76953125 0.3828125 0.03125 0.05
10 0.8046875 0.36796875 0.0359375 0.059375
14 0.81015625 0.1 0.0296875 0.1
14 0.790625 0.36328125 0.171875 0.653125
14 0.60390625 0.34296875 0.1890625 0.684375
14 0.38125 0.42265625 0.184375 0.6296875