12 0.2125 0.13515625 0.028125 0.05234375
12 0.396875 0.09765625 0.03515625 0.04375
12 0.74375 0.178125 0.01953125 0.04609375
12 0.59765625 0.178125 0.03203125 0.0453125
16 0.15703125 0.08828125 0.00859375 0.0140625
16 0.20234375 0.0890625 0.0421875 0.03359375
16 0.39921875 0.04140625 0.04765625 0.04609375
16 0.59609375 0.12265625 0.0453125 0.03828125
16 0.77421875 0.10234375 0.06171875 0.053125
15 0.15546875 0.11953125 0.015625 0.03984375
15 0.20234375 0.2625 0.090625 0.1921875
15 0.390625 0.27265625 0.08671875 0.27578125
15 0.6 0.31171875 0.08828125 0.21328125
15 0.80078125 0.34140625 0.10546875 0.32421875
14 0.85234375 0.56640625 0.24296875 0.74375
16 0.8484375 0.23671875 0.03828125 0.05546875
14 0.815625 0.53671875 0.31171875 0.92578125
10 0.6046875 0.41328125 0.01953125 0.0375
10 0.58828125 0.409375 0.02109375 0.0453125
10 0.38671875 0.3328125 0.0296875 0.046875
10 0.38515625 0.3453125 0.03359375 0.071875
10 0.22109375 0.40703125 0.0265625 0.0484375
10 0.18515625 0.3953125 0.03046875 0.05625
14 0.15625 0.12890625 0.021875 0.0984375
14 0.1984375 0.3890625 0.115625 0.6453125
14 0.3828125 0.35234375 0.13125 0.675
14 0.61171875 0.4125 0.13046875 0.62109375