12 0.01640625 0.3078125 0.0328125 0.046875
12 0.10390625 0.2765625 0.0453125 0.0515625
12 0.23515625 0.2953125 0.04375 0.04375
12 0.1703125 0.31875 0.025 0.025
12 0.36171875 0.17578125 0.0515625 0.065625
12 0.4796875 0.17734375 0.05625 0.0765625
12 0.6390625 0.15703125 0.0671875 0.0765625
12 0.85859375 0.03671875 0.0671875 0.0734375
12 0.565625 0.22734375 0.0234375 0.021875
12 0.53125 0.2171875 0.0203125 0.015625
16 0.52578125 0.1890625 0.0265625 0.0234375
16 0.5578125 0.1796875 0.0359375 0.0359375
15 0.57421875 0.2796875 0.0796875 0.1359375
14 0.528125 0.2 0.0375 0.05625
14 0.56953125 0.25625 0.09375 0.190625
14 0.71640625 0.49609375 0.35625 0.921875
14 0.51328125 0.521875 0.371875 0.921875
14 0.3875 0.4796875 0.321875 0.796875
14 0.171875 0.34140625 0.0453125 0.0984375
14 0.26796875 0.51328125 0.2453125 0.628125
14 0.85078125 0.45703125 0.2984375 0.9140625
15 0.86640625 0.26953125 0.2015625 0.3875
16 0.009375 0.2640625 0.01875 0.040625
16 0.08046875 0.2296875 0.0484375 0.0375
15 0.04765625 0.4328125 0.0953125 0.2
15 0.12421875 0.3984375 0.1359375 0.221875
15 0.2328125 0.37109375 0.0984375 0.1421875
15 0.37578125 0.33828125 0.1453125 0.2625
15 0.4875 0.3359375 0.165625 0.259375
15 0.671875 0.3359375 0.171875 0.296875
14 0.08046875 0.5125 0.1609375 0.55
14 0.140625 0.50859375 0.2609375 0.6171875