12 0.59296875 0.5453125 0.1625 0.1
12 0.84453125 0.5203125 0.084375 0.071875
12 0.76328125 0.45390625 0.090625 0.078125
12 0.2875 0.45703125 0.1484375 0.065625
12 0.1234375 0.4328125 0.171875 0.075
16 0.29453125 0.56953125 0.1375 0.040625
16 0.321875 0.36640625 0.2453125 0.0984375
16 0.1359375 0.325 0.2046875 0.0953125
16 0.66171875 0.43671875 0.2484375 0.1015625
16 0.7421875 0.3671875 0.1234375 0.071875
16 0.90625 0.39296875 0.1875 0.0921875
14 0.896875 0.50625 0.20625 0.315625
14 0.771875 0.4078125 0.15 0.1484375
14 0.69296875 0.5703125 0.6140625 0.396875
14 0.31640625 0.39296875 0.2515625 0.1671875
14 0.2921875 0.49921875 0.584375 0.4578125