14 0.6515625 0.66328125 0.01640625 0.028125
5 0.6546875 0.665625 0.0078125 0.01953125
11 0.63515625 0.68125 0.15859375 0.28359375
25 0.81640625 0.2859375 0.1109375 0.14296875
28 0.72109375 0.31796875 0.08984375 0.0625
28 0.6421875 0.30703125 0.08203125 0.05703125
28 0.37578125 0.3125 0.0609375 0.05234375
28 0.41640625 0.3171875 0.0796875 0.0609375
1 0.15078125 0.2671875 0.2484375 0.10546875
11 0.39453125 0.4 0.05859375 0.090625
8 0.4984375 0.396875 0.4171875 0.4265625
5 0.09609375 0.321875 0.0140625 0.0359375
14 0.0953125 0.32578125 0.01640625 0.0671875
14 0.103125 0.36171875 0.0140625 0.0203125
5 0.103125 0.365625 0.01328125 0.0125
4 0.096875 0.29765625 0.00703125 0.009375
4 0.10546875 0.35546875 0.00625 0.00625
4 0.15078125 0.35 0.00625 0.00859375
4 0.17890625 0.32109375 0.00703125 0.009375
15 0.20078125 0.3609375 0.0125 0.03515625
16 0.2 0.3296875 0.0078125 0.00859375
14 0.19765625 0.359375 0.01953125 0.06875
5 0.17578125 0.34453125 0.01640625 0.03046875
5 0.15859375 0.3625 0.01171875 0.01875
14 0.1578125 0.359375 0.01953125 0.0265625
14 0.17421875 0.34609375 0.01953125 0.0625
5 0.190625 0.378125 0.00859375 0.01484375
14 0.18984375 0.37109375 0.01015625 0.0296875