19 0.7109375 0.56640625 0.025 0.03125
18 0.91796875 0.53046875 0.08046875 0.084375
18 0.99296875 0.5265625 0.0140625 0.06171875
2 0.9734375 0.52578125 0.03203125 0.15234375
10 0.97734375 0.4328125 0.01953125 0.046875
10 0.95859375 0.43125 0.0140625 0.03984375
5 0.96875 0.325 0.0625 0.14375
17 0.95625 0.271875 0.01328125 0.03046875
4 0.946875 0.234375 0.034375 0.05859375
14 0.96484375 0.3296875 0.06953125 0.2515625
24 0.584375 0.578125 0.021875 0.02734375
26 0.60390625 0.56875 0.02890625 0.03984375
26 0.5140625 0.59140625 0.15 0.13203125
18 0.325 0.559375 0.01015625 0.0359375
18 0.3546875 0.57578125 0.0671875 0.07421875
24 0.39296875 0.58984375 0.01015625 0.0359375
21 0.41796875 0.58515625 0.0390625 0.04765625