12 0.56171875 0.22734375 0.028125 0.0375
12 0.58671875 0.23125 0.0125 0.0125
12 0.67265625 0.309375 0.0296875 0.0546875
12 0.8359375 0.20390625 0.0265625 0.034375
4 0.83359375 0.1640625 0.0390625 0.0515625
4 0.7546875 0.16640625 0.0390625 0.0515625
4 0.6671875 0.2640625 0.05 0.071875
4 0.49453125 0.2640625 0.0484375 0.075
4 0.55546875 0.175 0.0375 0.0515625
4 0.58203125 0.19921875 0.0265625 0.0453125
5 0.56328125 0.271875 0.084375 0.0859375
5 0.4453125 0.3890625 0.0984375 0.2046875
5 0.7375 0.365625 0.1109375 0.1953125
5 0.771875 0.3078125 0.1 0.171875
5 0.8515625 0.28359375 0.0953125 0.165625
14 0.85859375 0.35625 0.134375 0.4453125
14 0.77578125 0.3734375 0.128125 0.475
14 0.734375 0.45625 0.184375 0.4765625
14 0.60078125 0.24609375 0.059375 0.1375
14 0.56953125 0.2328125 0.115625 0.1796875
14 0.46953125 0.43671875 0.15625 0.4203125