7 0.065625 0.85859375 0.0765625 0.0796875
19 0.403125 0.5125 0.0984375 0.084375
27 0.54453125 0.51015625 0.209375 0.140625
4 0.6359375 0.309375 0.0328125 0.0453125
4 0.4734375 0.28515625 0.059375 0.071875
10 0.44140625 0.19453125 0.0296875 0.046875
10 0.5171875 0.19453125 0.05 0.0375
10 0.64765625 0.23359375 0.0171875 0.034375
10 0.7109375 0.409375 0.0203125 0.03125
5 0.66484375 0.4359375 0.075 0.153125
5 0.49765625 0.49296875 0.121875 0.26875
17 0.6453125 0.34609375 0.025 0.0265625
14 0.5125 0.565625 0.1953125 0.8078125
14 0.68125 0.50234375 0.1390625 0.58125