4 0.50625 0.2703125 0.059375 0.084375
4 0.346875 0.21953125 0.0640625 0.06875
4 0.37109375 0.33359375 0.0234375 0.0390625
19 0.0515625 0.31875 0.046875 0.0796875
28 0.03515625 0.33359375 0.0359375 0.0921875
4 0.63828125 0.4875 0.0296875 0.040625
4 0.78671875 0.35234375 0.01875 0.0265625
10 0.7578125 0.47421875 0.0171875 0.0296875
10 0.62265625 0.6015625 0.0140625 0.021875
4 0.50234375 0.47734375 0.021875 0.0328125
15 0.4828125 0.50234375 0.0265625 0.05
15 0.62734375 0.5375 0.0515625 0.078125
15 0.7828125 0.4265625 0.0453125 0.090625
15 0.45078125 0.396875 0.096875 0.1734375
15 0.3484375 0.378125 0.0203125 0.040625
14 0.49140625 0.4921875 0.04375 0.0703125
14 0.62421875 0.5390625 0.090625 0.153125
14 0.76484375 0.47265625 0.0921875 0.2609375
17 0.77734375 0.38125 0.0125 0.01875
17 0.6296875 0.52109375 0.0125 0.0171875
17 0.4875 0.31875 0.025 0.0296875
17 0.33203125 0.28359375 0.0359375 0.0390625
14 0.43671875 0.4953125 0.209375 0.5578125
14 0.3578125 0.36796875 0.0484375 0.1109375
14 0.275 0.47421875 0.240625 0.6046875
10 0.31796875 0.49609375 0.0296875 0.065625
10 0.2296875 0.4921875 0.034375 0.065625
5 0.28828125 0.3875 0.153125 0.2515625