21 0.43254629629629626 0.12800968262506723 0.06864814814814815 0.09743948359332974
20 0.5796388888888889 0.12344271113501883 0.06566666666666666 0.0949435180204411
19 0.6485092592592593 0.12252824098977945 0.06509259259259259 0.09178590640129101
18 0.7231574074074074 0.12310919849381388 0.06007407407407407 0.09892953200645509
20 0.8071666666666667 0.10684776761699838 0.08865740740740741 0.11886498117267348
13 0.3268611111111111 0.4300161377084454 0.0507962962962963 0.07983862291554598
12 0.2706574074074074 0.4312264658418504 0.05616666666666666 0.0808768154922001
30 0.21697222222222223 0.4323076923076923 0.059444444444444446 0.08649273803119957
15 0.5149166666666667 0.42863367401828945 0.04381481481481481 0.08606239913932222
14 0.5606388888888889 0.4238838084991931 0.04485185185185185 0.08692307692307692
4 0.6210092592592593 0.4256966110812265 0.05971296296296296 0.08847767616998385
3 0.6803518518518519 0.4221086605701991 0.04633333333333333 0.08960193652501344
5 0.736638888888889 0.42288864981172675 0.05897222222222222 0.09668639053254438
23 0.5485092592592592 0.5721516944593869 0.05748148148148148 0.0876438945669715
24 0.60525 0.5654975793437332 0.04722222222222222 0.0750242065626681
0 0.6626481481481481 0.5715492200107585 0.05733333333333333 0.08366863905325443
1 0.7224351851851852 0.5690424959655729 0.06032407407407408 0.08694997310381924
7 0.4961759259259259 0.7076169983862292 0.04678703703703704 0.0772673480365788
8 0.6086759259259259 0.7169499731038192 0.0635925925925926 0.08280258203335127
6 0.6741759259259259 0.7154814416352877 0.06016666666666667 0.0805540613232921
11 0.811212962962963 0.7180311995696611 0.05821296296296296 0.08842388380849919
10 0.8728518518518518 0.7167348036578807 0.0589537037037037 0.08583109198493814
14 0.32875 0.8367401828940291 0.03777777777777778 0.0709413663259817
14 0.37598148148148147 0.8368908015061861 0.042055555555555554 0.07666487358795052
15 0.4223703703703704 0.8369284561592253 0.04360185185185186 0.07734265734265734
3 0.4732314814814815 0.8395266272189349 0.05305555555555555 0.07591178052716514
3 0.5831851851851853 0.8452447552447552 0.056296296296296296 0.06748251748251749
13 0.5276018518518518 0.8438515330823023 0.050861111111111114 0.06349112426035503