5 0.03964172556665854 0.16541145833333332 0.018820375335120643 0.109828125
5 0.05695344869607604 0.16644270833333333 0.015079210333902021 0.10964062499999999
4 0.07415549597855228 0.16724479166666667 0.01815744577138679 0.11274479166666666
3 0.09078479161589081 0.16639583333333335 0.014106751157689496 0.11255208333333333
29 0.17356324640506945 0.17584895833333333 0.01529368754569827 0.10211979166666667
30 0.19089934194491834 0.17702083333333332 0.015469168900804289 0.10447395833333334
13 0.4271996100414331 0.18751041666666665 0.01572751645137704 0.10513541666666668
12 0.4414769680721424 0.18760416666666666 0.01119668535218133 0.11059375
14 0.4550621496466 0.18978645833333332 0.013017304411406288 0.10553125000000001
14 0.4706409943943456 0.191703125 0.014309042164270046 0.10414583333333334
15 0.4860297343407263 0.19336979166666665 0.015223007555447234 0.10813541666666666
0 0.5542139897635876 0.20908333333333334 0.017501827930782355 0.09463020833333333
1 0.5732780892030221 0.21063020833333335 0.016621983914209115 0.09316145833333334
1 0.5911650012186206 0.21503125 0.016741408725322933 0.09088541666666666
1 0.6096197903972703 0.21490625 0.01678040458201316 0.095203125
20 0.6300950524006825 0.20575000000000002 0.020855471606141845 0.11596354166666667
20 0.6521130879844016 0.2099427083333333 0.019787960029246893 0.11002083333333333
20 0.6718449914696564 0.22427083333333334 0.016587862539605168 0.08788020833333333
21 0.6908554716061418 0.22634895833333332 0.01742871069948818 0.09268229166666667
19 0.7096295393614429 0.22986458333333332 0.01620277845478918 0.08646875000000001
19 0.7265074335851816 0.232515625 0.014928101389227394 0.08444270833333332
27 0.8671167438459664 0.24893749999999998 0.013317085059712406 0.09495833333333333