20 0.28858333333333336 0.08418592154755507 0.07099074074074074 0.11642665233745297
18 0.48657407407407405 0.09725953788285868 0.06574074074074074 0.09027404621171413
21 0.5523148148148148 0.09725953788285868 0.062037037037037036 0.0891993551853842
21 0.6171296296296296 0.0986029016657711 0.06388888888888888 0.08973670069854917
8 0.787962962962963 0.2721655024180548 0.05740740740740741 0.08543793659322944
7 0.7245370370370371 0.27512090274046214 0.058333333333333334 0.07952713594841483
6 0.6074074074074074 0.2729715206878023 0.05 0.09349811929070392
15 0.49675925925925923 0.2727028479312198 0.04537037037037037 0.08758731864588931
15 0.4476851851851852 0.2727028479312198 0.05277777777777778 0.08543793659322944
14 0.3958333333333333 0.2729715206878023 0.049074074074074076 0.08597528210639441
30 0.34444444444444444 0.2740462117141322 0.053703703703703705 0.08704997313272435
12 0.2916666666666667 0.2737775389575497 0.05555555555555555 0.08758731864588931
10 0.38842592592592595 0.5838259000537346 0.05462962962962963 0.07146695325094035
10 0.44808333333333333 0.5830198817839871 0.05489814814814815 0.0744599677592692
11 0.504962962962963 0.5828264373992478 0.05225 0.07484685652874798
11 0.5595277777777777 0.5812950026867275 0.05290740740740741 0.07331004836109618
1 0.6147499999999999 0.5816765180010747 0.05225 0.07100483610961848
1 0.6676574074074074 0.5812950026867275 0.05225 0.06947340139709833
0 0.7235462962962963 0.5824449220849006 0.054231481481481485 0.06947340139709833
0 0.7814166666666666 0.581869962385814 0.05753703703703704 0.06908651262761956
9 0.34425 0.7296399785061795 0.05092592592592592 0.06064481461579796