18 0.012166105499438832 0.18233458848843462 0.0218658810325477 0.20966648735879503
20 0.03467171717171717 0.18551909628832705 0.021230359147025816 0.20329747175901022
20 0.05497755331088664 0.20462076385153308 0.01781144781144781 0.16509413663259817
20 0.0942199775533109 0.2030715438407746 0.018010662177328843 0.17109736417428725
20 0.11485830527497194 0.2023453469607316 0.020378787878787878 0.17691769768692844
18 0.07465207631874299 0.20673480365788058 0.017240460157126825 0.17278644432490586
6 0.4502665544332211 0.20752555137170522 0.01781986531986532 0.14547068316299086
7 0.4775084175084175 0.2360462614308768 0.016659652076318743 0.14831629908552987
8 0.5156116722783389 0.2434319526627219 0.018498877665544335 0.16510489510489512
30 0.675340909090909 0.26206024744486284 0.013581649831649832 0.16408284023668637
13 0.7329545454545454 0.21221086605701991 0.015305836139169473 0.17343733189887037
13 0.7479924242424242 0.214308768154922 0.013031705948372616 0.17005917159763312
12 0.7620749158249158 0.21513179128563745 0.014455667789001123 0.1675954814416353
15 0.7983164983164983 0.17965034965034968 0.01287598204264871 0.17045723507261967
15 0.8123260381593715 0.1801129639591178 0.012551907968574635 0.1744540075309306
4 0.8534469696969696 0.18075309306078535 0.01655443322109989 0.17017751479289941
3 0.8705611672278338 0.18043033889187737 0.015963804713804715 0.17277030661646048
3 0.9118827160493826 0.1524367939752555 0.015962401795735128 0.17672942442173212
0 0.9288762626262625 0.1610220548682087 0.016784511784511784 0.16473910704679937
0 0.9464099326599327 0.16345346960731577 0.015175364758698092 0.1631199569661108