3 0.9553540305010894 0.33080731969860067 0.060364923747276686 0.1440904198062433
3 0.8961274509803921 0.5610387513455328 0.04005446623093682 0.13484391819160388
4 0.8406535947712419 0.5592088266953713 0.05558823529411765 0.14131862217438104
5 0.9439869281045752 0.5596286329386437 0.05374183006535948 0.13765877287405814
30 0.23057734204793026 0.5547039827771798 0.05120370370370371 0.15032292787944027
12 0.08791394335511983 0.7676103336921422 0.052189542483660124 0.11903121636167922
12 0.14037581699346408 0.7490904198062432 0.047113289760348585 0.14606027987082884
13 0.19217864923747274 0.7506620021528525 0.047679738562091505 0.14577502691065664
13 0.24261982570806098 0.7622497308934338 0.047832244008714594 0.11974703982777181
13 0.29247821350762526 0.7623196986006459 0.04218409586056645 0.12103336921420882
14 0.3402342047930283 0.7613885898815932 0.0415958605664488 0.11573735199138858
14 0.3895915032679738 0.7591011840688914 0.040735294117647064 0.12031754574811626
14 0.43112200435729847 0.7583853606027987 0.03581154684095861 0.11316469321851452
15 0.47707516339869277 0.7606727664155005 0.04204248366013072 0.11431108719052745
15 0.5223039215686275 0.7539504843918191 0.03755446623093682 0.12489235737351992
15 0.5657952069716775 0.7586006458557589 0.041171023965141613 0.11702368137782562
1 0.6096459694989107 0.7465823466092573 0.045506535947712416 0.11816469321851454
0 0.664417211328976 0.7422927879440259 0.05316448801742919 0.13818622174381054
0 0.717755991285403 0.7432938643702907 0.052167755991285404 0.13904736275565124
10 0.7650108932461873 0.7467222820236814 0.03552287581699346 0.10929494079655543
11 0.8075544662309369 0.7407158234660925 0.03840958605664488 0.10413885898815932
9 0.8584259259259259 0.7503713670613563 0.04868191721132897 0.10629171151776104