5 0.32861867704280157 0.23822395833333332 0.06457198443579766 0.09093229166666666
20 0.08883268482490271 0.7239739583333333 0.0764396887159533 0.10066145833333334
20 0.06869649805447471 0.9169947916666668 0.07954280155642023 0.10508333333333333
18 0.17250972762645914 0.7248020833333333 0.0764396887159533 0.10121354166666667
18 0.16527237354085603 0.9200364583333334 0.07024319066147859 0.10342708333333334
21 0.24946498054474708 0.725078125 0.06714007782101167 0.09844791666666668
21 0.2432684824902724 0.9211406249999999 0.07333657587548638 0.10342708333333334
8 0.333647859922179 0.725078125 0.07437743190661478 0.10286979166666667
7 0.5660700389105058 0.72425 0.07024319066147859 0.10563541666666666
6 0.4106128404669261 0.7236979166666667 0.06921206225680934 0.10231770833333333
11 0.7210214007782102 0.725078125 0.07437743190661478 0.10508333333333333
11 0.8031420233463035 0.9145052083333333 0.06921206225680934 0.11559375
10 0.9607101167315175 0.9150572916666667 0.07858949416342413 0.11559375
10 0.8744163424124514 0.7200989583333333 0.07127431906614785 0.11171875