20 0.09104629629629629 0.05592906299629434 0.08 0.11185283218634197
20 0.17556481481481484 0.056336686077289574 0.07335185185185185 0.10449444150344096
20 0.18928703703703703 0.19530968766543144 0.08249999999999999 0.09786130227633669
20 0.10511111111111111 0.1895553202752779 0.07702777777777778 0.10937003705664372
20 0.12524074074074074 0.3341450502911594 0.055064814814814816 0.082572789835892
18 0.18642592592592594 0.33316040232927474 0.05848148148148148 0.08060878771836952
20 0.492425925925926 0.6014081524616198 0.059333333333333335 0.07527792482795129
21 0.12941666666666668 0.4717310746426681 0.06360185185185185 0.07874536791953414
21 0.42896296296296293 0.6034674430915828 0.05734259259259259 0.07511381683430386
8 0.2487962962962963 0.33669666490206457 0.062064814814814816 0.08013763896241398
6 0.31492592592592594 0.3329380624669137 0.06035185185185186 0.08038115404976177
30 0.5072037037037037 0.3314875595553202 0.04972222222222222 0.08328745367919535
15 0.5480092592592593 0.33015352038115403 0.029583333333333333 0.08353096876654315
14 0.5861666666666666 0.3287559555320275 0.0380462962962963 0.08268395976707252
5 0.6404537037037038 0.32674430915828484 0.05807407407407407 0.08992588671254632
3 0.6987037037037037 0.32660667019587086 0.05340740740740741 0.08743779777660136
13 0.7517037037037038 0.3273425092641609 0.04342592592592592 0.08227633668607728
27 0.814287037037037 0.3263790365272631 0.06032407407407408 0.08329274748544203
23 0.8787222222222222 0.3263790365272631 0.05387037037037037 0.08329274748544203
24 0.934712962962963 0.3264690312334569 0.049851851851851856 0.07758073054526204
19 0.19398148148148148 0.47245103229221813 0.05842592592592593 0.07886183165696135
8 0.579324074074074 0.4645262043409211 0.04489814814814815 0.07709899417681312
15 0.6401388888888889 0.46213340391741664 0.04882407407407407 0.08091053467443092
14 0.6828240740740741 0.46071466384330334 0.031564814814814816 0.08276866066701959
4 0.735175925925926 0.45768131286394914 0.055509259259259265 0.0868766543144521
12 0.8295185185185185 0.45968766543144524 0.04438888888888889 0.07993118051879301
26 0.8810092592592592 0.4584647961884595 0.047462962962962964 0.08139756484912651
23 0.9341203703703704 0.45728957120169406 0.05240740740740741 0.07983059820010588
23 0.8254351851851852 0.5975754367390154 0.05387037037037037 0.07610375860243515
10 0.3902222222222222 0.7311064055055585 0.05305555555555555 0.07634727368978296
11 0.4502407407407407 0.7308999470619376 0.053064814814814815 0.07254632080465855
1 0.5061296296296296 0.7231604023292747 0.04924074074074074 0.06617787188988883
0 0.5631759259259259 0.7239174166225516 0.05837037037037037 0.06845950238221281