20 0.03957516339869281 0.07164484023048717 0.05535403050108932 0.14328968046097434
20 0.09816993464052289 0.07215295966474594 0.04666122004357299 0.14430591932949188
18 0.15147603485838781 0.07753797799895233 0.05179738562091503 0.1361812467260346
18 0.21147603485838778 0.08074908328968046 0.05068082788671024 0.13102147721320062
20 0.053349673202614384 0.5330277632268203 0.04764705882352942 0.10343635411210059
18 0.10142156862745098 0.5335254059717129 0.038649237472766884 0.10126767941330539
21 0.1443355119825708 0.5338763750654792 0.040882352941176474 0.09355159769512834
21 0.18947712418300652 0.5372655840754322 0.0419880174291939 0.09115767417496072
19 0.2346078431372549 0.5380775275013097 0.0394281045751634 0.10192247249869041
19 0.2803104575163399 0.54110529072813 0.04393790849673203 0.09742797276060765
8 0.3265795206971678 0.54124148768989 0.04146514161220043 0.0955945521215296
6 0.3696078431372549 0.5400314300680985 0.0383442265795207 0.09879518072289156
7 0.41447712418300653 0.5457307490832897 0.044030501089324624 0.10222105814562597
30 0.4963344226579521 0.5441854374017809 0.03929738562091504 0.10921424829753798
14 0.5334368191721133 0.5446726034573075 0.03013616557734205 0.10667888947092719
15 0.5664760348583878 0.5474227344159246 0.03203703703703704 0.10585646935568362
14 0.6222657952069717 0.5503143006809847 0.03130718954248366 0.10632268203247773
15 0.6573148148148148 0.547386066003143 0.03269607843137255 0.1113986380303824
15 0.6929248366013072 0.5492980618124672 0.031568627450980394 0.10678889470927187
3 0.7320479302832243 0.5505290728129911 0.042565359477124184 0.10745416448402305
4 0.7762527233115468 0.5534520691461497 0.039286492374727665 0.10862755369303301
5 0.8197385620915032 0.5532372970141436 0.03860021786492375 0.10906233630172865
27 0.7045424836601307 0.7310948140387638 0.03944444444444445 0.09985332634887376
13 0.6637745098039216 0.7333787323205867 0.03392156862745098 0.10309586170770037
13 0.6280174291938998 0.7311943425877422 0.03476579520697168 0.10434258774227344
13 0.5647113289760348 0.7239759036144578 0.03752723311546841 0.09834992142482975
13 0.5289433551198257 0.7237401781037192 0.03030501089324619 0.10349921424829754
13 0.4943681917211329 0.7253954950235726 0.035702614379084965 0.09837611314824517
12 0.4550599128540305 0.7241854374017811 0.03529956427015251 0.10017810371922473
12 0.4196459694989107 0.7238920900995286 0.034640522875816995 0.10310633839706654
7 0.378202614379085 0.7242063907805133 0.03873093681917211 0.10091671031953903
20 0.053572984749455335 0.8822367731796753 0.030669934640522877 0.07222629649030907
20 0.08653594771241829 0.8814667365112625 0.030757080610021786 0.06593504452592981
18 0.11932461873638345 0.8803195390256678 0.03131263616557734 0.0778889470927187
18 0.15608932461873637 0.8825825039287585 0.029945533769063178 0.07845992666317443
21 0.18875816993464054 0.8840335254059717 0.02862745098039216 0.07819800942902043
21 0.2194880174291939 0.8840387637506548 0.027538126361655774 0.07028287061288632
6 0.32478758169934635 0.8741644840230487 0.040615468409586054 0.08299633315872185
7 0.3677505446623094 0.8755735987427973 0.040125272331154684 0.08027239392352017
14 0.40610566448801744 0.8702095337873232 0.026209150326797385 0.09627029858564694
14 0.43840413943355117 0.8700104766893662 0.03165032679738562 0.09842849659507596
14 0.4715522875816993 0.8706024096385542 0.0304520697167756 0.09724463069669984
0 0.5570751633986928 0.8751754845468832 0.040462962962962964 0.08897328444211629
0 0.6687799564270153 0.8831534834992143 0.04056100217864924 0.09938711367207961
1 0.7127396514161219 0.8827134625458355 0.04133442265795207 0.1029020429544264