20 0.045591073582629676 0.22636979166666665 0.015928829915560917 0.07078125
20 0.060723763570566955 0.23088541666666668 0.013097104945717732 0.08056770833333333
20 0.07596501809408926 0.23468750000000002 0.013094089264173703 0.05131770833333334
20 0.09169481302774427 0.23299479166666667 0.013199638118214717 0.054703125
18 0.10761761158021713 0.23111458333333335 0.01499698431845597 0.054703125
21 0.12329613992762364 0.23506770833333332 0.014122436670687575 0.06185416666666667
19 0.13938178528347406 0.229515625 0.015373944511459589 0.05978125
19 0.15620024125452353 0.22763541666666667 0.015479493365500602 0.05978125
24 0.24208082026537997 0.218328125 0.016082629674306393 0.06898958333333334
24 0.25930639324487337 0.21672916666666667 0.01482810615199035 0.07030729166666667
24 0.25681845597104946 0.06875 0.016088661037394453 0.075703125
11 0.6514746682750302 0.12131249999999999 0.021761158021712905 0.09939062500000001
1 0.7307086851628468 0.12411458333333333 0.020389022919179735 0.0870625
0 0.7534740651387214 0.12456249999999999 0.01973763570566948 0.08616666666666667
8 0.35826296743063935 0.28753124999999996 0.01753015681544029 0.068390625
6 0.37849819059107354 0.28906770833333334 0.0201357056694813 0.07145833333333333
30 0.4926266586248492 0.2945364583333333 0.017412545235223162 0.09221354166666668
13 0.5675060313630881 0.29315625 0.0180729794933655 0.0878125
3 0.6538238841978287 0.29326041666666663 0.018893244873341375 0.09374479166666667
3 0.6762756332931243 0.29060416666666666 0.02167370325693607 0.09905729166666667
4 0.6983142340168879 0.29315625 0.01936369119420989 0.0878125
5 0.7413570566948131 0.29121874999999997 0.022141133896260556 0.09374479166666667
5 0.763335343787696 0.2909114583333333 0.019243063932448734 0.09640104166666667
15 0.7964173703256936 0.29116666666666663 0.017246682750301567 0.09691145833333333
15 0.8135735826296743 0.29136979166666666 0.01605850422195416 0.09241145833333334
15 0.8307901085645356 0.29203645833333336 0.01641133896260555 0.092109375
15 0.8517913148371532 0.2917760416666667 0.015814234016887817 0.09159375
14 0.8756634499396864 0.2996979166666666 0.012442702050663449 0.07882291666666667