5 0.12539814814814815 0.4375721027792344 0.05630555555555556 0.08248033560566334
4 0.1840277777777778 0.4379706345044573 0.05630555555555556 0.08116413214472994
3 0.06375 0.4379706345044573 0.054907407407407405 0.08432616675406397
30 0.3882962962962963 0.44271106449921344 0.0442037037037037 0.08011012060828528
30 0.43646296296296294 0.44192448872574724 0.04466666666666667 0.08116413214472994
14 0.4827592592592593 0.4415259570005244 0.038620370370370374 0.07721027792343996
14 0.5239351851851852 0.4415259570005244 0.037222222222222226 0.07773990561090718
14 0.5674444444444445 0.44192448872574724 0.04234259259259259 0.076418458311484
15 0.6114166666666667 0.44271106449921344 0.03908333333333333 0.07852648138437336
15 0.65725 0.44034084950183533 0.03769444444444445 0.07694808599895124
13 0.7035462962962963 0.4420555846879916 0.048388888888888884 0.07826428945988463
13 0.7526388888888889 0.44020975353959096 0.041416666666666664 0.07984792868379655
13 0.8000925925925926 0.4398164656528579 0.04327777777777778 0.07536444677503933
12 0.8491851851851852 0.4415259570005244 0.04652777777777778 0.07826428945988463
12 0.8961851851851852 0.43941793392763506 0.04187962962962963 0.0793183009963293
20 0.2040648148148148 0.5515521761929733 0.06383333333333333 0.09037231253277399
20 0.27828703703703705 0.5523754588358679 0.06431481481481481 0.09310959622443629
20 0.07325925925925926 0.6621919244887258 0.05561111111111111 0.07503932878867331
18 0.13443518518518519 0.6598636601992658 0.05415740740740741 0.06928683796539066
21 0.19899074074074075 0.6634242265338228 0.05561111111111111 0.07476140534871525
19 0.25725925925925924 0.6593183009963293 0.05028703703703704 0.06709491347666492
6 0.31407407407407406 0.6597273203985317 0.05174074074074074 0.07229680125852124
7 0.36992592592592594 0.6578080755112743 0.049324074074074076 0.07065547981122182
7 0.4238425925925926 0.6582223387519665 0.05174074074074074 0.0725747246984793
7 0.4804166666666667 0.658767697954903 0.053675925925925926 0.07421604614577872
26 0.6557129629629629 0.6564394336654431 0.06576851851851852 0.07887257472469848
27 0.7231666666666666 0.6543890928159413 0.06237962962962963 0.07640797063450445
24 0.7940092592592592 0.6542475091767174 0.06286111111111112 0.07448872574724699
22 0.8438240740740741 0.7611903513371787 0.049324074074074076 0.07038280020975354
23 0.7894166666666668 0.76023072889355 0.05463888888888889 0.07284740429994756
26 0.7357407407407408 0.7607813319349763 0.04303703703703703 0.0690141583639224
27 0.6869074074074074 0.7598217094913476 0.04593518518518518 0.07147876245411641
8 0.5273240740740741 0.764069218668065 0.046907407407407405 0.07120083901415837
7 0.5793055555555555 0.7631095962244363 0.049324074074074076 0.06928683796539066
6 0.4748611111111111 0.7644782380702674 0.048351851851851854 0.0725747246984793
21 0.4214259259259259 0.7676297850026219 0.049805555555555554 0.07175144205558469
18 0.35735185185185186 0.7695437860513896 0.05222222222222222 0.06682223387519665
20 0.3010185185185185 0.7698164656528579 0.05077777777777778 0.07175144205558469
20 0.08021296296296296 0.9081489250131095 0.03896296296296296 0.05685894074462507
20 0.12250925925925926 0.907257472469848 0.03791666666666667 0.055070791819611956
20 0.16762037037037036 0.9069585736759308 0.04037037037037037 0.05566858940744625
20 0.21132407407407405 0.9063607760880965 0.03791666666666667 0.05527005768222339
21 0.33647222222222223 0.9033822758259046 0.041777777777777775 0.05606187729417934
21 0.29364814814814816 0.9044729942317776 0.041074074074074075 0.05546932354483482
21 0.2488888888888889 0.9036759307813319 0.03439814814814815 0.05745673833245936
7 0.3866759259259259 0.8923439958049292 0.03966666666666667 0.07256423702149974
1 0.8410925925925926 0.8859832197168327 0.04914814814814815 0.06938122705820661