20 0.025944444444444444 0.17526864474739376 0.050944444444444445 0.1406335204490778
20 0.0907037037037037 0.17962309542902968 0.06643518518518518 0.13687249398556536
0 0.8084074074074075 0.5695188452285486 0.035833333333333335 0.09938251804330393
0 0.7655833333333334 0.5680834001603849 0.0317962962962963 0.09255012028869286
0 0.725212962962963 0.5714995990376904 0.044592592592592586 0.08746591820368885
0 0.6777222222222222 0.5707939053728949 0.04315740740740741 0.09240577385725741
0 0.6295555555555555 0.5722694466720128 0.04678703703703704 0.0929831595829992
0 0.5848518518518518 0.570617481956696 0.03625 0.09364073777064956
0 0.5396944444444445 0.5741940657578187 0.042222222222222223 0.09443464314354451
0 0.4947037037037037 0.5779631114675221 0.04396296296296296 0.09482758620689655
19 0.41725 0.5788211708099439 0.04496296296296297 0.08781074578989576
19 0.36764814814814817 0.5817321571772253 0.04937962962962963 0.08728147554129911
21 0.31766666666666665 0.5789574979951885 0.04204629629629629 0.09283881315156375
18 0.26975 0.5806575781876504 0.04709259259259259 0.08989574979951884
20 0.22124074074074074 0.584691259021652 0.04728703703703704 0.09240577385725741
20 0.17127777777777778 0.5833440256615877 0.048240740740740744 0.08891740176423416
5 0.30276851851851855 0.7531756214915798 0.04187037037037037 0.09676824378508421
5 0.3484259259259259 0.7576022453889335 0.04398148148148148 0.09247794707297513
4 0.39369444444444446 0.7549799518845229 0.041518518518518524 0.0913392141138733
30 0.44099074074074074 0.7469687249398557 0.03930555555555556 0.09914995990376904
30 0.47911111111111115 0.749775461106656 0.03203703703703704 0.09079390537289495
13 0.5182314814814816 0.7574418604651163 0.03625 0.0946271050521251
12 0.5574629629629629 0.7573777064955894 0.03499074074074074 0.09202085004009623
15 0.5953518518518519 0.7513472333600641 0.028194444444444442 0.09311948676824379
10 0.6303518518518518 0.7552044907778669 0.03557407407407408 0.0917963111467522
10 0.2565462962962963 0.894178027265437 0.04335185185185185 0.09016038492381717
11 0.30014814814814816 0.8949558941459502 0.037222222222222226 0.08242181234963913
8 0.34821296296296295 0.8931996792301523 0.029305555555555553 0.090056134723336