20 0.1156418061897514 0.19302850995158685 0.02180238457635718 0.23735341581495428
20 0.14677194317605277 0.23878429263044645 0.017531709791983763 0.19350726196880044
20 0.22206747843734145 0.2645185583647122 0.011688229325215627 0.1496557288864981
20 0.2355542871638762 0.26785906401291015 0.012137239979705733 0.15060785368477678
18 0.1661009639776763 0.24116729424421732 0.01798072044647387 0.19254975793437332
18 0.2491527143581938 0.2721463152232383 0.012361745306950786 0.15346960731576118
18 0.262525367833587 0.2711941904249596 0.012137239979705733 0.15346960731576118
21 0.1849822425164891 0.24402366863905325 0.01798072044647387 0.18874125874125874
21 0.2756747843734145 0.2721463152232383 0.012812024353120245 0.14775147928994084
21 0.2920826991374937 0.2673803119956966 0.013261035007610349 0.15346960731576118
19 0.2039738711314054 0.24402366863905325 0.018206494165398275 0.18874125874125874
8 0.3223135464231355 0.25260355029585796 0.013036529680365297 0.19254975793437332
8 0.3362493658041603 0.23068316299085528 0.013485540334855403 0.18874125874125874
8 0.4036783358701167 0.24211941904249598 0.011237950279046168 0.18874125874125874
6 0.3886187214611872 0.23353953738569122 0.01708269913749366 0.1982732651963421
30 0.5913571790969051 0.2630930607853685 0.012137239979705733 0.1772996234534696
5 0.7763394216133942 0.2692845615922539 0.012137239979705733 0.16871974179666485
5 0.7612798072044648 0.2626143087681549 0.014384830035514967 0.17253362022592791
5 0.7328475393201421 0.2597525551371705 0.015059614408929478 0.17253362022592791
4 0.7476813800101472 0.2630930607853685 0.011462455606291224 0.17348574502420655
24 0.8748985286656519 0.2683324367939752 0.014160324708269913 0.17253362022592791
12 0.8597272957889397 0.26642818719741795 0.01258625063419584 0.17634749865519095
13 0.8466907661085744 0.2645185583647122 0.011688229325215627 0.17825174825174825
13 0.8338787417554541 0.26404518558364715 0.011237950279046168 0.17348574502420655
1 0.9924606798579402 0.26356643356643356 0.015078640284119735 0.16871974179666485
15 0.9378335870116692 0.2506993006993007 0.01191273465246068 0.1772996234534696