23 0.5291096271563717 0.24743229166666666 0.040150250417362275 0.11567187500000001
10 0.7368447412353922 0.25965625000000003 0.03895937673900946 0.10671875
14 0.8054368391764051 0.2551041666666667 0.032220367278798 0.10398958333333333
13 0.9269616026711185 0.4181354166666667 0.035820812465219815 0.10458333333333333
12 0.8775626043405677 0.4207916666666666 0.04145798553144129 0.10178645833333334
15 0.8382860322760156 0.4236302083333333 0.03490261547022816 0.10176041666666666
4 0.7954201446855871 0.424984375 0.0386867000556483 0.10156770833333333
5 0.75708959376739 0.42755208333333333 0.03637729549248748 0.101609375
30 0.6911296605453534 0.429125 0.03864218141346689 0.09909375
20 0.08376739009460211 0.39410416666666664 0.06601001669449082 0.15553125
0 0.21868113522537563 0.41672395833333337 0.0504062326099054 0.12315625000000001
0 0.2736060100166945 0.4210729166666667 0.051997774067890926 0.122171875