20 0.2038611111111111 0.4437721324095458 0.03761111111111111 0.07556581986143186
18 0.24682407407407406 0.44524249422632795 0.03935185185185185 0.0810392609699769
21 0.28832407407407407 0.44440338722093914 0.03919444444444444 0.07514241724403387
19 0.3322777777777778 0.4463972286374134 0.03682407407407408 0.07490377213240955
20 0.5010925925925925 0.4397613548883757 0.04584259259259259 0.09284834488067745
18 0.550037037037037 0.4390377213240954 0.04332407407407407 0.09055427251732101
0 0.678861111111111 0.4489222478829869 0.03424074074074074 0.07827559661277907
0 0.7136666666666667 0.44939183987682835 0.02776851851851852 0.0792147806004619
1 0.7531296296296296 0.4480061585835258 0.03977777777777778 0.07729022324865281
1 0.7935925925925926 0.4491301000769823 0.035500000000000004 0.07785219399538106
27 0.12112037037037038 0.5797998460354118 0.037425925925925925 0.07739030023094688