13 0.09709259259259259 0.2976731301939058 0.06856481481481481 0.11618836565096953
13 0.1701111111111111 0.2946980609418282 0.06804629629629629 0.11900831024930748
18 0.2596111111111111 0.28452077562326866 0.09839814814814815 0.13873684210526316
0 0.7974074074074075 0.4533185595567867 0.07589814814814815 0.10992243767313019
1 0.7105277777777778 0.45410526315789473 0.07799074074074075 0.10648199445983379
23 0.6299166666666666 0.4537894736842105 0.07485185185185185 0.1152465373961219
24 0.5508888888888889 0.4550415512465374 0.07275 0.11149030470914129
5 0.3101203703703704 0.455983379501385 0.07275 0.11649861495844875
4 0.47394444444444445 0.45347922437673127 0.07275 0.11900831024930748
3 0.39517592592592593 0.45426038781163436 0.07746296296296296 0.11869252077562327
14 0.17246296296296296 0.459584487534626 0.06542592592592593 0.11618836565096953
15 0.24155555555555555 0.45801662049861497 0.06228703703703704 0.11368421052631578