4 0.053 0.4195265649658075 0.06415740740740741 0.10206207259337191
5 0.12181481481481482 0.42032614413466596 0.07038888888888889 0.1036559705418201
5 0.19548148148148148 0.42199894792214626 0.06334259259259259 0.10349815886375592
5 0.2631851851851852 0.4252709100473435 0.059805555555555556 0.10653340347185693
5 0.3297685185185185 0.42331404523934774 0.07254629629629629 0.10086796422935297
5 0.4026666666666667 0.4240715412940557 0.0670462962962963 0.10413992635455023
5 0.46953703703703703 0.4252288269331931 0.06799999999999999 0.10820620725933719
1 0.7512314814814816 0.5572225144660705 0.06015740740740741 0.09327196212519727
0 0.6888703703703704 0.5558705944239873 0.06764814814814815 0.09758022093634929
6 0.46625 0.5509626512361915 0.0713425925925926 0.09302998421883218
7 0.39125 0.5526407154129406 0.0700462962962963 0.09287217254076802
28 0.36683333333333334 0.6793897948448185 0.0602037037037037 0.07973698053655971
30 0.25262037037037033 0.6808679642293529 0.05087962962962963 0.0879537085744345
30 0.19480555555555554 0.6823408732246187 0.061518518518518514 0.07862177801157286
29 0.13712962962962963 0.6836980536559706 0.047185185185185184 0.07431877958968963
29 0.07918518518518518 0.6743713834823777 0.051925925925925924 0.09775907417148869
29 0.025555555555555557 0.6764439768542873 0.051111111111111114 0.09840084166228301
24 0.12968518518518518 0.8052866912151498 0.0799537037037037 0.09295633876906892
23 0.04936111111111111 0.8085586533403472 0.06525 0.09599158337716991
8 0.339537037037037 0.8087953708574435 0.06428703703703705 0.08593897948448186