3 0.7789351851851852 0.6407001603420631 0.09027777777777778 0.1376269374665954
5 0.8680555555555556 0.64470871191876 0.0787037037037037 0.13228220203099947
30 0.9560185185185185 0.6440406199893105 0.08796296296296297 0.14163548904329235
11 0.11574074074074074 0.8424639230358097 0.08333333333333333 0.13228220203099947
10 0.20833333333333334 0.8397915553180118 0.10185185185185185 0.1376269374665954
15 0.29976851851851855 0.8431320149652592 0.06712962962962964 0.14163548904329235
24 0.5057870370370371 0.8464724746125066 0.09490740740740741 0.1376269374665954
23 0.6053240740740741 0.8478086584714056 0.09027777777777778 0.13495456974879744
0 0.7685185185185185 0.8504810261892036 0.09722222222222222 0.13228220203099947
0 0.8715277777777778 0.8491448423303046 0.09490740740740741 0.13228220203099947
0 0.9629629629629629 0.8504810261892036 0.07407407407407407 0.14029930518439337