5 0.052829670329670335 0.20738541666666668 0.036576923076923076 0.08090104166666667
4 0.08907142857142858 0.2070625 0.030478021978021977 0.07768749999999999
18 0.13106593406593406 0.2009635416666667 0.03725274725274725 0.08988541666666668
20 0.17373626373626372 0.19743229166666668 0.04131868131868132 0.09309895833333333
18 0.12158241758241758 0.3489583333333333 0.03454395604395604 0.07768749999999999
21 0.15917582417582418 0.34831249999999997 0.035219780219780214 0.07768749999999999
20 0.19507142857142856 0.34703124999999996 0.03386813186813187 0.07897395833333333
0 0.22893956043956046 0.34735416666666663 0.029802197802197804 0.07447916666666667
0 0.26145054945054946 0.34510416666666666 0.029802197802197804 0.07768749999999999
0 0.2936263736263736 0.34606770833333333 0.029126373626373624 0.07961458333333334
0 0.3278296703296703 0.34510416666666666 0.03251098901098901 0.07897395833333333
23 0.36326923076923073 0.3441927083333333 0.03376923076923077 0.08240104166666667
23 0.3988791208791209 0.342609375 0.03477472527472528 0.08113541666666667
24 0.4358241758241759 0.34165625 0.03376923076923077 0.08430729166666667
7 0.510554945054945 0.342765625 0.034104395604395606 0.08271875
6 0.544489010989011 0.3395989583333333 0.029758241758241755 0.08652604166666666
6 0.5819395604395605 0.34102604166666667 0.025747252747252748 0.08240104166666667
6 0.6242912087912088 0.49279687499999997 0.04836263736263736 0.10835416666666667