20 0.24151072124756334 0.13175170962651236 0.030246101364522417 0.16771699105733823
18 0.2780579922027291 0.11943713834823777 0.028328460038986356 0.16608627038400842
0 0.7890716374269006 0.17554971067859024 0.020053606237816764 0.09637033140452393
1 0.8261159844054581 0.16736454497632827 0.022365984405458093 0.10899000526038927
9 0.8501291423001949 0.1578379800105208 0.02290204678362573 0.12140978432403998
11 0.8746003898635478 0.16245660178853236 0.0222270955165692 0.13244608100999475
19 0.13764863547758283 0.395933719095213 0.021678849902534113 0.10925828511309836
20 0.16317495126705653 0.3968648079957917 0.025480019493177387 0.11180957390846923
18 0.18954922027290447 0.3948395581273014 0.02374512670565302 0.1069700157811678
21 0.21462231968810916 0.3928669121514992 0.023060428849902535 0.11486586007364545
3 0.3146539961013645 0.3846291425565492 0.02273635477582846 0.13233035244608102
5 0.34127680311890835 0.386801683324566 0.024788011695906435 0.13194108364018936
4 0.3664644249512671 0.386259863229879 0.023603801169590644 0.13006312467122566
30 0.3909454191033139 0.39055234087322466 0.020638401559454192 0.12839032088374538
14 0.41443957115009744 0.3900105207785376 0.018262670565302144 0.12651236191478168
14 0.43411793372319685 0.3920305102577591 0.018489278752436646 0.1313519200420831
15 0.45456871345029237 0.3910468174644924 0.01368664717348928 0.1333245660178853
15 0.47242202729044835 0.3948974224092583 0.019039961013645225 0.1433929510783798
13 0.4933991228070176 0.38709626512361917 0.021137914230019494 0.1293740136770121
12 0.5160721247563352 0.3871962125197264 0.021503411306042886 0.1311520252498685
12 0.5370735867446395 0.3890215675960021 0.01999269005847953 0.13638085218306154