20 0.08535403050108933 0.262004208311415 0.053905228758169936 0.1325723303524461
20 0.14250544662309367 0.2648974224092583 0.051410675381263614 0.13449763282482904
20 0.24732570806100215 0.28538663861125724 0.04242919389978214 0.10316149395055235
18 0.2014052287581699 0.2701998947922146 0.049417211328976036 0.1306417674907943
18 0.2902505446623094 0.2897264597580221 0.03544117647058823 0.1002735402419779
21 0.33492374727668844 0.2909310889005786 0.037935729847494555 0.09496580746975276
19 0.37759803921568624 0.29334034718569174 0.03544117647058823 0.09207785376117833
8 0.7586220043572984 0.3896843766438716 0.02059368191721133 0.09236717517096266
7 0.7795642701525054 0.3917096265123619 0.02059368191721133 0.08966859547606523
3 0.9043409586056644 0.39996843766438717 0.023736383442265793 0.07988953182535508
1 0.9258061002178649 0.40502367175170967 0.01710239651416122 0.07315097317201473
1 0.9460511982570806 0.4062019989479222 0.019896514161220045 0.072140978432404
1 0.9792102396514161 0.41024723829563386 0.012913943355119827 0.066070489216202
1 0.9921241830065359 0.4105839032088374 0.011519607843137254 0.06809573908469226
1 0.9631535947712417 0.40822724881641237 0.01221677559912854 0.07078905839032087
7 0.9523311546840959 0.5326144134665965 0.01849673202614379 0.07146238821672804