20 0.06681917211328976 0.2682605945604048 0.08919389978213507 0.12064199873497787
20 0.15245642701525056 0.2691872232764073 0.07705337690631808 0.1199304237824162
20 0.07530501089324618 0.6218943706514865 0.07440087145969498 0.10659392789373814
21 0.14740196078431372 0.6277925363693865 0.06765795206971678 0.0941650853889943
18 0.22089324618736383 0.6297691334598355 0.07230936819172112 0.08957305502846301
19 0.2912472766884532 0.6291366223908919 0.06577342047930283 0.0883080328905756
14 0.34877995642701526 0.6275932953826692 0.045860566448801744 0.09519291587602784
15 0.3968409586056645 0.6290986717267553 0.05118736383442266 0.09535104364326376
5 0.6675816993464052 0.6306704617330804 0.06012527233115469 0.08923466160657813
4 0.7306753812636165 0.6317773561037319 0.06484204793028323 0.09145161290322582
7 0.3362091503267974 0.7920430107526882 0.05631263616557734 0.0835325743200506
8 0.4029193899782135 0.7991682479443389 0.05598039215686275 0.08637887413029728
6 0.4629139433551198 0.7984345351043644 0.06799019607843138 0.08277672359266287
15 0.5794498910675381 0.7966160657811512 0.05196623093681917 0.08768500948766603
15 0.6360675381263616 0.7961195445920304 0.05108932461873638 0.08740986717267551
27 0.6902342047930283 0.7971283997469956 0.055119825708061 0.08728969006957621
0 0.751045751633987 0.7993864642631245 0.058948801742919395 0.0846774193548387
21 0.09904139433551198 0.9143738140417458 0.04766884531590414 0.061173308032890575
21 0.15060457516339867 0.9136843769765971 0.04800108932461873 0.0575426944971537
18 0.20087690631808278 0.9113693864642631 0.04574618736383442 0.05967109424414928
7 0.3443464052287582 0.9017836812144213 0.056307189542483656 0.07033839342188489