10 0.5986204178163185 0.196796875 0.03661411115490737 0.11597916666666667
14 0.661710681907765 0.19162500000000002 0.02879779266850611 0.12475
10 0.7758691367757194 0.20867708333333335 0.02980685849428459 0.12034375
14 0.8340480882932597 0.20715625000000001 0.028344501379582183 0.11631770833333334
15 0.9128064643279464 0.39790625 0.028517934568387856 0.11081770833333333
12 0.8820299566417028 0.3977552083333334 0.02858494284588096 0.1140625
30 0.8523531730390225 0.3989375 0.024832479306267245 0.11366666666666667
4 0.8229956641702799 0.4000416666666667 0.02773748521876232 0.1124375
5 0.7901734331888057 0.399109375 0.03309814741821048 0.11234374999999999
4 0.6471225857311785 0.40015625 0.03167520693732755 0.12505729166666668
5 0.6120733149389042 0.4012395833333333 0.0339180134016555 0.12191145833333333
0 0.20861647615293655 0.3965416666666667 0.03636184469846275 0.12090624999999999
0 0.16967284193929838 0.39421875 0.03826172644856129 0.12214062499999999
20 0.08146629877808435 0.36586979166666667 0.0483129680725266 0.1610625
18 0.026606227828143477 0.378859375 0.050472999605833666 0.128203125