20 0.4732222222222222 0.1199837000814996 0.06309259259259259 0.14535452322738385
18 0.5390462962962963 0.11792991035044824 0.06231481481481481 0.1549551752241239
10 0.783537037037037 0.3112958435207824 0.04116666666666667 0.11757946210268949
11 0.7362314814814814 0.31533822330888345 0.04730555555555556 0.11334148329258353
0 0.6873981481481481 0.3174653626731866 0.04774074074074074 0.11449062754686226
0 0.6328703703703704 0.31881010594947023 0.04817592592592593 0.11564792176039121
22 0.3267314814814815 0.3141809290953545 0.04817592592592593 0.11796251018744908
27 0.27110185185185187 0.3193887530562347 0.049055555555555554 0.10986960065199675
12 0.4609722222222222 0.4945965770171149 0.04423148148148148 0.10948655256723716
13 0.4169537037037037 0.4940260798696006 0.04116666666666667 0.10755501222493888
30 0.3707407407407407 0.4888182559087204 0.04774074074074074 0.11719641401792992