10 0.08896264908976774 0.17440906637884512 0.013250156936597616 0.1379762547220723
11 0.10154111738857502 0.17833783054506205 0.010649717514124293 0.13128980032379925
1 0.11548022598870057 0.18000539665407447 0.014207470182046454 0.12189962223421479
0 0.1300580665411174 0.17800863464651917 0.01322661644695543 0.12790609821910415
3 0.2934384808537351 0.17563950350782515 0.010335844318895166 0.13770642201834862
3 0.3061519146264909 0.17594171613599568 0.013289391086001256 0.1401295196977874
5 0.32025894538606403 0.17361575822989744 0.01374764595103578 0.14275769023205612
4 0.333932831136221 0.1721046950890448 0.01228028876333961 0.13973016729627633
15 0.4267451349654739 0.17126281705342689 0.012098242310106717 0.1372153264975715
14 0.43883709981167607 0.17132218024824608 0.01028719397363465 0.13824069077172155
30 0.4692498430634024 0.17172153264975715 0.012845260514752039 0.13516459794927146
12 0.4825768989328311 0.172061521856449 0.011115819209039549 0.13561791689152725
13 0.49500941619585687 0.17531570426335671 0.010797237915881983 0.13595790609821912
7 0.5371971123666038 0.18447922288181326 0.013684871311989956 0.13064759848893687
8 0.5805916509730069 0.19432271991365352 0.01322347771500314 0.12464651915812196
20 0.7791713747645951 0.19561791689152727 0.015966729441305713 0.16024284943335132
20 0.7962570621468926 0.19395035078251482 0.01634180790960452 0.15143550998381006
20 0.812112366603892 0.212164058283864 0.012531387319522911 0.12280086346465192
18 0.8266494036409291 0.21227199136535346 0.014289077212806025 0.11709120345385861
21 0.8415018832391714 0.21295736643281166 0.013501255492780917 0.11918510523475445
19 0.8560844318895167 0.21405288720992985 0.013573446327683616 0.11698327037236914
19 0.8696374764595104 0.2127630868861306 0.012030759573132453 0.11762007555315704
18 0.8880288763339611 0.2371127900701565 0.010232266164469555 0.08704803022126283
21 0.8979833647206529 0.2373448461953589 0.008589139987445071 0.0861252023745278