5 0.24133626097867 0.5363240740740741 0.020370138017565872 0.07900925925925925
3 0.16392095357590966 0.5376481481481481 0.018155583437892097 0.08040740740740741
4 0.18248431618569635 0.5373333333333333 0.016693851944792972 0.08103703703703703
4 0.20010037641154327 0.5366388888888889 0.01849435382685069 0.08344444444444445
4 0.22110414052697616 0.5373333333333333 0.017628607277289838 0.08103703703703703
8 0.47392722710163115 0.6629722222222222 0.022910915934755336 0.09179629629629629
7 0.4987829360100376 0.6625092592592593 0.02629861982434128 0.09088888888888888
6 0.5746235884567127 0.6637129629629629 0.022816813048933498 0.0921388888888889
15 0.6270012547051443 0.6620925925925926 0.01932245922208281 0.08406481481481481
14 0.63767252195734 0.5235555555555556 0.019579673776662483 0.08546296296296296
14 0.6574341279799247 0.5226944444444445 0.01728983688833124 0.08803703703703704
13 0.6789021329987454 0.5230925925925927 0.0221831869510665 0.08720370370370371
12 0.6991342534504392 0.5230925925925927 0.01937892095357591 0.0879537037037037
18 0.8153136762860728 0.4783055555555556 0.01961731493099122 0.08180555555555555
18 0.8375219573400251 0.4775462962962963 0.02417189460476788 0.08537962962962962
18 0.8647804265997491 0.46625 0.02555834378920954 0.10797222222222222
20 0.7668005018820577 0.481462962962963 0.02424090338770389 0.083
10 0.7443161856963614 0.6239722222222223 0.024818067754077792 0.0938888888888889
30 0.768237139272271 0.6213240740740741 0.02072145545796738 0.09266666666666666
0 0.7917440401505645 0.6222037037037037 0.022484316185696362 0.08860185185185185
1 0.8157841907151818 0.623537037037037 0.02255959849435383 0.0901111111111111