20 0.2153050108932462 0.2380378748027354 0.04644880174291939 0.1418569174118885
18 0.26718409586056646 0.24204103103629668 0.041584967320261436 0.13605996843766438
18 0.3569335511982571 0.26421883219358233 0.03434640522875817 0.09759600210415571
20 0.3146350762527233 0.2584218832193582 0.033594771241830065 0.10624934245134139
21 0.3925217864923747 0.2658758548132562 0.033110021786492375 0.10091004734350342
19 0.4331590413943355 0.2691846396633351 0.033404139433551194 0.09281430825881115
7 0.7062636165577342 0.3877327722251447 0.02374727668845316 0.09056286165176222
8 0.7324891067538126 0.38660704892162023 0.02702069716775599 0.0896422935297212
3 0.9050272331154685 0.3986849026827985 0.022374727668845316 0.07552340873224618
1 0.934433551198257 0.40277222514466066 0.020386710239651416 0.06523408732246186
1 0.9522549019607842 0.4029037348763808 0.01642156862745098 0.06549710678590216
1 0.9681372549019608 0.4056443976854287 0.01471132897603486 0.06371383482377696