18 0.08641509433962263 0.4510416666666667 0.0545 0.07680729166666667
18 0.1363018867924528 0.4511041666666667 0.03988679245283019 0.07357812500000001
20 0.18699056603773587 0.44948958333333333 0.05524528301886793 0.074265625
12 0.7395377358490566 0.5795781249999999 0.04613207547169811 0.07163541666666666
14 0.4487264150943396 0.5838229166666667 0.03920754716981132 0.066921875
14 0.4096320754716981 0.584671875 0.03449056603773585 0.06677083333333332
14 0.3308867924528302 0.5843385416666667 0.03397169811320754 0.06333854166666666
14 0.36939622641509434 0.5850937500000001 0.03583962264150944 0.06439062499999999
5 0.7750094339622642 0.7090729166666667 0.050358490566037736 0.07183333333333333
3 0.723933962264151 0.708125 0.045849056603773586 0.07280729166666666
3 0.6757641509433961 0.707828125 0.04550943396226415 0.07255208333333334
1 0.577933962264151 0.7107395833333333 0.05277358490566038 0.06983333333333334
0 0.6278584905660377 0.712609375 0.04291509433962264 0.06638541666666667
7 0.3653584905660377 0.7116770833333333 0.04858490566037736 0.06935416666666666
6 0.16706603773584905 0.713984375 0.04928301886792453 0.0650625
8 0.21637735849056605 0.7129479166666666 0.04423584905660377 0.06619270833333334
21 0.0829433962264151 0.8186510416666667 0.04933962264150943 0.05984375
19 0.1300566037735849 0.8205885416666666 0.03756603773584906 0.061536458333333335
18 0.1751132075471698 0.8210416666666667 0.04817924528301887 0.06480729166666667
20 0.22711320754716982 0.8229791666666666 0.047688679245283014 0.06464583333333333
9 0.19783018867924526 0.9628958333333333 0.052764150943396225 0.07421354166666667
9 0.2504150943396226 0.9614270833333334 0.04518867924528302 0.07714583333333333
10 0.2979433962264151 0.96290625 0.0449811320754717 0.07418229166666666
10 0.3501603773584906 0.9644635416666667 0.05140566037735849 0.07107291666666667
11 0.4008396226415094 0.9652447916666667 0.042877358490566043 0.06950520833333333
11 0.44664150943396225 0.964984375 0.042566037735849056 0.07003125
20 0.15459433962264152 0.97165625 0.029764150943396225 0.05669270833333333
21 0.1200943396226415 0.9635572916666667 0.034028301886792456 0.05688020833333333