15 0.4075185185185185 0.0809469480889903 0.046925925925925926 0.0853907586993725
1 0.9428055555555556 0.08806046776953794 0.046203703703703705 0.08717056474614945
0 0.8879444444444444 0.08717056474614945 0.05630555555555556 0.08717056474614945
16 0.9262037037037036 0.2437250427837992 0.05198148148148148 0.08628066172276098
17 0.8576203703703704 0.2428351397604107 0.06208333333333333 0.08450085567598402
21 0.6024259259259259 0.24550484883057616 0.05413888888888889 0.08361665715915574
21 0.5393888888888888 0.2445464917284655 0.05725925925925926 0.08370792926411866
19 0.47759259259259257 0.2420250998288648 0.056351851851851854 0.08706788362806617
18 0.41533333333333333 0.2431431831146606 0.05907407407407407 0.08482601254991443
20 0.35353703703703704 0.24342270393610954 0.05998148148148148 0.08762692527096407
14 0.8903888888888889 0.4148488305761552 0.05249074074074074 0.09110667427267542
12 0.7766574074074074 0.41450085567598405 0.051925925925925924 0.09249857387335995
13 0.7250092592592593 0.4158927552766685 0.049101851851851855 0.0938904734740445
30 0.6146666666666667 0.41658870507701085 0.051925925925925924 0.0938904734740445
29 0.5596296296296296 0.4172846548773531 0.04797222222222222 0.09597261836851113
28 0.5091111111111112 0.41450085567598405 0.05305555555555555 0.09597261836851113
5 0.3996111111111111 0.41658870507701085 0.04740740740740741 0.09597261836851113
4 0.4537962962962963 0.41745579007415856 0.05305555555555555 0.09563034797490017
3 0.34374074074074074 0.4164175698802054 0.051925925925925924 0.09701654306902452
26 0.4893981481481481 0.563782087849401 0.06163888888888888 0.09468339988590986
25 0.5547314814814815 0.563531089560753 0.06081481481481482 0.08810039931545921
24 0.6208888888888888 0.563782087849401 0.05341666666666667 0.08455219623502568
23 0.674712962962963 0.563782087849401 0.05424074074074074 0.08961779806046777
0 0.7511481481481481 0.563782087849401 0.05587962962962963 0.08556759840273816
0 0.8111388888888889 0.5647917855105533 0.05587962962962963 0.08657729606389047
2 0.8764722222222222 0.5668168853394181 0.058351851851851856 0.08759269823160297
1 0.9360555555555556 0.5668168853394181 0.05752777777777778 0.08657729606389047