20 0.08105415162454874 0.5086274509803922 0.07267148014440433 0.08367102396514162
18 0.1576462093862816 0.5101797385620915 0.06535740072202166 0.08056644880174291
20 0.2235667870036101 0.5032461873638344 0.05727797833935018 0.09360566448801744
21 0.28748014440433217 0.504281045751634 0.05342238267148014 0.07911220043572985
18 0.3453068592057762 0.504744008714597 0.049732851985559566 0.07072984749455338
19 0.47493862815884474 0.5084204793028323 0.05384837545126354 0.07497821350762528
3 0.062281588447653434 0.6425925925925926 0.06428880866425993 0.09028867102396515
4 0.11613718411552346 0.6412690631808279 0.03763898916967509 0.09058278867102397
5 0.16498916967509025 0.6441721132897604 0.05263537906137185 0.08556644880174291
30 0.2181660649819495 0.6452069716775599 0.04991335740072202 0.0866557734204793
15 0.53614440433213 0.6551960784313726 0.054209386281588445 0.08557734204793029
14 0.6247148014440433 0.6606590413943355 0.05028158844765343 0.08173747276688453
14 0.6825054151624549 0.665631808278867 0.04844765342960288 0.08518518518518518
0 0.8295234657039712 0.6719825708061002 0.05939350180505416 0.09296296296296297
10 0.12182671480144404 0.7656590413943355 0.05423104693140794 0.06775599128540305
7 0.26467148014440434 0.7636383442265795 0.03857039711191336 0.0647004357298475
7 0.3135234657039711 0.7623093681917211 0.05147292418772564 0.06499455337690632
8 0.5135090252707581 0.773730936819172 0.05615884476534296 0.06814814814814815
6 0.5716245487364622 0.7759912854030501 0.05888808664259928 0.06441176470588235