20 0.2250990099009901 0.2556759259259259 0.07648514851485148 0.12937962962962962
20 0.23450495049504952 0.43029629629629634 0.07579207920792079 0.11121296296296296
18 0.3123267326732673 0.4292962962962963 0.07056105610561056 0.11508333333333334
30 0.47184818481848184 0.426962962962963 0.09080858085808581 0.12330555555555554
23 0.7148019801980199 0.4351481481481481 0.06734323432343235 0.10712962962962963
22 0.7848514851485149 0.4343240740740741 0.06612211221122112 0.10275
20 0.3017821782178218 0.5644629629629629 0.05962046204620462 0.08253703703703703
19 0.36836633663366336 0.568037037037037 0.06156765676567657 0.07998148148148147
30 0.49227722772277227 0.5706388888888888 0.05331683168316832 0.07225
15 0.5462046204620462 0.5720092592592593 0.04407590759075908 0.075
4 0.6035478547854786 0.5707407407407408 0.07039603960396039 0.07937962962962963
18 0.3701980198019802 0.6882592592592593 0.05100660066006601 0.06192592592592592
21 0.305 0.6874629629629629 0.06551155115511552 0.0656574074074074
18 0.30323432343234324 0.7901759259259259 0.06064356435643564 0.05661111111111111
15 0.5604950495049505 0.797611111111111 0.04244224422442244 0.0547037037037037
30 0.503085808580858 0.7979351851851851 0.05219471947194719 0.054064814814814816
21 0.34735973597359737 0.8842777777777777 0.043382838283828384 0.04789814814814815
18 0.39285478547854785 0.8852037037037037 0.042755775577557754 0.04924074074074074
20 0.44023102310231016 0.8889166666666667 0.04407590759075908 0.05218518518518518
13 0.6557755775577557 0.6935185185185185 0.05724422442244224 0.07550000000000001