24 0.06703703703703705 0.38930533117932153 0.09660185185185186 0.12693053311793215
13 0.24808333333333335 0.3907215939687669 0.07608333333333334 0.13220247711362412
13 0.3247037037037037 0.3897092084006462 0.08087037037037037 0.1301723209477652
12 0.4041018518518519 0.3902261712439418 0.0775 0.13201400107700592
12 0.48036111111111107 0.38888529886914375 0.07430555555555556 0.13226171243941842
30 0.5577962962962962 0.3903284868066775 0.07850925925925926 0.12856758212170166
30 0.6354537037037037 0.39150242326332796 0.07811111111111112 0.1294614970382337
30 0.7131018518518518 0.39146472805600435 0.07771296296296297 0.12792137856758212
6 0.2105462962962963 0.5975336564351104 0.0934537037037037 0.12015078082929456
8 0.30204629629629626 0.597172859450727 0.09187037037037037 0.12168012924071082
9 0.05921296296296297 0.5934625740441573 0.06955555555555556 0.12667205169628432
5 0.06337037037037037 0.780877759827679 0.07660185185185185 0.12681744749596122
3 0.14555555555555555 0.76718901453958 0.08527777777777777 0.1030910070005385
3 0.2270740740740741 0.7679590737749057 0.08131481481481481 0.10317178244480345
11 0.30176851851851855 0.7717770597738288 0.06871296296296296 0.09473344103392568
10 0.37671296296296297 0.787490576198169 0.08424074074074074 0.12981690899299947
0 0.5346851851851853 0.7921378567582121 0.08752777777777777 0.12522886375875067
1 0.6177037037037038 0.7990522347872913 0.07777777777777778 0.11788368336025848