20 0.1254271053425898 0.5048888888888888 0.014666465439178994 0.11677777777777779
18 0.1407998792635074 0.5025092592592593 0.014693631150015093 0.11391666666666667
14 0.21827346815575008 0.48089814814814813 0.010470872321159069 0.10687037037037037
15 0.2311801992152128 0.48217592592592595 0.011460911560519167 0.11038888888888888
4 0.31073649260488984 0.47947222222222224 0.01265016601267733 0.10996296296296297
3 0.34195291276788414 0.4806944444444444 0.012846362813160279 0.10381481481481482
11 0.6246755206761244 0.4515 0.014029580440688198 0.11312962962962964
9 0.6468759432538485 0.4524722222222222 0.014690612737699971 0.11668518518518518
0 0.6623302143072745 0.4553425925925926 0.014506489586477513 0.10383333333333333
1 0.676516752188349 0.45946296296296296 0.014162390582553577 0.10076851851851852
24 0.7720434651373378 0.46317592592592594 0.01243284032598853 0.11014814814814815
27 0.7854210685179596 0.4622777777777778 0.013425897977663748 0.11382407407407408
23 0.7979323875641413 0.46423148148148147 0.01192272864473287 0.11616666666666665
22 0.8118170842137037 0.4651666666666667 0.014956233021430726 0.11491666666666667
18 0.8252369453667372 0.4676759259259259 0.011952912767884093 0.11053703703703703
19 0.8391246604286146 0.4678333333333333 0.01422275882885602 0.11241666666666666
20 0.853356474494416 0.4698703703703703 0.013099909447630545 0.11023148148148147