18 0.08609433962264151 0.37428125 0.04859433962264151 0.08029166666666666
20 0.14146226415094337 0.37454166666666666 0.055566037735849054 0.08026562500000001
20 0.2064811320754717 0.3765364583333334 0.06210377358490566 0.07825520833333334
12 0.7373018867924528 0.517203125 0.04186792452830189 0.0675625
12 0.6938962264150943 0.5176614583333333 0.0415377358490566 0.06813541666666666
12 0.6492924528301887 0.5176354166666667 0.04269811320754717 0.06917708333333333
30 0.6015754716981132 0.5170781249999999 0.04705660377358491 0.07078645833333333
30 0.5555849056603773 0.517015625 0.04200943396226415 0.06793229166666667
5 0.7627547169811321 0.6386197916666667 0.024160377358490564 0.07030208333333333
3 0.7041698113207546 0.6418958333333333 0.03616981132075472 0.07130729166666666
3 0.6621698113207547 0.6393541666666667 0.04373584905660377 0.07167187500000001
0 0.5683301886792452 0.6428385416666667 0.04481132075471698 0.06627083333333333
1 0.6159716981132075 0.6422395833333333 0.04533962264150944 0.06935937499999999
7 0.36230188679245284 0.6393333333333333 0.04718867924528302 0.06579166666666666
8 0.21359433962264152 0.6403541666666667 0.04406603773584906 0.06783854166666667
7 0.16318867924528302 0.636421875 0.04195283018867924 0.06797395833333333
10 0.33441509433962263 0.88634375 0.051141509433962264 0.0709375
10 0.2797830188679245 0.883421875 0.04465094339622641 0.07394270833333333
11 0.42942452830188677 0.8872812499999999 0.05147169811320755 0.068125
11 0.3808584905660377 0.8833177083333333 0.04314150943396226 0.062796875
20 0.21733962264150944 0.7456979166666666 0.05066981132075472 0.06302604166666667
18 0.16702830188679246 0.7440625 0.046613207547169806 0.06425520833333334
19 0.11872641509433962 0.7462656249999999 0.042254716981132076 0.06640625
19 0.06526415094339623 0.7420625 0.05043396226415094 0.058005208333333336