17 0.80415547024952 0.2233125 0.07395393474088292 0.08902083333333333
17 0.7324952015355086 0.22466145833333334 0.07031669865642994 0.08825
16 0.6621401151631479 0.22572395833333334 0.07356046065259117 0.08805729166666666
16 0.5888195777351247 0.22652604166666668 0.07087332053742802 0.08966145833333333
21 0.5185220729366602 0.22874479166666667 0.0667658349328215 0.08715625
21 0.45121880998080616 0.23125 0.0686468330134357 0.08406770833333334
19 0.37340690978886754 0.23115625 0.06977927063339731 0.0861875
19 0.2995489443378119 0.23250520833333335 0.0681573896353167 0.08541666666666667
19 0.2240690978886756 0.23094791666666667 0.06967370441458733 0.08403645833333333
20 0.0726295585412668 0.235125 0.07602687140115164 0.08660416666666666
20 0.15279270633397313 0.23435416666666667 0.07214011516314779 0.08621875
6 0.17207293666026874 0.3758125 0.06911708253358925 0.08268229166666667
7 0.35570057581573894 0.37353125 0.06634357005758157 0.08275
4 0.42426103646833013 0.37031770833333333 0.06805182341650672 0.087890625
4 0.48919385796545106 0.36943229166666663 0.061439539347408825 0.089015625
4 0.5574856046065259 0.36820833333333336 0.06471209213051823 0.08889062499999999
22 0.5891746641074855 0.4966302083333333 0.06198656429942419 0.07605729166666667
27 0.6475911708253359 0.49600520833333334 0.05299424184261036 0.07538020833333332
27 0.7012380038387717 0.49575 0.05473128598848369 0.07718229166666667
25 0.7568138195777352 0.4954427083333333 0.05711132437619961 0.07715104166666667
1 0.8139059500959693 0.4971614583333333 0.06144913627639156 0.07885416666666667
0 0.8757869481765835 0.496953125 0.06686180422264876 0.07669791666666666
0 0.9405470249520154 0.4976145833333333 0.06415547024952015 0.07859895833333333
24 0.30035508637236086 0.5006041666666666 0.06122840690978886 0.07069791666666667
14 0.1903646833013436 0.6166666666666667 0.05130518234165067 0.07480729166666666
14 0.2805374280230326 0.6149635416666667 0.04398272552783109 0.07371354166666667
30 0.33021113243761996 0.6156406249999999 0.05365642994241842 0.07622395833333333
29 0.38095969289827253 0.6158177083333333 0.05289827255278311 0.07715625
29 0.44716890595009595 0.6169635416666667 0.05461612284069098 0.07621354166666668
5 0.40296545105566217 0.7443697916666667 0.0531957773512476 0.07615625
12 0.5601823416506718 0.74025 0.04452015355086372 0.07603125
12 0.6079366602687141 0.740125 0.04619001919385797 0.07692708333333333
12 0.6583589251439539 0.74240625 0.0531957773512476 0.07686458333333333
12 0.7127447216890594 0.7418750000000001 0.05107485604606526 0.07406770833333334
5 0.3525719769673704 0.7359270833333333 0.04516314779270634 0.07375
5 0.23724568138195778 0.73728125 0.045902111324376195 0.07297395833333334
5 0.18418426103646832 0.7432083333333334 0.05602687140115163 0.0726875
13 0.029606525911708256 0.7407343750000001 0.046506717850287906 0.07120833333333333
13 0.0813915547024952 0.7421822916666667 0.05196737044145873 0.07409895833333334
13 0.1324088291746641 0.7443020833333333 0.049491362763915546 0.07371354166666667