20 0.8682580645161291 0.20253703703703704 0.0867741935483871 0.13340740740740742
20 0.957274193548387 0.20705555555555555 0.08546774193548387 0.12235185185185184
15 0.28835483870967743 0.39225925925925925 0.06412903225806452 0.09353703703703703
15 0.35308064516129034 0.38058333333333333 0.053629032258064514 0.11287037037037037
15 0.4154032258064516 0.3787222222222222 0.05883870967741935 0.10825
15 0.4794032258064516 0.39084259259259263 0.05825806451612903 0.09282407407407407
15 0.5425483870967742 0.39382407407407405 0.05787096774193549 0.08775925925925926
21 0.8679516129032258 0.37916666666666665 0.07148387096774193 0.10031481481481481
21 0.9522096774193548 0.3805925925925926 0.07491935483870968 0.10098148148148148
7 0.042483870967741935 0.5318796296296295 0.06732258064516129 0.09833333333333334
7 0.1186774193548387 0.5318240740740741 0.06999999999999999 0.09932407407407406
7 0.1970806451612903 0.5320462962962963 0.07132258064516128 0.09976851851851852
7 0.27288709677419354 0.5320462962962963 0.0655483870967742 0.09976851851851852
7 0.33775806451612905 0.531 0.05709677419354838 0.10098148148148148
7 0.3909193548387097 0.5294537037037037 0.04441935483870968 0.10230555555555555
0 0.45714516129032257 0.5303888888888889 0.06938709677419355 0.09866666666666667
0 0.5348709677419355 0.530175925925926 0.06745161290322581 0.09822222222222222
8 0.6025322580645162 0.5296759259259259 0.06191935483870968 0.09833333333333334
1 0.6742096774193548 0.5301203703703703 0.07361290322580645 0.09921296296296298
7 0.756741935483871 0.5285185185185185 0.07743548387096774 0.10152777777777779
27 0.41183870967741937 0.6894444444444444 0.061322580645161294 0.09724074074074074
7 0.47893548387096774 0.6917592592592593 0.06538709677419355 0.09966666666666667