20 0.3491800188501414 0.15298148148148147 0.036041470311027335 0.07800925925925926
20 0.1782469368520264 0.30153703703703705 0.04561734213006598 0.09737962962962964
21 0.12361922714420358 0.30015740740740743 0.05350612629594722 0.09461111111111112
18 0.2309048067860509 0.2982222222222222 0.04955702167766258 0.09184259259259259
19 0.2832799245994345 0.3004351851851852 0.05294062205466541 0.09848148148148148
24 0.33425070688030156 0.28521296296296295 0.04336475023562677 0.08022222222222222
8 0.4223939679547597 0.1333425925925926 0.036041470311027335 0.11839814814814816
7 0.24442035815268612 0.13721296296296295 0.04054665409990575 0.11397222222222222
6 0.38493873704052783 0.14080555555555554 0.03548539114043355 0.10678703703703704
8 0.3809990574929312 0.28494444444444444 0.03999057492931197 0.08852777777777777
14 0.424363807728558 0.2943425925925926 0.03660697455230914 0.09737962962962964
1 0.5110933081998115 0.29185185185185186 0.046748350612629594 0.08133333333333334
1 0.6651272384542884 0.309287037037037 0.03717247879359095 0.07746296296296296
5 0.7028557964184732 0.30596296296296294 0.03153628652214892 0.07635185185185185
12 0.740028275212064 0.3095648148148148 0.03942507068803016 0.08686111111111111
13 0.7811404335532516 0.30900925925925926 0.03942507068803016 0.0835462962962963
0 0.8253534401508011 0.314537037037037 0.038859566446748345 0.08575925925925926
24 0.8721017907634306 0.3117777777777778 0.044495758718190385 0.09128703703703704