0 0.8170833333333334 0.19332572732458642 0.05393518518518518 0.07223046206503138
1 0.8778888888888889 0.19317741015402168 0.056407407407407406 0.07192241871078152
2 0.9346666666666668 0.1940559041642898 0.05701851851851852 0.07444951511694238
15 0.4547962962962963 0.3218254420992584 0.04622222222222223 0.07678265830005704
8 0.8779722222222223 0.3284027381631489 0.048324074074074075 0.07897889332572731
20 0.3899166666666667 0.4668625213918996 0.05431481481481481 0.07166001140901312
18 0.4473888888888889 0.46830576155162584 0.05559259259259259 0.07166001140901312
19 0.5086759259259259 0.46765544780376495 0.055129629629629626 0.07180262407301768
21 0.5667222222222221 0.47000570450656015 0.055240740740740736 0.07288648031945237
21 0.6268888888888888 0.47534512264689105 0.059564814814814813 0.08069024529378208
3 0.36362037037037037 0.6355333713633771 0.05107407407407407 0.09788362806617228
5 0.4202314814814815 0.63718767826583 0.052083333333333336 0.09961209355390759
4 0.4769166666666667 0.6330975470621791 0.0519537037037037 0.10087278950370794
28 0.5339166666666667 0.6375413576725613 0.05117592592592593 0.09639475185396462
29 0.5848055555555556 0.6386765544780376 0.05093518518518518 0.0947404449515117
30 0.6387592592592592 0.6388362806617228 0.054259259259259264 0.09505419281232173
13 0.7567777777777778 0.6391899600684541 0.05311111111111111 0.09812321734169993
12 0.8089351851851851 0.6375014261266401 0.04774074074074074 0.10338847689674843
14 0.906537037037037 0.641751283513976 0.044972222222222226 0.09358813462635482
25 0.6546481481481481 0.7880889903023388 0.050444444444444445 0.09044495151169424
26 0.7087314814814815 0.7905191100969766 0.05494444444444445 0.0939189960068454
24 0.7710370370370371 0.7917683970336566 0.051111111111111114 0.07697661152310326
0 0.8283333333333334 0.7924301197946378 0.06090740740740741 0.09010268111808328
2 0.8912592592592592 0.7904164289788933 0.06393518518518518 0.09023958927552767
1 0.9547500000000001 0.7907929264118654 0.06133333333333333 0.08336565887050769