20 0.04423014586709886 0.22570370370370368 0.08846029173419773 0.10581481481481482
18 0.129967585089141 0.22955555555555554 0.07614262560777957 0.11592592592592593
18 0.03215559157212318 0.5611851851851852 0.06429497568881685 0.09431481481481481
21 0.1040032414910859 0.5616944444444444 0.0719448946515397 0.08973148148148148
19 0.17403565640194488 0.5617222222222222 0.0660291734197731 0.09057407407407407
23 0.24087520259319287 0.5617222222222222 0.06495948136142625 0.09859259259259259
0 0.386645056726094 0.561425925925926 0.06311183144246353 0.09561111111111112
1 0.4540356564019449 0.5582222222222222 0.0687520259319287 0.08599074074074074
7 0.5882495948136143 0.5557037037037037 0.07047001620745542 0.08656481481481482
8 0.6626256077795786 0.5585555555555556 0.0746191247974068 0.09066666666666667
6 0.8069854132901135 0.5603148148148148 0.0713776337115073 0.09337962962962962
13 0.8762074554294976 0.7397962962962963 0.05820097244732576 0.10108333333333333
12 0.8189141004862236 0.7397314814814815 0.057325769854132895 0.0985462962962963
30 0.7556401944894652 0.7396388888888888 0.059076175040518646 0.09872222222222223
4 0.5665964343598054 0.73925 0.06440842787682334 0.10308333333333333
5 0.5001134521880065 0.7390648148148149 0.06693679092382496 0.10210185185185185
3 0.43275526742301457 0.7414166666666667 0.06768233387358184 0.10011111111111111
9 0.35090761750405186 0.9181666666666667 0.06188006482982172 0.09222222222222222
20 0.4144246353322528 0.9222777777777778 0.06408427876823339 0.084
18 0.4890113452188007 0.9212407407407408 0.06729335494327392 0.0838425925925926
14 0.7207779578606159 0.9238333333333334 0.05915721231766612 0.10051851851851852
14 0.7755105348460292 0.9246481481481481 0.04808752025931929 0.10091666666666667
14 0.6663857374392221 0.9086388888888889 0.05173419773095624 0.10180555555555555
15 0.8287682333873582 0.9239907407407407 0.055380875202593195 0.10021296296296296