8 0.10393518518518519 0.0766474594028287 0.11733333333333333 0.1505290728129911
6 0.23339814814814813 0.0741121005762179 0.11935185185185186 0.14821896280775274
30 0.35309259259259257 0.07123101100052383 0.09774074074074074 0.13739130434782607
30 0.46319444444444446 0.0676532215819801 0.10587962962962963 0.13531168150864328
15 0.6856296296296297 0.06442640125720273 0.09809259259259259 0.12884756416972237
5 0.04277777777777778 0.3559402828706129 0.08555555555555557 0.1715557883708748
4 0.14139814814814816 0.35248297537977996 0.09847222222222221 0.16924567836563645
13 0.24517592592592594 0.35074908328968046 0.08989814814814816 0.17270822420115242
12 0.34976851851851853 0.3480984808800419 0.09925925925925926 0.17432163436354112
24 0.46830555555555553 0.3458250392875851 0.11091666666666668 0.17301204819277108
27 0.6000277777777777 0.3419853326348874 0.11864814814814814 0.1745416448402305
22 0.7233333333333334 0.3387532739654269 0.11533333333333333 0.17487166055526454
22 0.6705555555555556 0.7492352016762703 0.1019074074074074 0.009984284965950758
10 0.3816111111111111 0.6088370874803561 0.09324074074074075 0.14949188056574123
11 0.49657407407407406 0.6085489785227868 0.10564814814814814 0.14702985856469356
0 0.6048240740740741 0.6094028287061288 0.09793518518518518 0.1316919853326349
0 0.7120740740740741 0.607129387113672 0.09490740740740741 0.1347197485594552
0 0.825675925925926 0.6046673651126244 0.11128703703703703 0.14721843897328446
0 0.8793888888888889 0.6756678889470926 0.0011851851851851852 0.0008381351492928235
0 0.9417962962962962 0.6084546883184914 0.09587037037037037 0.1487323205866946