20 0.06855555555555556 0.05904080551139374 0.0838425925925926 0.11808161102278748
18 0.15711111111111112 0.058579756226815057 0.08893518518518519 0.11715421303656598
20 0.24318518518518517 0.06416534181240063 0.07624074074074075 0.10412294647588764
18 0.31989814814814815 0.0655908850026497 0.07412037037037036 0.09754636989931108
18 0.3914722222222222 0.06329093799682035 0.07087962962962963 0.10028086910439851
19 0.47749074074074077 0.07010068892421834 0.0745462962962963 0.08666666666666666
13 0.1484074074074074 0.3912559618441971 0.08249074074074074 0.10369369369369369
3 0.4622777777777778 0.5297297297297298 0.055092592592592596 0.09261791202967674
3 0.5187037037037038 0.5297032326444091 0.05449074074074074 0.09360890302066772
5 0.5797592592592592 0.529093799682035 0.05765740740740741 0.09762056173820881
5 0.640962962962963 0.5286539480657128 0.055629629629629626 0.0957021727609963
27 0.7015648148148149 0.5321462639109698 0.05970370370370371 0.09430312665606783
23 0.7657685185185185 0.5365076841547429 0.05981481481481481 0.08836777954425014
6 0.43374999999999997 0.6649443561208267 0.058444444444444445 0.07921038685744568
7 0.21080555555555555 0.6597721250662427 0.06455555555555556 0.07932697403285638
1 0.6182592592592593 0.6687281399046106 0.05778703703703703 0.07629570747217806
0 0.6804814814814815 0.6707048224695283 0.06512037037037037 0.07606253312135665