20 0.4646018518518518 0.12804400977995112 0.06412962962962963 0.14777506112469438
21 0.5331574074074074 0.1267644661776691 0.0661388888888889 0.1567237163814181
0 0.7521018518518519 0.32733496332518336 0.052814814814814814 0.11365118174409126
0 0.6954351851851852 0.32837815810920945 0.05182407407407407 0.11417277913610432
1 0.6363518518518518 0.3267726161369193 0.05216666666666667 0.11563977180114099
1 0.5832777777777778 0.3284189079054605 0.04950925925925926 0.11581092094539527
22 0.3289722222222222 0.3275794621026895 0.048601851851851854 0.11490627546862267
27 0.27637962962962964 0.33092909535452325 0.0495462962962963 0.11770986145069275
10 0.8108240740740741 0.3286471067644662 0.0512962962962963 0.11005704971475141
30 0.3718796296296296 0.49295028524857376 0.046981481481481485 0.10322738386308068
13 0.4220185185185185 0.49630806845965775 0.04525925925925926 0.0928035859820701
12 0.4729259259259259 0.5008475957620212 0.04621296296296296 0.10388753056234719