23 0.4378861788617886 0.4118645833333333 0.02961457392351701 0.12859375
24 0.46485998193315264 0.4089635416666667 0.02547726588376995 0.131078125
19 0.9121258657031015 0.6194583333333333 0.025474254742547425 0.11088020833333333
19 0.8832098765432098 0.6208072916666667 0.026314363143631437 0.11150520833333334
21 0.8517464619090636 0.62003125 0.029852454080096357 0.11305729166666666
18 0.821478470340259 0.6282135416666667 0.027994579945799458 0.10249479166666667
20 0.7900752785305631 0.6249010416666666 0.02805781391147245 0.1124375
20 0.6785606744956338 0.6168750000000001 0.030758807588075882 0.14091666666666666
18 0.7133754893104486 0.617078125 0.03153267088226438 0.14133333333333334
30 0.6207166516109606 0.6263489583333333 0.02583860283047275 0.12362500000000001
13 0.5919180969587473 0.6258333333333332 0.024528756398675095 0.12466145833333334
12 0.5670430593194821 0.6301302083333333 0.024471544715447154 0.12186458333333333
4 0.5171906052393856 0.6279010416666666 0.026555254441433303 0.12880208333333334
3 0.4886028304727492 0.6295104166666667 0.026260162601626013 0.12890625
15 0.46171936163806077 0.6268177083333334 0.02398976211984342 0.12352083333333333
14 0.4377115326708823 0.6291979166666667 0.022676904546823248 0.12207291666666667
6 0.36079193014152366 0.6322552083333334 0.02511291779584463 0.11678645833333333
6 0.31190605239385727 0.6293020833333334 0.020746763023185788 0.11813541666666666
8 0.25308039747064137 0.6284739583333334 0.030030111412225235 0.11647916666666666
7 0.22239084613068352 0.6301302083333333 0.027332128876844324 0.1239375
0 0.1699096657633243 0.6299218750000001 0.03253839205058717 0.119375
11 0.113032219211081 0.62578125 0.0289551339957844 0.12766145833333334
10 0.08133092442035532 0.6263489583333333 0.03201445347786811 0.12569270833333335