0 0.9024351851851852 0.4166723163841808 0.07601851851851851 0.1178135593220339
0 0.8231851851851851 0.41281920903954805 0.07367592592592592 0.11924858757062147
0 0.7409444444444445 0.42098305084745763 0.07390740740740741 0.11859887005649716
7 0.6560277777777778 0.4186327683615819 0.06237037037037037 0.12433898305084747
21 0.2151574074074074 0.4266610169491526 0.10474074074074075 0.13648022598870055
18 0.09174074074074073 0.4228757062146893 0.10176851851851852 0.1367401129943503
14 0.2598240740740741 0.6916214689265537 0.06060185185185185 0.12987005649717515
15 0.33805555555555555 0.6903841807909604 0.056740740740740744 0.1323446327683616
5 0.39994444444444444 0.6861129943502825 0.06281481481481482 0.13989830508474577
3 0.4859814814814815 0.6837570621468927 0.08877777777777777 0.13271186440677965
24 0.5657407407407408 0.6734745762711865 0.06158333333333334 0.11710169491525424
23 0.6359537037037037 0.6792372881355933 0.07212962962962964 0.12738418079096045
11 0.5487314814814814 0.8801129943502825 0.07912037037037037 0.11328813559322035
9 0.3970648148148148 0.8985197740112995 0.08362962962962962 0.12130508474576272