22 0.034344594594594595 0.2577129629629629 0.06869594594594594 0.24691666666666667
22 0.11148648648648649 0.25925925925925924 0.07207432432432433 0.24382407407407405
23 0.18299324324324323 0.26002777777777775 0.06643918918918919 0.24228703703703705
26 0.25788513513513517 0.26002777777777775 0.06981756756756757 0.24537037037037038
24 0.33164189189189186 0.25849074074074074 0.06643918918918919 0.24228703703703705
21 0.49155405405405406 0.25386111111111115 0.07319594594594594 0.2361111111111111
20 0.8108108108108109 0.24228703703703705 0.08558783783783784 0.2962962962962963
6 0.5264662162162161 0.5871944444444444 0.06193918918918919 0.25462962962962965
1 0.23310810810810811 0.6126574074074074 0.07207432432432433 0.23148148148148148
1 0.1576554054054054 0.6126574074074074 0.07657432432432432 0.23148148148148148
1 0.08052027027027027 0.6087962962962963 0.0754527027027027 0.2299351851851852