3 0.3627232142857143 0.24516145833333333 0.038264508928571424 0.09449479166666667
4 0.40258370535714283 0.24367708333333335 0.038264508928571424 0.095984375
5 0.4420424107142857 0.2421875 0.0390625 0.09746874999999999
0 0.4819029017857143 0.24516145833333333 0.034280133928571425 0.08854166666666667
0 0.5193694196428572 0.24516145833333333 0.03587611607142858 0.08556770833333333
1 0.5592299107142857 0.24255729166666665 0.040658482142857146 0.087796875
13 0.7114955357142857 0.33046875 0.033482142857142856 0.08072916666666667
12 0.7444196428571429 0.3296875 0.033482142857142856 0.08229166666666667
14 0.91796875 0.3255208333333333 0.026785714285714284 0.08125
14 0.947265625 0.32447916666666665 0.023995535714285716 0.08125
15 0.9732142857142857 0.3265625 0.0234375 0.078125
14 0.8487723214285714 0.19244791666666666 0.024553571428571428 0.0796875
15 0.9229910714285714 0.19192708333333333 0.027901785714285716 0.07864583333333333
3 0.9547991071428571 0.19036458333333334 0.03236607142857143 0.0796875