17 0.6981528662420382 0.08961111111111111 0.06786624203821656 0.07681481481481481
16 0.761656050955414 0.08819444444444445 0.06095541401273886 0.07738888888888888
14 0.6629458598726115 0.24112962962962964 0.05264331210191083 0.08067592592592591
14 0.7115923566878981 0.24201851851851852 0.0454140127388535 0.08041666666666666
14 0.7564331210191083 0.24096296296296296 0.045812101910828025 0.08101851851851852
18 0.35651273885350315 0.24044444444444446 0.054140127388535034 0.07521296296296297
18 0.30504777070063693 0.23883333333333334 0.04871019108280255 0.07540740740740741
20 0.23858280254777073 0.2388703703703704 0.06023885350318471 0.07684259259259259
20 0.1797452229299363 0.23776851851851855 0.056512738853503185 0.07600925925925926
21 0.06557324840764331 0.23561111111111113 0.06192675159235669 0.07578703703703703
21 0.12288216560509554 0.23718518518518522 0.05437898089171974 0.07415740740740741
8 0.4921496815286624 0.36392592592592593 0.05640127388535032 0.07559259259259259
7 0.6053503184713376 0.3663888888888889 0.058455414012738856 0.07369444444444445
13 0.07955414012738854 0.48344444444444445 0.04848726114649681 0.06217592592592593
13 0.12187898089171975 0.4822777777777778 0.03812101910828026 0.0725925925925926
12 0.16237261146496815 0.47784259259259265 0.041847133757961785 0.07404629629629629
24 0.16617834394904457 0.594824074074074 0.04630573248407643 0.0651111111111111
24 0.21143312101910827 0.5943981481481482 0.042834394904458596 0.0672962962962963
26 0.26060509554140127 0.5955462962962963 0.0524203821656051 0.06837962962962962
1 0.311640127388535 0.5976388888888889 0.049012738853503185 0.06285185185185185
1 0.3597292993630573 0.597824074074074 0.04914012738853503 0.06382407407407407
0 0.4092993630573249 0.6012500000000001 0.046974522292993634 0.06035185185185186
0 0.4565923566878981 0.6004907407407407 0.047579617834394905 0.06187037037037037
2 0.5069745222929937 0.6019722222222222 0.051210191082802545 0.06362037037037037
2 0.5569904458598727 0.6024814814814814 0.05098726114649682 0.06462962962962962
30 0.6113375796178344 0.5931018518518518 0.05942675159235669 0.08474074074074074
5 0.7487420382165605 0.7367222222222222 0.048121019108280254 0.06412962962962963
4 0.7982324840764331 0.7360833333333333 0.04893312101910828 0.06405555555555556
4 0.8476910828025478 0.7366203703703703 0.0486624203821656 0.06635185185185184
29 0.620828025477707 0.7330277777777777 0.04081210191082802 0.06341666666666666
30 0.6609076433121019 0.7331851851851852 0.03955414012738853 0.06312037037037037
30 0.703391719745223 0.7339907407407408 0.04512738853503185 0.06351851851851852