3 0.2602723311546841 0.2526245330012453 0.05680283224400872 0.0711612702366127
3 0.3221296296296296 0.25418119551681195 0.05290849673202615 0.06448941469489414
3 0.38826797385620915 0.2501774595267746 0.054466230936819175 0.06804794520547945
3 0.44078976034858386 0.2468430884184309 0.047461873638344226 0.074719800747198
5 0.5446623093681917 0.24217310087173102 0.062249455337690635 0.07605541718555417
5 0.6411437908496732 0.2575155666251557 0.0513562091503268 0.07294209215442092
5 0.696781045751634 0.2626307596513076 0.05057734204793028 0.06893835616438357
4 0.7496895424836602 0.2657440846824409 0.049019607843137254 0.07160647571606475
4 0.8068790849673203 0.26952366127023664 0.04668300653594771 0.0702708592777086
4 0.8527832244008715 0.27308219178082194 0.040462962962962964 0.0684931506849315
4 0.8994716775599129 0.27619551681195514 0.04979847494553377 0.0702708592777086
28 0.47541394335511983 0.36114570361145704 0.054466230936819175 0.08450498132004981
28 0.5333823529411764 0.35981008717310087 0.06147058823529412 0.08539539227895393
30 0.7590250544662309 0.37070672478206723 0.049019607843137254 0.07694271481942715
30 0.8068790849673203 0.37315379825653794 0.04201525054466231 0.0800560398505604
29 0.8512309368191721 0.3753767123287671 0.04201525054466231 0.07827833125778332
29 0.8971350762527234 0.3784900373599004 0.04357298474945534 0.07827833125778332
23 0.9134749455337691 0.4952397260273973 0.054466230936819175 0.08850871731008718
25 0.7329575163398693 0.47923100871731006 0.05290849673202615 0.06715753424657535
26 0.6773257080610021 0.47745018679950185 0.05368736383442265 0.06893835616438357
27 0.6205283224400872 0.4765597758405978 0.05835511982570806 0.06893835616438357
15 0.5431045751633987 0.4887920298879203 0.06069172113289761 0.0987359900373599
14 0.48513616557734207 0.4872353673723537 0.05524509803921569 0.09829078455790784
13 0.362979302832244 0.4747820672478207 0.05991285403050109 0.07160647571606475
12 0.30617647058823527 0.4725591531755915 0.05212962962962962 0.06982876712328767
12 0.25248910675381264 0.47144769613947696 0.05057734204793028 0.06938356164383562
20 0.2637745098039216 0.634227895392279 0.06380174291938998 0.07561021170610212
20 0.329520697167756 0.6344520547945205 0.05524509803921569 0.07516500622665007
18 0.3870969498910676 0.6337826899128269 0.05524509803921569 0.0764975093399751
18 0.4505119825708061 0.6340068493150686 0.062249455337690635 0.07605541718555417
21 0.5197657952069716 0.6344520547945205 0.06691721132897603 0.07516500622665007
21 0.6197494553376905 0.6513511830635118 0.06147058823529412 0.07605541718555417
21 0.6909422657952069 0.6511301369863013 0.05913398692810457 0.07561021170610212
19 0.8150490196078432 0.6529078455790784 0.05991285403050109 0.07827833125778332
19 0.8776851851851852 0.6520205479452055 0.06069172113289761 0.07827833125778332
2 0.4493464052287582 0.8385958904109589 0.05057734204793028 0.059153175591531756
2 0.5034259259259259 0.8399315068493151 0.0513562091503268 0.05826276463262764
0 0.5582788671023965 0.8401525529265256 0.05524509803921569 0.0587079701120797
2 0.6290849673202614 0.8559433374844334 0.05057734204793028 0.060043586550435867
0 0.6823856209150326 0.8563854296388543 0.04824074074074074 0.059153175591531756
1 0.7310130718954249 0.8552739726027397 0.04435185185185186 0.061376089663760895
8 0.4135566448801743 0.92576899128269 0.049019607843137254 0.05559464508094645
8 0.46568627450980393 0.9286612702366127 0.045909586056644885 0.05693026151930262