20 0.03579448144624167 0.1995185185185185 0.06463368220742151 0.17855555555555555
21 0.10703139866793529 0.1991851851851852 0.07089438629876309 0.17247222222222222
18 0.18174119885823026 0.1998611111111111 0.06741198858230256 0.17652777777777778
19 0.2526355851569933 0.20188888888888887 0.07297811607992388 0.18328703703703703
7 0.40797335870599427 0.19648148148148148 0.06532825880114176 0.18463888888888888
30 0.5587916270218839 0.19140740740740741 0.05560418648905804 0.19208333333333333
3 0.6814557564224548 0.1829537037037037 0.060466222645099904 0.18463888888888888
4 0.6196003805899144 0.186 0.061855375832540443 0.17855555555555555
13 0.7429686013320647 0.1826111111111111 0.05281636536631779 0.18125925925925926
12 0.8003044719314938 0.17923148148148146 0.05352045670789724 0.17450000000000002
10 0.975385347288297 0.17585185185185184 0.04922930542340628 0.1704351851851852
23 0.8600761179828735 0.4379351851851852 0.05629876308277831 0.14271296296296296
24 0.8037773549000952 0.44401851851851853 0.04934348239771646 0.1372962962962963
12 0.7450523311132254 0.43962962962962965 0.05003805899143673 0.1487962962962963
13 0.691883920076118 0.43962962962962965 0.05073263558515699 0.14474074074074073
3 0.640104662226451 0.4409814814814815 0.05003805899143673 0.1460925925925926
14 0.5528829686013321 0.4690462962962963 0.04934348239771646 0.16164814814814815
14 0.49241674595623214 0.46667592592592594 0.05352045670789724 0.15691666666666668
7 0.3697431018078021 0.4639722222222222 0.05977164605137964 0.15285185185185185
1 0.8051665080875356 0.6266388888888889 0.04934348239771646 0.11430555555555556
0 0.7516555661274976 0.6262962962962962 0.047954329210275926 0.12309259259259259
20 0.07013320647002853 0.6738240740740741 0.04007611798287345 0.09677777777777777
20 0.12263558515699333 0.6740092592592593 0.04490009514747859 0.09930555555555555
21 0.16921027592768792 0.6750925925925926 0.043044719314938154 0.10219444444444445
21 0.21725975261655567 0.6752685185185184 0.04267364414843007 0.10038888888888889
21 0.2673549000951475 0.677074074074074 0.04267364414843007 0.10544444444444444