6 0.39155555555555555 0.9263435088896343 0.08027777777777778 0.06333780610533378
8 0.3115833333333333 0.9273129822207313 0.06778703703703703 0.05967460583696746
8 0.22387962962962962 0.9264542099966455 0.07313888888888888 0.058812479033881246
7 0.47362037037037036 0.9108352901710834 0.0767037037037037 0.05773565917477357
11 0.5249259259259259 0.8201140556860115 0.07797222222222222 0.06936262998993627
10 0.4459074074074074 0.8207447165380745 0.07588888888888888 0.06759812143575981
10 0.35610185185185184 0.8203656491110366 0.08006481481481481 0.06784971486078496
20 0.6775 0.9311673934921167 0.05275 0.04614223414961423
20 0.6239907407407407 0.9318483730291849 0.054259259259259264 0.04914458235491446
20 0.5478796296296297 0.9299362629989936 0.055768518518518516 0.050784971486078495
18 0.7347685185185184 0.9295270043609527 0.055768518518518516 0.04777926870177793
18 0.8010925925925926 0.9308923180140891 0.06481481481481481 0.049419657832941964
18 0.8655185185185185 0.9302113384770212 0.0610462962962963 0.04587051325058705
1 0.06182407407407407 0.6758067762495806 0.09339814814814815 0.07387118416638712
1 0.1588425925925926 0.6767594766856759 0.09537037037037037 0.07530023482053003
1 0.25487037037037036 0.6775947668567595 0.0887962962962963 0.0750620597115062
0 0.35287962962962965 0.6778329419657833 0.09142592592592592 0.07649446494464944
0 0.44430555555555556 0.6777121771217712 0.08485185185185186 0.0772089902717209
0 0.5359444444444444 0.6815766521301576 0.08263888888888889 0.07132841328413284
14 0.6617314814814814 0.6782723918148272 0.0595462962962963 0.07705132505870513
14 0.738287037037037 0.6789332438778933 0.0717037037037037 0.08365649111036565
15 0.8087777777777778 0.6811338477021134 0.06198148148148148 0.07925192888292519
15 0.8780462962962963 0.6809158000670915 0.0717037037037037 0.08057363300905736
15 0.9509629629629629 0.6835558537403557 0.06440740740740741 0.07617242536061725
1 0.1691111111111111 0.4837671922173767 0.09019444444444444 0.07811808118081182
1 0.25719444444444445 0.48581013082858104 0.08314814814814815 0.07709493458570948
1 0.3537314814814815 0.4883629654478363 0.09019444444444444 0.07607514256960751
0 0.453787037037037 0.48759476685675945 0.08737037037037038 0.07658503857765851
0 0.5411574074074075 0.4883629654478363 0.07610185185185185 0.07505535055350554
0 0.6348796296296296 0.487849714860785 0.08032407407407408 0.07607514256960751
14 0.7624166666666666 0.4824890976182489 0.06482407407407408 0.08577658503857766
14 0.8328796296296296 0.48402214022140216 0.06764814814814815 0.08169070781616908
15 0.972138888888889 0.48554847366655485 0.05572222222222222 0.08319355920831936
15 0.9108055555555555 0.4840590405904059 0.06899074074074074 0.07946326735994633
27 0.34328703703703706 0.3527037906742704 0.08978703703703704 0.08546460919154647
24 0.24074074074074073 0.3549379402884938 0.08362037037037037 0.0797249245219725
22 0.15360185185185185 0.35254612546125463 0.0818611111111111 0.08195907413619591