22 0.9479117647058823 0.6112864583333334 0.1041764705882353 0.19813541666666667
24 0.8250686274509804 0.613515625 0.12711764705882353 0.18347916666666667
27 0.5588333333333333 0.6096927083333333 0.12711764705882353 0.18985416666666666
26 0.6949509803921569 0.6071458333333334 0.12831372549019607 0.18985416666666666
30 0.26143137254901966 0.6061875000000001 0.1247156862745098 0.185390625
30 0.12831372549019607 0.6058697916666667 0.11751960784313725 0.18347916666666667
19 0.3249901960784314 0.36536979166666667 0.13671568627450978 0.15990625
18 0.47129411764705886 0.36505208333333333 0.13671568627450978 0.15927083333333333
20 0.6277941176470588 0.36536979166666667 0.12351960784313724 0.15863541666666667
0 0.7609019607843137 0.3637760416666667 0.12111764705882354 0.160546875
1 0.9084117647058824 0.36505208333333333 0.13071568627450983 0.16309374999999998