5 0.07800653594771242 0.06362750406063887 0.0561437908496732 0.12492690850027072
5 0.1386437908496732 0.06419057931781268 0.052189542483660124 0.12445587439090418
4 0.19754901960784313 0.06556578234975635 0.05920479302832244 0.12880346507850568
13 0.25607843137254904 0.06614510016242556 0.04947712418300654 0.12415268002165675
12 0.3079575163398693 0.06614510016242556 0.04868736383442266 0.12415268002165675
29 0.4138997821350762 0.06851109907958852 0.04652505446623094 0.12189496480779642
21 0.48438997821350765 0.06726583649160801 0.05933006535947713 0.12040064970221981
19 0.5516285403050109 0.06169463995668652 0.058616557734204794 0.10924742826204656
21 0.08632897603485838 0.2572929074174337 0.05876906318082789 0.11312398484028154
18 0.14642156862745098 0.2572929074174337 0.05287581699346405 0.12147807255008121
20 0.2030501089324619 0.25927991337303735 0.050555555555555555 0.12753654574986464
8 0.3206045751633987 0.2590687601515972 0.05242919389978214 0.12293990254466702
6 0.3886056644880174 0.25604223064428805 0.05393790849673203 0.12732539252842445
26 0.5100490196078432 0.25541418516513265 0.053077342047930284 0.13025446670276125
24 0.6779684095860566 0.2823714131023281 0.050501089324618734 0.12273957769355712
14 0.7975925925925926 0.2880075798592312 0.03532679738562092 0.11957769355711965
0 0.8494934640522877 0.2958581483486735 0.04973856209150326 0.1129994585814835
1 0.9030283224400871 0.295793178126692 0.05265795206971678 0.11413643746616134