30 0.04711111111111111 0.2419828049435787 0.09423148148148147 0.15164965072541645
14 0.14049074074074072 0.2383879634605051 0.0786388888888889 0.1575228371843095
15 0.22522222222222224 0.23465878559914025 0.0742037037037037 0.15836646963997852
24 0.3143240740740741 0.2330736163353036 0.09490740740740741 0.157576571735626
26 0.41865740740740737 0.2278022568511553 0.09719444444444444 0.160214938205266
27 0.5322962962962963 0.22509403546480386 0.09514814814814815 0.1606072004298764
23 0.637287037037037 0.22231595916174102 0.09851851851851852 0.16098334228909186
11 0.6559814814814815 0.4971305749596991 0.10291666666666667 0.1310048361096185
10 0.5506851851851852 0.5034390112842557 0.10214814814814814 0.13432563138097797
13 0.45487962962962963 0.5033530360021494 0.08231481481481483 0.1309296077377754
12 0.3655833333333333 0.5059430413756045 0.0884537037037037 0.13289091886082752
3 0.2637685185185185 0.5056421278882322 0.09173148148148147 0.14301450832885546
4 0.16407407407407407 0.5089736700698549 0.09368518518518519 0.14110693175711983
5 0.06673148148148147 0.5154970445996776 0.09112037037037037 0.14235357334766255
1 0.5996296296296296 0.7206340677055346 0.10035185185185184 0.12288554540569586
0 0.7021018518518518 0.7154862976894143 0.0870925925925926 0.12283718430951102
0 0.798962962962963 0.7115851692638366 0.08667592592592592 0.12340677055346588