20 0.2867962962962963 0.1206968085106383 0.07298148148148148 0.11395744680851064
18 0.47800000000000004 0.13066489361702127 0.06468518518518518 0.08767553191489362
21 0.5488333333333334 0.13218617021276596 0.06606481481481481 0.09059574468085106
21 0.6159074074074073 0.1344627659574468 0.059111111111111114 0.08704255319148936
12 0.5789629629629629 0.30257978723404255 0.048129629629629626 0.08643085106382979
30 0.6330833333333333 0.3050212765957447 0.04925925925925926 0.0895159574468085
14 0.6828981481481481 0.30329787234042555 0.038685185185185184 0.08697872340425533
15 0.7281759259259258 0.3030265957446809 0.045620370370370374 0.08553191489361703
10 0.36556481481481484 0.6038244680851064 0.049824074074074076 0.07493617021276595
10 0.4202222222222222 0.6034148936170213 0.05425000000000001 0.07704787234042552
11 0.47729629629629633 0.6053829787234042 0.051250000000000004 0.07571808510638298
11 0.5346388888888889 0.6066489361702128 0.054935185185185184 0.07707978723404255
1 0.5894444444444444 0.6083085106382978 0.049444444444444444 0.06986702127659575
1 0.6463981481481481 0.6090691489361701 0.05539814814814815 0.06963829787234042
0 0.706212962962963 0.6117021276595744 0.05280555555555556 0.07281914893617021
0 0.761888888888889 0.6139787234042553 0.04803703703703704 0.07476595744680851
9 0.3124537037037037 0.7416276595744681 0.04683333333333333 0.0729627659574468