18 0.24299706170421156 0.4790260416666667 0.07655239960822723 0.09921354166666667
21 0.23797257590597454 0.6331770833333333 0.07005876591576886 0.07930208333333333
19 0.3043388834476004 0.632296875 0.06637610186092066 0.07860416666666666
23 0.3653476983349657 0.631828125 0.060078354554358476 0.08133854166666667
24 0.4229187071498531 0.632828125 0.0561998041136141 0.08393229166666667
3 0.9690793339862879 0.7404114583333333 0.0618413320274241 0.06309375
4 0.9048383937316357 0.7408541666666667 0.06571988246816846 0.06220833333333333
5 0.8335847208619002 0.7399166666666667 0.061136141038197846 0.062109375
5 0.771537708129285 0.7401822916666667 0.06161606268364348 0.060270833333333336
14 0.6950244857982371 0.8396770833333334 0.04540646425073457 0.0599375
14 0.7457688540646424 0.8387239583333332 0.049000979431929485 0.05921354166666667
15 0.7970617042115572 0.8405 0.05148873653281097 0.06394270833333333
15 0.8467776689520078 0.8395104166666666 0.04970617042115573 0.06197395833333333
13 0.9008912830558276 0.8403333333333334 0.05893241919686582 0.06361458333333334
12 0.9564152791380999 0.8387708333333334 0.05541625857002938 0.06344791666666666
1 0.6516552399608228 0.93496875 0.062095984329089124 0.05888020833333333
1 0.7124975514201763 0.9347708333333333 0.060313418217433884 0.05730729166666667
1 0.778001958863859 0.9357239583333333 0.06899118511263468 0.05802604166666667
0 0.5895494613124387 0.9334427083333333 0.060244857982370226 0.054052083333333334