20 0.8593504273504274 0.4026666666666667 0.059264957264957265 0.09475925925925927
20 0.7946837606837607 0.4035925925925926 0.0643931623931624 0.09723148148148149
20 0.7305641025641025 0.4140925925925926 0.04786324786324787 0.07377777777777779
18 0.6695897435897435 0.41300925925925924 0.05811965811965812 0.07655555555555556
21 0.6091794871794872 0.41238888888888886 0.056991452991452994 0.07593518518518519
19 0.5456410256410256 0.4136296296296297 0.05413675213675214 0.07655555555555556
0 0.3211111111111111 0.4131666666666667 0.05755555555555556 0.07994444444444444
1 0.25671794871794873 0.41162037037037036 0.058700854700854704 0.07994444444444444
9 0.0965982905982906 0.4052962962962963 0.05071794871794872 0.08642592592592593
9 0.038461538461538464 0.4063703703703704 0.05982905982905983 0.08612037037037037
5 0.22593162393162391 0.27228703703703705 0.05565811965811966 0.0915462962962963
4 0.16798290598290597 0.2718703703703704 0.047999999999999994 0.09126851851851851
3 0.10952136752136751 0.27062037037037034 0.06483760683760684 0.09210185185185185