13 0.023564078578110385 0.33746354166666664 0.04712815715622077 0.10204166666666666
12 0.07593077642656688 0.3387395833333333 0.052366697848456496 0.10240625
30 0.1394200187090739 0.336734375 0.061524789522918615 0.09912499999999999
0 0.20389148737137514 0.34019791666666666 0.06086997193638914 0.09511458333333334
1 0.2739289055191768 0.3398333333333333 0.06479887745556595 0.09803125
18 0.3370907390084191 0.3509479166666667 0.051057062675397565 0.08163541666666667
21 0.39076707202993455 0.3509479166666667 0.0484377923292797 0.08163541666666667
19 0.9297848456501404 0.343296875 0.06479887745556595 0.09912499999999999
18 0.8597474275023387 0.34584895833333335 0.06872778297474275 0.09912499999999999
18 0.7851262862488306 0.3451197916666667 0.07003741814780169 0.09839583333333332
21 0.7121515434985968 0.34675520833333334 0.06676333021515435 0.09657291666666666
20 0.6457062675397568 0.34603125 0.06086997193638914 0.09730208333333333