20 0.22793518518518519 0.11961311123052122 0.08466666666666667 0.13115529285330468
18 0.44782407407407404 0.13265448683503492 0.07321296296296295 0.09961848468565286
21 0.5268888888888889 0.1311230521225148 0.07340740740740741 0.10267598065556154
21 0.6054722222222222 0.13128962923159593 0.07715740740740741 0.10125738850080601
12 0.5882499999999999 0.32943041375604515 0.06010185185185185 0.09961848468565286
30 0.6472592592592592 0.328833960236432 0.04841666666666666 0.1016120365394949
14 0.7044722222222223 0.32703922622246107 0.05294444444444445 0.09483073616335302
15 0.7642314814814815 0.32632455668995164 0.05047222222222222 0.09786136485760344
15 0.8257037037037037 0.32787748522299837 0.05251851851851852 0.09395486297689414
10 0.3546666666666667 0.6815690488984417 0.05795370370370371 0.09469102632993015
10 0.41447222222222224 0.6862654486835036 0.058861111111111114 0.09372380440623321
11 0.4781759259259259 0.6874959699086512 0.05862037037037037 0.09514777001612036
11 0.5404259259259259 0.6874314884470715 0.059055555555555556 0.0939817302525524
1 0.6122314814814815 0.6908328855454058 0.06877777777777778 0.0878344975819452
1 0.6821296296296296 0.6911552928533047 0.0666574074074074 0.08847931219774315
0 0.7485648148148148 0.6903116603976357 0.06385185185185184 0.09145620634067705
0 0.8112685185185184 0.6921923696937131 0.06162962962962963 0.09159054271896828
9 0.2746388888888889 0.8521708758731865 0.051583333333333335 0.08564750134336377