14 0.5605335968379447 0.07312037037037036 0.05059288537549407 0.14625
15 0.6478656126482213 0.07550925925925926 0.044367588932806325 0.14924074074074076
4 0.7823814229249012 0.07660185185185185 0.06449604743083004 0.1532037037037037
3 0.8524308300395257 0.07874074074074075 0.061027667984189723 0.152
5 0.9140415019762845 0.07660185185185185 0.0558794466403162 0.1532037037037037
20 0.91949604743083 0.34720370370370374 0.06670948616600791 0.155
0 0.8370652173913044 0.7803611111111111 0.04977272727272727 0.11213888888888889
1 0.8884288537549407 0.7785277777777777 0.043359683794466405 0.09947222222222223
23 0.515602766798419 0.9521944444444443 0.047154150197628454 0.08463888888888889
24 0.613290513833992 0.9420277777777778 0.030503952569169962 0.09046296296296297
3 0.6510276679841898 0.9410925925925926 0.03705533596837945 0.0959537037037037