10 0.2875 0.6885650969529086 0.0943611111111111 0.15321883656509697
14 0.37292592592592594 0.6883379501385042 0.06041666666666667 0.15468698060941827
30 0.5515092592592593 0.6935290858725761 0.07208333333333333 0.1477119113573407
12 0.6330648148148148 0.6927867036011081 0.07797222222222222 0.1503213296398892
13 0.7052407407407407 0.6829307479224377 0.05865740740740741 0.13265927977839334
4 0.7845185185185185 0.6936675900277008 0.08594444444444443 0.14290304709141274
18 0.9415 0.8927036011080332 0.07373148148148148 0.08830470914127424
5 0.8617314814814815 0.8801772853185595 0.0665462962962963 0.1312797783933518
21 0.7928981481481482 0.8948254847645429 0.06172222222222222 0.10638227146814405
18 0.7253425925925926 0.8955290858725762 0.05763888888888889 0.11009418282548476
1 0.5699444444444444 0.8865927977839335 0.09369444444444444 0.13949030470914128
0 0.4741203703703703 0.8847977839335179 0.07932407407407407 0.1405152354570637
0 0.3749351851851852 0.8858836565096952 0.08713888888888889 0.14730193905817174
0 0.2739259259259259 0.8827202216066482 0.07203703703703704 0.14674238227146816
21 0.18355555555555556 0.8911080332409973 0.0952037037037037 0.1427645429362881