20 0.34151033386327506 0.388537037037037 0.05616852146263911 0.07173148148148148
20 0.39777424483306834 0.38886111111111116 0.05440381558028617 0.07211111111111111
20 0.453275039745628 0.38980555555555557 0.04955484896661368 0.07422222222222222
18 0.5096820349761526 0.38763888888888887 0.051796502384737673 0.07147222222222221
18 0.5704451510333863 0.38911111111111113 0.05685214626391097 0.07262962962962963
18 0.6316534181240063 0.3902685185185185 0.053974562798092214 0.07237037037037036
19 0.6914308426073132 0.38930555555555557 0.05044515103338633 0.06916666666666667
19 0.7540699523052464 0.39084259259259263 0.04825119236883943 0.07224074074074073
19 0.8116534181240063 0.3903333333333333 0.04910969793322734 0.07122222222222223
21 0.8739586645468999 0.3907685185185185 0.052655007949125594 0.06999074074074074
1 0.06621621621621622 0.508462962962963 0.052766295707472176 0.07212962962962964
1 0.12352941176470589 0.5092407407407408 0.05357710651828299 0.07248148148148148
2 0.18114467408585055 0.509712962962963 0.05702702702702702 0.07343518518518519
0 0.23732909379968203 0.5075833333333334 0.04542130365659777 0.06916666666666667
0 0.2909856915739269 0.5083518518518518 0.0470429252782194 0.06952777777777779
30 0.14669316375198727 0.6264259259259259 0.047058823529411764 0.07960185185185185
13 0.1987122416534181 0.6269629629629629 0.04542130365659777 0.07948148148148149
12 0.2508426073131956 0.6284351851851853 0.05009538950715422 0.07652777777777778
29 0.30114467408585055 0.6273148148148148 0.0470429252782194 0.07309259259259258
28 0.6665818759936406 0.6282037037037037 0.050317965023847375 0.08078703703703703
15 0.7145468998410175 0.6299814814814815 0.04055643879173291 0.07723148148148148
15 0.7580286168521463 0.6315185185185185 0.03810810810810811 0.07794444444444446
14 0.8006995230524642 0.6311666666666667 0.042178060413354534 0.07960185185185185
14 0.8500794912559619 0.631462962962963 0.03931637519872814 0.07900925925925925
5 0.7524324324324324 0.7694722222222222 0.05335453100158983 0.08635185185185186
5 0.9271065182829888 0.7716018518518519 0.047027027027027025 0.08113888888888889
3 0.8710174880763116 0.7709537037037038 0.053545310015898254 0.08338888888888889
24 0.4790620031796502 0.9349444444444445 0.05696343402225755 0.07981481481481481
26 0.5388871224165341 0.93525 0.05503974562798092 0.08324074074074074
23 0.5977265500794913 0.9357037037037037 0.05310015898251192 0.07964814814814815
8 0.6541176470588235 0.9363425925925926 0.04917329093799682 0.07475925925925926
8 0.7169634340222576 0.9393240740740741 0.05620031796502385 0.07959259259259259