18 0.03551851851851852 0.20516129032258065 0.07103703703703704 0.17748387096774196
18 0.23322222222222222 0.22510483870967743 0.07571296296296295 0.12619354838709676
21 0.12946296296296295 0.20760483870967741 0.10562962962962963 0.16933870967741935
21 0.3953981481481481 0.22836290322580646 0.07477777777777778 0.12781451612903227
20 0.31500925925925927 0.22591935483870967 0.07664814814814815 0.12293548387096774
8 0.06589814814814815 0.5698951612903226 0.08506481481481482 0.19864516129032259
7 0.17339814814814816 0.5735564516129033 0.09066666666666667 0.1978306451612903
6 0.3720277777777778 0.5629677419354839 0.0729074074074074 0.21249193548387096
25 0.4561574074074074 0.5666370967741935 0.08412962962962962 0.20679032258064517
23 0.5486944444444445 0.5641935483870968 0.086 0.2084193548387097
0 0.649175925925926 0.5658225806451613 0.0944074074074074 0.19864516129032259
0 0.7501296296296296 0.5670403225806452 0.09627777777777778 0.20434677419354838