15 0.10281602708803611 0.6941770833333333 0.047878103837471785 0.14778645833333334
18 0.16668735891647857 0.7052864583333334 0.06912528216704289 0.13069791666666666
21 0.23935665914221219 0.70625 0.06413092550790067 0.13261979166666665
20 0.32034424379232507 0.705609375 0.06699774266365688 0.14289583333333333
23 0.3865519187358917 0.7035520833333333 0.05365124153498871 0.14572395833333335
24 0.44788939051918736 0.7041927083333334 0.05898984198645598 0.14700520833333333
3 0.5110158013544018 0.6944635416666666 0.053702031602708804 0.14720833333333333
14 0.5683972911963883 0.717046875 0.03817720090293454 0.09177604166666667
14 0.6055135440180587 0.7197760416666666 0.027900677200902932 0.091453125
15 0.6445033860045146 0.7184895833333333 0.0403216704288939 0.08888541666666666
0 0.7541704288939053 0.7034947916666667 0.057686230248307 0.12016666666666667
11 0.8084198645598194 0.7030104166666666 0.03928329571106095 0.124984375
30 0.8581546275395034 0.7017239583333333 0.052669300225733635 0.14553125