20 0.7156672158154861 0.3113796296296297 0.06151565074135091 0.09535185185185185
18 0.7834102141680395 0.30863888888888885 0.06120263591433278 0.09999074074074074
30 0.12118616144975289 0.4473703703703704 0.04772652388797364 0.07522222222222222
13 0.24370675453047777 0.4504907407407407 0.04599670510708402 0.06897222222222221
12 0.29644151565074134 0.4506018518518518 0.05301482701812191 0.07098148148148148
9 0.5381878088962109 0.44837037037037036 0.050362438220757824 0.07842592592592593
20 0.5897528830313015 0.4522777777777778 0.048649093904448104 0.06837962962962962
18 0.6507742998352554 0.4525740740740741 0.05950576606260296 0.07075925925925926
18 0.7121252059308072 0.4501203703703704 0.05301482701812191 0.07418518518518519
21 0.7722240527182866 0.45157407407407407 0.05988467874794069 0.07649074074074073
19 0.8371499176276771 0.45212962962962966 0.06161449752883031 0.07462962962962963
19 0.9062602965403624 0.453212962962963 0.06107084019769358 0.07024074074074074
3 0.16378912685337726 0.5773703703703703 0.05227347611202636 0.08058333333333334
4 0.22413509060955522 0.5795833333333333 0.053640856672158156 0.08378703703703703
4 0.2810873146622735 0.5800092592592593 0.05255354200988468 0.07913888888888888
5 0.33708401976935753 0.5831296296296296 0.052800658978583194 0.07746296296296296
5 0.39092257001647446 0.5836296296296297 0.04331136738056013 0.07418518518518519
15 0.4465074135090609 0.5832037037037037 0.0471004942339374 0.07578703703703703
15 0.5088138385502472 0.5830925925925926 0.049143327841845136 0.07982407407407408
14 0.5566227347611202 0.5817222222222223 0.03952224052718287 0.07647222222222222
14 0.6013673805601317 0.5846574074074073 0.0400494233937397 0.07746296296296296
14 0.6458978583196047 0.5819444444444445 0.04235584843492587 0.07753703703703703
22 0.9005601317957166 0.5853796296296296 0.047594728171334436 0.07925925925925925
0 0.08 0.7038333333333333 0.05742998352553542 0.07007407407407408
0 0.1383031301482702 0.7043333333333333 0.05260296540362438 0.06706481481481483
1 0.19606260296540362 0.7058425925925925 0.049555189456342665 0.06606481481481481
1 0.2514332784184514 0.7099537037037037 0.05741350906095552 0.059842592592592586
6 0.31354200988467873 0.7134907407407408 0.057347611202635915 0.06087962962962963
8 0.42238879736408563 0.709675925925926 0.04484349258649094 0.06240740740740741
7 0.4761285008237232 0.7131481481481482 0.0557001647446458 0.06080555555555556
11 0.4593245469522241 0.9443703703703703 0.05176276771004942 0.05398148148148148
11 0.5600988467874795 0.9458425925925926 0.04649093904448105 0.060870370370370366
10 0.6124217462932455 0.9556018518518518 0.05024711696869852 0.05399074074074074
10 0.7179406919275124 0.9371759259259259 0.05149917627677101 0.0760925925925926
10 0.6657990115321252 0.9539166666666666 0.04214168039538715 0.05455555555555556