24 0.22118047218887557 0.17636979166666666 0.03864745898359344 0.12771354166666668
24 0.2583473389355742 0.17795312500000002 0.028279311724689876 0.12352604166666666
15 0.32195278111244496 0.177265625 0.031964785914365745 0.12490625
20 0.3592276910764306 0.17764583333333334 0.03592236894757903 0.13026041666666666
12 0.39814725890356145 0.18045312500000002 0.03517406962785114 0.1266875
12 0.43532613045218094 0.184609375 0.0335374149659864 0.12857291666666668
13 0.47207683073229295 0.18371875000000001 0.034333733493397356 0.12628125
7 0.5540416166466586 0.182578125 0.04296918767507003 0.12388541666666668
22 0.5979191676670669 0.18099479166666665 0.04108043217286915 0.125015625
23 0.6396838735494197 0.179515625 0.039191676670668266 0.123890625
26 0.6820288115246099 0.17693750000000003 0.03988795518207283 0.12700520833333334
22 0.7377911164465787 0.169234375 0.04411364545818327 0.12813541666666667
23 0.7810444177671069 0.166375 0.038155262104841936 0.12977083333333334
26 0.823873549419768 0.164078125 0.0419327731092437 0.13436458333333334
1 0.8737054821928771 0.35773958333333333 0.0434733893557423 0.13171354166666666
0 0.8293477390956382 0.3591666666666667 0.04440976390556223 0.12947916666666667
0 0.6893277310924371 0.362125 0.04177671068427371 0.13172395833333334
30 0.5516806722689076 0.36542708333333335 0.03965986394557823 0.12913541666666667
4 0.5097198879551821 0.364203125 0.039739895958383356 0.13361979166666668
3 0.46651060424169666 0.36396875 0.040844337735094036 0.13816666666666666
5 0.38396158463385355 0.36389062499999997 0.039511804721888755 0.13525520833333332
18 0.3391236494597839 0.3701458333333333 0.04371348539415766 0.115609375
20 0.29300120048019207 0.3702239583333334 0.043237294917967184 0.12219791666666667
19 0.24499799919967988 0.36670833333333336 0.043233293317326935 0.12107291666666667
21 0.1971748699479792 0.36346354166666667 0.04146458583433373 0.12245833333333334