19 0.021666666666666667 0.12392895586652314 0.015246913580246912 0.08439720129171152
18 0.03759465020576132 0.1230139935414424 0.015037037037037036 0.08771797631862217
20 0.05354732510288066 0.12455328310010763 0.014825102880658435 0.0913778256189451
21 0.06987860082304527 0.12593649085037675 0.014008230452674898 0.0886167922497309
20 0.13185802469135804 0.11666846071044135 0.01615843621399177 0.11307857911733046
18 0.15142798353909467 0.11822389666307857 0.01853703703703704 0.11253498385360602
0 0.16790329218106995 0.13016146393972014 0.012082304526748971 0.09211517761033369
0 0.1819135802469136 0.13019913885898815 0.013685185185185186 0.0934930032292788
0 0.19682921810699588 0.13256189451022607 0.01373045267489712 0.09167384284176534
11 0.21155555555555558 0.12892895586652314 0.01339917695473251 0.0983692142088267
11 0.22761728395061728 0.1197524219590958 0.010534979423868314 0.09486006458557589
10 0.24095884773662551 0.12027987082884822 0.014137860082304525 0.09525834230355221
10 0.2561522633744856 0.11838536060279871 0.014238683127572017 0.10194833153928955
9 0.27139094650205764 0.11829924650161465 0.012602880658436214 0.0984930032292788
9 0.2852880658436214 0.12109257265877288 0.013191358024691359 0.09698062432723359
24 0.4548930041152264 0.154994617868676 0.0119320987654321 0.08465554359526373
24 0.467962962962963 0.15082884822389667 0.01265843621399177 0.08578579117330462
23 0.495238683127572 0.14728202368137783 0.014656378600823045 0.08602798708288482
27 0.5110946502057613 0.14129709364908502 0.013072016460905351 0.09201291711517762
27 0.5242283950617284 0.15493003229278796 0.010452674897119341 0.06559741657696448
3 0.6617551440329218 0.13829924650161463 0.012697530864197532 0.09888051668460711
4 0.6765082304526748 0.13603336921420883 0.014236625514403292 0.10041442411194833
5 0.7022160493827161 0.12905812701829925 0.01319753086419753 0.09866523143164693
30 0.7153559670781893 0.13155005382131324 0.011617283950617284 0.09144779332615716
13 0.7269753086419752 0.13124865446716902 0.010403292181069959 0.08680839612486545
9 0.7390658436213992 0.12681916038751345 0.012189300411522634 0.10016146393972013
15 0.750985596707819 0.1277502691065662 0.010545267489711935 0.09530139935414424
14 0.7621172839506173 0.12771797631862217 0.009641975308641975 0.0938805166846071
6 0.8053004115226338 0.12115177610333693 0.009775720164609054 0.10027987082884822
8 0.8986069958847736 0.1397685683530678 0.012335390946502059 0.09240043057050593