1 0.18281299524564185 0.512203125 0.06589540412044374 0.16711979166666666
0 0.25141838351822504 0.5105052083333333 0.06498019017432646 0.170515625
5 0.3085340729001585 0.5004062499999999 0.0488391442155309 0.15540625
4 0.36474247226624407 0.5046510416666666 0.06444532488114105 0.16729166666666667
18 0.5611172741679873 0.11834895833333332 0.04490095087163233 0.15031250000000002
20 0.6073732171156894 0.12013541666666666 0.047242472266244055 0.150640625
20 0.45234152139461176 0.3110104166666667 0.03535657686212361 0.11042187499999999
21 0.4990887480190174 0.310421875 0.031374801901743264 0.111609375
19 0.5326148969889065 0.31308854166666666 0.034350237717908086 0.11576041666666666
12 0.6471870047543582 0.3160572916666667 0.03063391442155309 0.10508333333333333
20 0.7640729001584786 0.022500000000000003 0.03515847860538827 0.044994791666666666
15 0.743946117274168 0.37235416666666665 0.02920364500792393 0.09546875