20 0.17666013712047013 0.4732083333333333 0.07671890303623898 0.09739062500000001
18 0.2513124387855044 0.47321875 0.07030362389813909 0.09874479166666666
20 0.09327130264446622 0.6260260416666666 0.05339862879529873 0.074578125
18 0.16932419196865817 0.6294635416666666 0.05354554358472086 0.073296875
21 0.2347894221351616 0.6267239583333333 0.06623898139079333 0.07597395833333334
19 0.2984035259549461 0.6263177083333333 0.051116552399608224 0.07399479166666666
24 0.3564250734573947 0.622765625 0.0489128305582762 0.08202604166666667
23 0.4142213516160627 0.6242812499999999 0.0506562193927522 0.07806770833333333
5 0.7581292850146915 0.7290781249999999 0.057453476983349655 0.058270833333333334
5 0.8207443682664055 0.7311145833333333 0.06006856023506366 0.058854166666666666
4 0.8810675808031342 0.7309375 0.051518119490695395 0.057338541666666666
3 0.9401860920666013 0.7323385416666667 0.05588638589618022 0.05547395833333334
20 0.033046033300685604 0.8226145833333334 0.04882468168462292 0.05529166666666666
20 0.07992164544564152 0.8211562499999999 0.03933398628795298 0.05013541666666667
18 0.12689520078354555 0.8196458333333333 0.04479921645445642 0.054953125000000005
21 0.17324191968658179 0.824296875 0.03636630754162586 0.06089583333333334
10 0.2740940254652302 0.8256979166666666 0.04632713026444662 0.055072916666666666
11 0.32983349657198824 0.8256979166666666 0.0496767874632713 0.055072916666666666
14 0.680714985308521 0.8294635416666666 0.03927522037218414 0.058640625
14 0.731234084231146 0.828078125 0.03963761018609206 0.05983333333333333
15 0.7794221351616062 0.8287708333333333 0.04466209598432909 0.063203125
15 0.8259353574926542 0.8299114583333334 0.042605288932419196 0.06251041666666667
13 0.8799020568070519 0.8303541666666666 0.04800195886385896 0.06241145833333333
12 0.931439764936337 0.828125 0.04481880509304603 0.0589375
0 0.5942997061704212 0.920921875 0.060313418217433884 0.05715625
0 0.6542311459353575 0.9195833333333333 0.05527913809990206 0.05348958333333333
1 0.7176983349657199 0.9219635416666667 0.061038197845249755 0.05825
1 0.7825759059745347 0.920921875 0.056562193927522035 0.05319270833333333