24 0.7745648148148148 0.15315024232633279 0.09426851851851852 0.1597361335487345
27 0.879962962962963 0.1457942918686053 0.09425 0.1690683898761443
5 0.36167592592592596 0.4245180398492192 0.09727777777777778 0.15435648896068926
3 0.4745462962962963 0.4281583198707593 0.10187037037037036 0.1484168012924071
3 0.5745 0.42478729133010235 0.08476851851851852 0.15248788368336028
12 0.6681203703703704 0.4241464728056004 0.08390740740740742 0.15485729671513193
13 0.7557592592592592 0.42740980075390417 0.08036111111111112 0.1507000538502962
0 0.8127314814814814 0.6525955842757134 0.09507407407407407 0.11806677436725901
14 0.6102592592592593 0.6525309639203015 0.06678703703703703 0.12648896068928378
14 0.5332962962962964 0.6504254173397953 0.06903703703703704 0.13189014539579966
15 0.4532685185185185 0.6531556273559505 0.07436111111111111 0.12880452342487883
15 0.3744722222222222 0.6464189553042542 0.0710925925925926 0.12922455573505653
30 0.28688888888888886 0.6491491653204092 0.08702777777777777 0.12292945611200862
9 0.7934074074074075 0.8523263327948304 0.08473148148148149 0.11981152396338181