23 0.06648148148148147 0.3863374265883609 0.05411111111111111 0.07376935397757607
25 0.12812962962962962 0.38767752269087025 0.052953703703703704 0.07376935397757607
26 0.18243518518518517 0.38767752269087025 0.053342592592592594 0.07109450080085425
27 0.23847222222222222 0.38678590496529636 0.053342592592592594 0.07466097170315003
24 0.29277777777777775 0.38800854244527494 0.05062962962962963 0.07265349706353444
8 0.4450648148148148 0.38901227976508274 0.04986111111111111 0.06931126534970634
1 0.4972407407407407 0.38923651895355044 0.04753703703703704 0.06797650827549385
1 0.5484537037037037 0.38912439935931664 0.04870370370370371 0.06775226908702617
0 0.6019814814814815 0.3909076348104645 0.05062962962962963 0.06953550453817406
20 0.9015277777777777 0.39224239188467697 0.046768518518518515 0.06641217298451682
18 0.8452962962962962 0.3897917778964229 0.05025 0.06641217298451682
21 0.7884722222222221 0.39224239188467697 0.04792592592592593 0.06641217298451682
5 0.31972222222222224 0.49979711692471973 0.04619444444444445 0.07523758675920982
4 0.27049074074074075 0.49979711692471973 0.04578703703703704 0.07336892685531232
3 0.2238888888888889 0.5008489054991991 0.04660185185185185 0.07593699946609717
3 0.17060185185185187 0.49945008008542446 0.04781481481481482 0.07640683395621997
30 0.12521296296296294 0.500032034169781 0.03889814814814815 0.07150026695141484
12 0.36794444444444446 0.5010838227442606 0.04538888888888889 0.07406833956219967
16 0.3942685185185185 0.5974853176721836 0.04597222222222222 0.06602776294714362
16 0.44436111111111115 0.5956113187399893 0.04033333333333333 0.06627869727709557
17 0.49706481481481485 0.5872343833422318 0.05118518518518519 0.04501868659903897
29 0.3587037037037037 0.6815216230646023 0.042509259259259254 0.06552589428723972
12 0.40575925925925926 0.6820181526962094 0.044675925925925924 0.06702616123865457
12 0.44912962962962966 0.6842712226374801 0.03860185185185185 0.06652429257875067
12 0.4907685185185185 0.685018686599039 0.037731481481481484 0.0685264281900694
14 0.6172037037037037 0.6853977576081153 0.03383333333333333 0.06827549386011746
14 0.6599259259259259 0.6856486919380673 0.036000000000000004 0.06827549386011746
14 0.6983148148148147 0.6856486919380673 0.03556481481481481 0.07378003203416977
20 0.8520740740740741 0.697901761879338 0.03339814814814815 0.05226908702616124
20 0.8102222222222222 0.696401494927923 0.03730555555555556 0.053272824345969035
25 0.7928703703703703 0.782311799252536 0.048574074074074075 0.06552589428723972
14 0.40771296296296294 0.7764335290977042 0.03730555555555556 0.06927923117992525
14 0.36780555555555555 0.7741804591564335 0.03556481481481481 0.07177789642285104
14 0.3292037037037037 0.7731820608649226 0.03643518518518519 0.07127602776294714
15 0.2884351851851852 0.774554191137213 0.03816666666666667 0.07052856380138814
15 0.25026851851851856 0.7741804591564335 0.03556481481481481 0.07327816337426589
15 0.20949074074074073 0.7744313934863855 0.03643518518518519 0.07177789642285104