20 0.35106580166821133 0.3547763480392157 0.09544949026876737 0.07171262254901961
21 0.4418628359592215 0.352484681372549 0.08439295644114922 0.07222120098039216
17 0.519082483781279 0.3535386029411765 0.06747914735866543 0.07287683823529412
16 0.589935125115848 0.3531740196078431 0.05939759036144578 0.07265625
28 0.05630213160333642 0.5445833333333333 0.07250231696014829 0.07073835784313726
29 0.40642261353104725 0.5446875 0.08378127896200185 0.07305453431372548
29 0.4893883225208526 0.5434252450980392 0.0667377201112141 0.07263174019607843
5 0.7562187210379981 0.5414522058823529 0.08805375347544023 0.07447303921568628
4 0.8453938832252085 0.5410049019607843 0.08660797034291011 0.07410539215686274
4 0.9361631139944393 0.5478155637254902 0.09470806302131603 0.05879901960784313
4 0.9595180722891565 0.6291605392156863 0.08096385542168674 0.06368872549019608
4 0.8677479147358665 0.6298713235294118 0.09790546802594996 0.06353247549019608
4 0.7734754402224282 0.6278462009803921 0.09233549582947173 0.0663204656862745
5 0.6837349397590361 0.6282414215686274 0.08151992585727524 0.06763480392156862
29 0.4091102873030584 0.6267064950980392 0.0732622798887859 0.06509497549019608
29 0.32948100092678406 0.6258670343137255 0.07470806302131604 0.06551470588235295
15 0.13378127896200184 0.7393229166666667 0.06675625579240037 0.06520220588235294
14 0.2204911955514365 0.7384283088235294 0.06515291936978684 0.06446691176470588
0 0.9468303985171455 0.8561243872549019 0.10172381835032437 0.07683823529411765
1 0.8499443929564412 0.8588327205882353 0.09569972196478221 0.0743658088235294
2 0.7504263206672845 0.8574938725490197 0.09237256719184431 0.07536458333333333
22 0.2981371640407785 0.8559405637254902 0.08837812789620018 0.0780453431372549
22 0.19901760889712697 0.8578890931372549 0.0906209453197405 0.08299325980392157
24 0.1006858202038925 0.8584650735294118 0.09921223354958295 0.08099264705882353
25 0.3898609823911029 0.8578339460784313 0.1 0.08183517156862745