8 0.724139534883721 0.17352083333333335 0.053302325581395346 0.08015104166666666
7 0.5452 0.16904166666666667 0.06092093023255814 0.08143229166666667
7 0.4816186046511628 0.1677604166666667 0.058632558139534885 0.08313541666666667
6 0.6681767441860464 0.168828125 0.047972093023255814 0.08697395833333334
19 0.2851627906976744 0.15944791666666666 0.06015813953488372 0.08015104166666666
19 0.21930232558139534 0.15753124999999998 0.0593953488372093 0.08228125
22 0.3712093023255814 0.2903333333333334 0.05253953488372093 0.085265625
24 0.3099162790697675 0.28841666666666665 0.053302325581395346 0.08313541666666667
26 0.5097953488372092 0.29608854166666665 0.05710697674418605 0.08483854166666666
0 0.5695627906976743 0.29758333333333337 0.05482790697674418 0.08270833333333334
0 0.6259162790697674 0.29928645833333334 0.04873488372093023 0.079296875
0 0.6826418604651163 0.3016302083333333 0.055590697674418606 0.07802083333333334
0 0.740893023255814 0.3016302083333333 0.050260465116279074 0.07972395833333333
0 0.7972465116279069 0.3041875 0.053302325581395346 0.07802083333333334
0 0.8551162790697674 0.30504166666666666 0.05482790697674418 0.07972395833333333
0 0.9194511627906976 0.30525520833333336 0.058632558139534885 0.07673958333333333
0 0.9770511627906976 0.307171875 0.04589767441860466 0.07972395833333333
5 0.3552186046511628 0.42441666666666666 0.05710697674418605 0.08825
4 0.4176558139534884 0.42484375 0.055590697674418606 0.08740104166666667
12 0.47210232558139537 0.426546875 0.04416744186046511 0.07972395833333333
13 0.5212186046511628 0.42740104166666665 0.04644651162790698 0.08228125
20 0.816660465116279 0.440828125 0.04340465116279069 0.061390625000000004
18 0.8608558139534883 0.4405104166666666 0.041693023255813956 0.06088020833333333
21 0.9033953488372093 0.43971875 0.037748837209302326 0.0605625
21 0.946213953488372 0.44145833333333334 0.03887441860465116 0.060250000000000005
21 0.8000093023255814 0.5709427083333334 0.05295813953488372 0.075703125
21 0.743106976744186 0.571890625 0.0552093023255814 0.07507291666666666
20 0.5659255813953489 0.5703125 0.05690232558139535 0.07696875
18 0.6259255813953488 0.5709427083333334 0.05408372093023256 0.07633854166666666
18 0.6831069767441861 0.5715729166666667 0.055776744186046515 0.07507291666666666
17 0.8253767441860465 0.719046875 0.05084651162790697 0.07733854166666668
17 0.8813116279069767 0.7169114583333334 0.05592558139534883 0.07306770833333333
16 0.9419906976744186 0.7158229166666668 0.05564651162790698 0.07497395833333333
14 0.06376744186046511 0.71890625 0.04405581395348837 0.08633333333333333
25 0.9683627906976744 0.8871927083333334 0.0573860465116279 0.08016666666666666
29 0.4747627906976744 0.900015625 0.04637209302325582 0.08893229166666666
30 0.5254883720930232 0.8993645833333334 0.04927441860465116 0.08633333333333333
30 0.5770790697674418 0.898390625 0.0515906976744186 0.08633333333333333