20 0.32289814814814816 0.2258445040214477 0.07043518518518518 0.11678820375335121
20 0.39778703703703705 0.22563002680965147 0.0689537037037037 0.11807506702412869
20 0.16497222222222221 0.7054477211796247 0.05561111111111111 0.06354423592493298
20 0.19055555555555556 0.8052761394101876 0.03113888888888889 0.05453083109919571
21 0.2643240740740741 0.6032600536193029 0.05709259259259259 0.07557104557640751
21 0.22021296296296297 0.7069490616621984 0.05041666666666667 0.06311528150134048
21 0.14939814814814814 0.8037747989276139 0.036333333333333336 0.05410187667560322
18 0.23392592592592593 0.8044182305630027 0.04225925925925926 0.05453083109919571
18 0.27841666666666665 0.7050187667560321 0.05561111111111111 0.07041823056300268
6 0.3236481481481482 0.6062627345844505 0.05263888888888889 0.07900268096514745
30 0.43819444444444444 0.6047613941018767 0.05041666666666667 0.0820107238605898
15 0.4867592592592593 0.606911528150134 0.039296296296296294 0.08286863270777481
4 0.5920462962962962 0.608627345844504 0.04967592592592592 0.08028954423592494
3 0.6428425925925926 0.6088418230563003 0.047453703703703706 0.07728686327077747
3 0.5379259259259259 0.6060482573726541 0.05115740740740741 0.0820107238605898
13 0.6954814814814815 0.6109865951742628 0.04597222222222222 0.08158176943699733
24 0.7484999999999999 0.6118445040214476 0.05263888888888889 0.0824396782841823
10 0.8726851851851852 0.6131367292225202 0.056351851851851854 0.08158176943699733
4 0.6884351851851852 0.709313672922252 0.040777777777777774 0.07213404825737266
4 0.6402407407407408 0.7144664879356568 0.045231481481481484 0.07299195710455764
12 0.5920462962962962 0.7174691689008043 0.04671296296296296 0.07041823056300268
14 0.5008518518518518 0.7097426273458446 0.039296296296296294 0.06698123324396783
8 0.33587962962962964 0.7090991957104558 0.047453703703703706 0.07427882037533512
7 0.44746296296296295 0.7086702412868633 0.05561111111111111 0.07771581769436997
3 0.32587037037037037 0.8080697050938338 0.04967592592592592 0.06011260053619303
0 0.3788796296296296 0.8042037533512064 0.047453703703703706 0.06612332439678284
1 0.4315277777777778 0.8037747989276139 0.047453703703703706 0.07041823056300268
6 0.5597962962962963 0.8074209115281501 0.048935185185185186 0.06741018766756032
19 0.2011574074074074 0.6012332439678284 0.0545 0.0756461126005362