1 0.6183364839319471 0.119 0.07472589792060491 0.09170833333333334
0 0.690586011342155 0.11968229166666666 0.05934782608695652 0.0926875
18 0.04470699432892249 0.26963020833333334 0.08771266540642722 0.11481770833333332
21 0.04580340264650284 0.5917291666666666 0.06668241965973534 0.07980729166666665
21 0.11194706994328922 0.59021875 0.06089792060491494 0.07999479166666666
5 0.25847826086956527 0.5882031249999999 0.0626086956521739 0.08868229166666668
5 0.3222589792060491 0.5873229166666667 0.05935727788279773 0.08778124999999999
8 0.17920604914933838 0.5870364583333333 0.06604914933837429 0.08621354166666667
14 0.3763894139886579 0.5877760416666666 0.04370510396975426 0.08622395833333334
14 0.4246124763705104 0.587796875 0.04910207939508507 0.08663020833333333
30 0.47607750472589794 0.5870052083333334 0.0481758034026465 0.08377604166666666
12 0.5300850661625709 0.58775 0.05214555765595463 0.08467708333333333
24 0.7336578449905482 0.5922760416666667 0.06295841209829868 0.08604166666666666
24 0.7936578449905483 0.5924947916666666 0.049716446124763704 0.08154687499999999
10 0.8487807183364839 0.5907395833333333 0.05226843100189035 0.08316145833333333
10 0.9053308128544424 0.5895416666666667 0.05389413988657845 0.08303645833333334
19 0.04062381852551985 0.7366302083333333 0.059820415879017014 0.080484375
6 0.09761814744801513 0.7332552083333332 0.04941398865784499 0.08926562499999999
7 0.15867674858223063 0.7375468749999999 0.06533081285444235 0.08221354166666667
7 0.23165406427221172 0.7348020833333333 0.06550094517958412 0.08122916666666667
14 0.29992438563327034 0.732578125 0.051323251417769375 0.0839375
14 0.3534971644612476 0.7339427083333334 0.04764650283553875 0.08478125
3 0.41137996219281664 0.7307708333333333 0.05813799621928166 0.086109375
3 0.4727504725897921 0.7297135416666667 0.05776937618147448 0.08535937499999999
4 0.5353591682419659 0.7285468749999999 0.060122873345935725 0.08697916666666666
10 0.730274102079395 0.737734375 0.06206049149338374 0.08496354166666667
11 0.7917769376181475 0.7353854166666667 0.05456521739130434 0.08374479166666667
18 0.07342155009451796 0.8794114583333333 0.05818525519848772 0.07908333333333334
12 0.4217391304347826 0.8793229166666666 0.05510396975425331 0.08188541666666667
27 0.4789603024574669 0.8806510416666666 0.052060491493383744 0.0846875
27 0.5371361058601134 0.8797499999999999 0.05503780718336484 0.08153645833333334
27 0.5982514177693762 0.8773802083333333 0.054102079395085066 0.081109375
20 0.6487429111531191 0.8887708333333334 0.04090737240075615 0.06344791666666666
20 0.6935822306238185 0.8893229166666666 0.04320415879017013 0.064046875
18 0.7731852551984877 0.8821041666666667 0.04099243856332703 0.061828125
18 0.8260018903591683 0.890984375 0.04890359168241966 0.062765625