20 0.08406614785992218 0.7317760416666667 0.07736381322957199 0.10336458333333334
18 0.16916342412451363 0.7301666666666667 0.06733463035019455 0.09657291666666666
21 0.24892023346303502 0.7273072916666667 0.07332684824902723 0.09800520833333333
8 0.33118677042801553 0.7259687499999999 0.07431906614785992 0.10068229166666667
6 0.4111089494163424 0.7264166666666667 0.07730544747081712 0.10693749999999999
7 0.5762256809338522 0.7265937499999999 0.07062256809338521 0.10377083333333334
11 0.7256712062256809 0.727109375 0.06921206225680934 0.10198958333333333
11 0.8036284046692607 0.72734375 0.06866731517509728 0.10527083333333334
10 0.8856031128404669 0.72809375 0.0768774319066148 0.10677083333333333
10 0.9645428015564201 0.9249791666666667 0.07091439688715954 0.10736458333333333
11 0.8149124513618677 0.9264479166666667 0.071284046692607 0.10890104166666667
11 0.8878599221789883 0.924984375 0.07126459143968872 0.11294270833333334
29 0.059231517509727626 0.9290937499999999 0.07626459143968872 0.10443229166666666
18 0.1523735408560311 0.9279791666666667 0.06713035019455253 0.10219791666666667
21 0.24133268482490272 0.9276979166666667 0.07049610894941634 0.101640625