1 0.1365330661322645 0.4031574074074074 0.03864729458917836 0.08562037037037037
1 0.17807615230460921 0.40521296296296294 0.03369739478957916 0.0851574074074074
1 0.2205310621242485 0.40676851851851853 0.03555110220440882 0.08711111111111111
20 0.25833667334669336 0.398287037037037 0.03678356713426854 0.10451851851851851
10 0.29588176352705414 0.40876851851851853 0.03140280561122245 0.08768518518518519
10 0.32792585170340677 0.4099722222222222 0.030280561122244486 0.08894444444444445
6 0.4218637274549098 0.41621296296296295 0.03468937875751503 0.08653703703703704
7 0.46227454909819643 0.41916666666666663 0.03617234468937876 0.08613888888888889
14 0.6067735470941883 0.4086851851851852 0.024519038076152303 0.08693518518518518
12 0.7965731462925852 0.4176759259259259 0.03035070140280561 0.08774074074074074
13 0.8340981963927855 0.41864814814814816 0.031643286573146294 0.08854629629629629
4 0.868376753507014 0.41968518518518516 0.032014028056112226 0.09289814814814815
5 0.9411422845691383 0.42171296296296296 0.0337374749498998 0.0929537037037037
15 0.9099999999999999 0.42303703703703704 0.02909819639278557 0.08986111111111111