0 0.11474151234567902 0.38597095212479826 0.02790895061728395 0.08925228617536309
0 0.1422800925925926 0.38864443249058633 0.025046296296296296 0.09071005917159763
15 0.3660763888888889 0.40127487896718667 0.018838734567901232 0.08877353415814955
14 0.3850192901234568 0.40306616460462613 0.016890432098765434 0.09003765465303927
14 0.40121141975308644 0.4012694997310382 0.013055555555555556 0.09266272189349112
3 0.5602816358024691 0.4057235072619688 0.023094135802469135 0.08912856374394836
5 0.584903549382716 0.4088273265196342 0.02330246913580247 0.08679935449166219
5 0.6067361111111111 0.4106239913932222 0.020725308641975308 0.08806347498655191
4 0.6299961419753086 0.4140236686390532 0.02379243827160494 0.08709521247982786
4 0.6525964506172839 0.41480365788058093 0.02107638888888889 0.0894298009682625
12 0.6735030864197531 0.41955890263582574 0.01850308641975309 0.08537385691231845
13 0.6948572530864198 0.4201129639591178 0.02183641975308642 0.08648197955890265
13 0.7161844135802469 0.4098870360408822 0.018337191358024692 0.08846691769768693
30 0.7368557098765433 0.41531468531468535 0.01945601851851852 0.0857396449704142
30 0.7574922839506173 0.41693921463152234 0.02050925925925926 0.08544378698224853