18 0.13857276119402986 0.053468749999999995 0.06193097014925373 0.08550520833333333
18 0.20676305970149253 0.06085416666666667 0.06628731343283582 0.07594791666666666
18 0.2779011194029851 0.06238020833333333 0.0603544776119403 0.07203645833333333
18 0.3392350746268657 0.06085416666666667 0.0559794776119403 0.07594791666666666
18 0.4024440298507463 0.06207291666666667 0.0603358208955224 0.07698958333333333
7 0.46123134328358206 0.062000000000000006 0.051940298507462686 0.07836458333333333
7 0.5182835820895523 0.06102083333333333 0.05114738805970149 0.08046875
7 0.6666791044776119 0.064703125 0.05489738805970149 0.08072395833333333
10 0.7256716417910447 0.06289583333333333 0.05364738805970149 0.08370833333333333
20 0.17907649253731342 0.38173437499999996 0.06742537313432836 0.09723958333333332
20 0.18869402985074626 0.6727291666666667 0.05973880597014926 0.07442708333333334
18 0.2475746268656716 0.6691041666666667 0.05571828358208955 0.07719791666666667
21 0.31406716417910446 0.6632395833333333 0.054104477611940295 0.07191666666666667
19 0.3722388059701493 0.663015625 0.05121268656716418 0.07146875
8 0.46992537313432836 0.65790625 0.058059701492537315 0.07313020833333334
7 0.5213992537313433 0.6570104166666667 0.0428544776119403 0.07094270833333334
30 0.6252798507462686 0.6580052083333333 0.04134328358208955 0.07293229166666666
30 0.6786660447761194 0.6576354166666667 0.051305970149253734 0.07616145833333333
1 0.7500652985074627 0.6532604166666667 0.05246268656716418 0.076953125
0 0.8049253731343283 0.6545520833333334 0.05611007462686567 0.07238541666666666
5 0.47419776119402984 0.7666666666666667 0.04968283582089552 0.07940104166666666
4 0.5280037313432836 0.7672447916666666 0.04751865671641791 0.07824479166666666
4 0.580009328358209 0.7619114583333333 0.04669776119402985 0.07219270833333334
13 0.6323787313432836 0.7687395833333334 0.04742537313432836 0.07294791666666667
12 0.682108208955224 0.7656562499999999 0.048656716417910445 0.07277083333333333
27 0.7319869402985075 0.7598072916666666 0.04689365671641791 0.07582291666666667
1 0.7859981343283582 0.7594635416666667 0.05173507462686567 0.06959895833333334
9 0.33587686567164177 0.9045052083333334 0.04754664179104477 0.07980729166666665
10 0.3866138059701492 0.9065677083333333 0.05003731343283582 0.074359375
11 0.434384328358209 0.8968645833333333 0.041828358208955224 0.07780729166666665
1 0.581856343283582 0.8982604166666667 0.05502798507462687 0.07634375
0 0.6365858208955224 0.8942708333333333 0.05025186567164179 0.07368749999999999
0 0.6847108208955224 0.8930104166666666 0.046576492537313434 0.06956770833333333