19 0.5064488017429194 0.42724409448818895 0.06143790849673202 0.14090288713910762
21 0.4455882352941177 0.4263937007874016 0.055882352941176466 0.13840419947506563
20 0.3904847494553377 0.42849343832021 0.051192810457516336 0.12999475065616797
20 0.32332788671023965 0.43055118110236223 0.06476579520697168 0.12938057742782152
19 0.2571296296296296 0.42972178477690287 0.062619825708061 0.1324461942257218
19 0.194161220043573 0.43099212598425196 0.056928104575163396 0.12710761154855643
19 0.13830065359477123 0.43204199475065613 0.05809912854030501 0.12920734908136483
20 0.07828431372549019 0.42825196850393704 0.05831154684095861 0.13818372703412074
23 0.4774346405228758 0.6338162729658793 0.0745806100217865 0.12594225721784777
23 0.3902178649237473 0.6355013123359581 0.07520152505446623 0.1253753280839895
26 0.8212418300653594 0.8431653543307087 0.05459694989106754 0.13860892388451443
7 0.7648148148148148 0.8424619422572179 0.055452069716775604 0.1309028871391076
1 0.618099128540305 0.8459895013123359 0.0556917211328976 0.1308556430446194
1 0.5575599128540305 0.8527979002624672 0.05895424836601307 0.12634120734908136
1 0.4989324618736383 0.8510236220472441 0.05622004357298475 0.12988976377952755
0 0.443099128540305 0.8463832020997375 0.05661764705882353 0.13006824146981627