20 0.45313253012048194 0.2956388888888889 0.06271084337349397 0.10077777777777779
20 0.5198042168674698 0.2929537037037037 0.06153614457831325 0.10005555555555556
21 0.7141566265060241 0.42412037037037037 0.05676204819277108 0.07765740740740741
21 0.6525602409638555 0.4230092592592593 0.05391566265060241 0.08133333333333334
18 0.5962951807228916 0.42721296296296296 0.0532078313253012 0.0779537037037037
20 0.5360692771084338 0.42492592592592593 0.05358433734939759 0.07928703703703703
9 0.17201807228915664 0.5436851851851852 0.06953313253012049 0.07374074074074075
11 0.2309036144578313 0.5449814814814815 0.04018072289156627 0.06830555555555555
10 0.2745030120481928 0.5451851851851851 0.040813253012048196 0.06864814814814815
0 0.32326807228915666 0.5456203703703704 0.04694277108433735 0.07157407407407407
1 0.3788102409638554 0.5469351851851852 0.05549698795180723 0.07351851851851852
5 0.43456325301204823 0.5439351851851852 0.043674698795180725 0.07572222222222222
4 0.48927710843373495 0.5432407407407408 0.05460843373493975 0.0770925925925926
15 0.6493373493975904 0.5472777777777778 0.043524096385542166 0.07399074074074073
14 0.6949548192771084 0.5445185185185185 0.04204819277108434 0.07337962962962963
13 0.7470030120481927 0.536962962962963 0.049412650602409645 0.09258333333333332
12 0.7967319277108433 0.5442962962962963 0.04254518072289157 0.07723148148148148
29 0.8480120481927711 0.5453703703703704 0.05003012048192771 0.07508333333333334
30 0.9007379518072289 0.5448148148148148 0.046822289156626506 0.07825