20 0.33621352785145886 0.3057314814814815 0.02923076923076923 0.10225000000000001
20 0.36572944297082227 0.3010185185185185 0.028587533156498673 0.08712962962962963
20 0.3923872679045093 0.31307407407407406 0.026299734748010607 0.06778703703703703
26 0.6241379310344828 0.13760185185185186 0.03407161803713528 0.11712037037037036
27 0.6789854111405835 0.14731481481481482 0.034814323607427054 0.12301851851851853
7 0.7493965517241379 0.1705185185185185 0.0335079575596817 0.10746296296296297
11 0.7804641909814324 0.1689351851851852 0.029648541114058357 0.11141666666666666
10 0.8130901856763927 0.1695648148148148 0.03470159151193634 0.11411111111111111
1 0.8467705570291778 0.1779537037037037 0.03423076923076923 0.10524074074074073
0 0.8812798408488064 0.17698148148148146 0.03438328912466843 0.10401851851851852
5 0.7388129973474802 0.35274074074074074 0.030000000000000002 0.09868518518518518