20 0.5961812297734628 0.3933888888888889 0.07283171521035599 0.12104629629629629
20 0.6770064724919094 0.39425000000000004 0.07283171521035599 0.11818518518518518
20 0.47245954692556635 0.5849444444444445 0.06485436893203883 0.08963888888888889
20 0.542799352750809 0.5829537037037037 0.05786407766990291 0.08907407407407408
12 0.4046116504854369 0.5860925925925926 0.06286407766990292 0.09877777777777778
5 0.26841423948220067 0.5895185185185184 0.06186084142394822 0.1022037037037037
4 0.33576051779935273 0.5875185185185186 0.06286407766990292 0.10162962962962964
3 0.19805825242718447 0.5906574074074074 0.060857605177993525 0.09991666666666667
30 0.12771844660194176 0.5932314814814815 0.059870550161812294 0.10276851851851851
15 0.06236245954692556 0.5946574074074075 0.05886731391585761 0.09877777777777778
8 0.8127346278317151 0.5730185185185185 0.0590453074433657 0.08710185185185185
7 0.9368122977346279 0.5687962962962962 0.059967637540453075 0.09026851851851851
6 0.7477022653721682 0.575925925925926 0.05627831715210356 0.08868518518518519
21 0.6775889967637541 0.5793518518518519 0.059967637540453075 0.0860462962962963
21 0.609789644012945 0.5812037037037038 0.06457928802588996 0.08974074074074075
9 0.515453074433657 0.7276203703703704 0.05334951456310679 0.09157407407407409
11 0.24966019417475727 0.8619629629629629 0.06016181229773463 0.07844444444444444
11 0.3166504854368932 0.8594722222222222 0.05521035598705501 0.0798611111111111
10 0.3845631067961165 0.8532592592592593 0.06699029126213592 0.08234259259259259
1 0.5492556634304208 0.8397777777777778 0.05768608414239482 0.08376851851851852
0 0.6122168284789644 0.8339166666666666 0.05457928802588996 0.07631481481481482
27 0.837378640776699 0.8184814814814815 0.05210355987055017 0.0787962962962963
27 0.8922653721682847 0.8165277777777779 0.05024271844660194 0.07631481481481482
27 0.9545954692556635 0.8156388888888889 0.04962783171521036 0.0759537037037037
21 0.7598381877022653 0.8381759259259259 0.047135922330097085 0.061407407407407404
21 0.7018446601941748 0.8353425925925926 0.04155339805825243 0.06566666666666666