20 0.07538126361655774 0.0817741935483871 0.05260893246187364 0.1480430107526882
20 0.1325054466230937 0.08487096774193549 0.053001089324618736 0.15269354838709676
18 0.1904193899782135 0.08545161290322581 0.05260893246187364 0.15153225806451615
11 0.9293137254901961 0.10153763440860215 0.04397058823529412 0.13563978494623655
10 0.9760457516339869 0.09746774193548387 0.04791394335511982 0.1360268817204301
9 0.8847549019607843 0.10173118279569893 0.03965141612200435 0.127505376344086
9 0.8409749455337691 0.09843548387096775 0.04083333333333333 0.13331720430107527
18 0.0662962962962963 0.30368279569892476 0.048529411764705876 0.14371505376344085
18 0.18524509803921568 0.306252688172043 0.06196623093681917 0.13772580645161292
20 0.12371459694989106 0.30475268817204304 0.055032679738562094 0.13986559139784946
20 0.07539760348583878 0.5716559139784946 0.0415958605664488 0.09795161290322581
20 0.09088235294117648 0.47793548387096774 0.0434313725490196 0.06668817204301075
20 0.135119825708061 0.48058064516129034 0.035925925925925924 0.06456989247311827
21 0.17734749455337692 0.4811075268817204 0.04316448801742919 0.06933333333333334
19 0.22211873638344226 0.47568279569892474 0.03887254901960784 0.07541935483870968
19 0.2122004357298475 0.5758494623655913 0.037799564270152505 0.0931505376344086
21 0.1682298474945534 0.5741290322580646 0.042091503267973854 0.10294623655913977
18 0.12104575163398694 0.5721451612903226 0.039411764705882354 0.1079731182795699
6 0.2536165577342048 0.5716182795698925 0.03270697167755991 0.11379569892473118
0 0.3313671023965142 0.5820698924731184 0.04021241830065359 0.10453225806451613
0 0.3756045751633987 0.5831290322580645 0.042358387799564266 0.104
1 0.4221187363834423 0.5837903225806451 0.04477124183006536 0.1085
1 0.4695697167755991 0.5860376344086021 0.03994553376906318 0.10611827956989248
23 0.5150108932461873 0.5840537634408601 0.04182461873638345 0.10955913978494623
1 0.6331100217864924 0.5974193548387097 0.039411764705882354 0.11194086021505377
1 0.6790904139433551 0.5991397849462367 0.04182461873638345 0.1026774193548387
23 0.724128540305011 0.5931827956989247 0.04182461873638345 0.10770967741935485
30 0.8046895424836602 0.5886827956989248 0.03404684095860566 0.113
13 0.8428921568627451 0.587758064516129 0.03753267973856209 0.11220430107526881
12 0.8812309368191722 0.587758064516129 0.03538671023965142 0.11326344086021504
14 0.8103213507625272 0.7641397849462366 0.03136710239651416 0.08759677419354839
15 0.776541394335512 0.7642741935483871 0.032973856209150325 0.08468279569892473
3 0.7380664488017429 0.7613602150537635 0.03699891067538127 0.0868010752688172
3 0.6978540305010893 0.7661236559139785 0.03699891067538127 0.08732795698924732
5 0.6552287581699346 0.7700913978494623 0.03860566448801743 0.08732795698924732
5 0.4309640522875817 0.7544784946236559 0.03565904139433551 0.08891935483870966
3 0.4735947712418301 0.759241935483871 0.04101851851851852 0.08732795698924732
3 0.5159531590413943 0.7621559139784946 0.03887254901960784 0.08151075268817205
15 0.5565686274509803 0.7661236559139785 0.03753267973856209 0.08521505376344087
5 0.38559912854030504 0.9108602150537635 0.03386710239651416 0.06984408602150538
4 0.3480174291938998 0.9066451612903226 0.030838779956427014 0.06903225806451613
21 0.4678649237472767 0.9179838709677419 0.02911764705882353 0.08094623655913978
21 0.5053921568627451 0.9169247311827957 0.0304520697167756 0.08094623655913978
21 0.7005228758169935 0.9211451612903225 0.03071895424836601 0.08094623655913978
21 0.734983660130719 0.9163978494623656 0.029651416122004354 0.08147311827956989
21 0.9315849673202615 0.9111236559139785 0.026443355119825707 0.082
20 0.7978921568627452 0.9161344086021506 0.02724400871459695 0.07093010752688172
18 0.7685076252723312 0.9149516129032258 0.02831699346405229 0.07804838709677418
18 0.5393191721132898 0.9207526881720429 0.028850762527233113 0.08068279569892473
20 0.5712363834422658 0.9248387096774193 0.031786492374727665 0.07514516129032259
5 0.6175816993464053 0.9274731182795698 0.037930283224400875 0.07093010752688172