4 0.31128632313056953 0.30546875 0.040162727624951565 0.10763541666666666
20 0.07417667570709027 0.46481770833333336 0.04186749321968229 0.14519270833333334
20 0.19513366912049593 0.47659375 0.04072839984502131 0.12771875
20 0.23944207671445175 0.47727604166666665 0.03891127469972879 0.11540625
18 0.11968229368461836 0.4791770833333333 0.03339403332041844 0.123765625
18 0.1554010073614878 0.47826562499999997 0.03700503680743898 0.11586458333333334
21 0.2763076327005037 0.4775052083333333 0.03350639287098024 0.11738541666666666
21 0.31332816737698566 0.47385937499999997 0.040848508330104616 0.11616666666666667
21 0.3543587756683456 0.47515104166666666 0.03473847345989926 0.11722916666666668
19 0.39409143742735375 0.477203125 0.0384618364974816 0.11069791666666666
4 0.7571483920960868 0.5154270833333333 0.03316543975203409 0.10964062499999999
4 0.7895893064703603 0.5166406250000001 0.03248353351414181 0.11207291666666667
4 0.8210151104223169 0.519984375 0.027504843084075938 0.10660416666666667
12 0.8526656334753971 0.5200625 0.032018597442851605 0.105234375
13 0.8826772568771795 0.5200625 0.027609453700116235 0.105234375
0 0.9522045718713676 0.38183854166666664 0.03327005036807439 0.08865625
1 0.9208950019372336 0.384046875 0.03169314219294847 0.09154166666666666
22 0.8874351026733823 0.3772083333333333 0.03260364199922511 0.099140625
11 0.8138434715226657 0.37766145833333337 0.028988764044943816 0.09701041666666667
10 0.731263076327005 0.37211458333333336 0.0333979077876792 0.10415104166666667
7 0.6640023246803565 0.34536458333333336 0.0333979077876792 0.10535937499999999