19 0.025218106995884775 0.14466630785791174 0.014775720164609055 0.08404736275565124
18 0.04033744855967078 0.14697524219590957 0.015648148148148147 0.08580193756727664
20 0.055930041152263375 0.14973089343379978 0.015271604938271604 0.0898708288482239
21 0.07218724279835391 0.1504843918191604 0.015397119341563785 0.08995156081808396
20 0.1298724279835391 0.14707750269106565 0.017413580246913578 0.1111248654467169
18 0.1483477366255144 0.14858988159311087 0.017858024691358027 0.11128632938643704
0 0.16310493827160494 0.16243272335844997 0.0127880658436214 0.08440258342303551
0 0.17643415637860083 0.1651237890204521 0.014195473251028806 0.08620021528525296
0 0.19022633744855966 0.1646232508073197 0.014061728395061729 0.08878902045209904
11 0.20393004115226337 0.16320775026910658 0.013195473251028806 0.09242195909580193
10 0.23950205761316873 0.12269106566200216 0.016113168724279835 0.10327771797631861
9 0.2545082304526749 0.12472012917115177 0.014446502057613168 0.10518299246501615
9 0.2688045267489712 0.12472012917115177 0.014222222222222223 0.10518299246501615
24 0.4550102880658436 0.14597416576964478 0.01363374485596708 0.08738966630785791
24 0.4686748971193416 0.1431054897739505 0.014063786008230451 0.0931324004305705
23 0.4828271604938272 0.1402744886975242 0.013823045267489713 0.09321313240043057
23 0.4963395061728395 0.13859526372443487 0.013948559670781895 0.09417115177610334
27 0.5135514403292182 0.1320182992465016 0.014890946502057615 0.10254574811625404
3 0.6618292181069958 0.1698654467168999 0.01090329218106996 0.08347685683530678
4 0.6738477366255144 0.1682508073196986 0.014627572016460906 0.08670613562970936
5 0.7060987654320987 0.1290043057050592 0.014905349794238682 0.10298708288482239
30 0.7189382716049383 0.1327556512378902 0.011491769547325103 0.09469321851453176
13 0.7311995884773663 0.13361141011840688 0.013508230452674899 0.0913832077502691
15 0.7430061728395062 0.13598493003229278 0.009948559670781893 0.0882292787944026
15 0.7540390946502058 0.13385360602798707 0.01198148148148148 0.09329386437029064
15 0.7671460905349794 0.14428417653390743 0.01047119341563786 0.07323466092572659