19 0.39494382022471913 0.15025925925925926 0.06617977528089887 0.07460185185185185
18 0.47195826645264843 0.1567314814814815 0.07052969502407705 0.07675925925925926
18 0.531669341894061 0.17242592592592593 0.04653290529695024 0.053287037037037036
21 0.5917656500802568 0.16919444444444443 0.06849117174959872 0.07200000000000001
24 0.7698073836276083 0.18506481481481482 0.05040128410914928 0.07047222222222223
23 0.8274157303370787 0.19365740740740742 0.04712680577849117 0.06697222222222222
0 0.8006741573033708 0.31599074074074074 0.05324237560192616 0.06803703703703703
3 0.8831621187800963 0.45805555555555555 0.05290529695024077 0.07542592592592592
3 0.8285553772070627 0.4552962962962963 0.05064205457463884 0.0764537037037037
3 0.776115569823435 0.45632407407407405 0.05436597110754414 0.07664814814814815
3 0.7167255216693419 0.45310185185185187 0.0603852327447833 0.07861111111111112
4 0.6548154093097913 0.4540370370370371 0.061348314606741575 0.08048148148148149
4 0.5909630818619583 0.45034259259259257 0.06330658105939005 0.0796388888888889
5 0.5287961476725521 0.4464166666666667 0.05730337078651686 0.08674074074074074
5 0.46446227929374 0.4466481481481481 0.06800963081861958 0.08626851851851852
5 0.3931621187800963 0.4429537037037037 0.06800963081861958 0.08767592592592592
5 0.32362760834670945 0.44253703703703706 0.06834670947030497 0.08925925925925926
15 0.45041733547351526 0.6053333333333333 0.054895666131621196 0.08250925925925925
14 0.5069020866773676 0.6040833333333333 0.04531300160513644 0.0793611111111111
29 0.7035152487961477 0.5995185185185186 0.050754414125200646 0.07665740740740741
30 0.7548154093097913 0.5997777777777777 0.04974317817014446 0.07716666666666668
28 0.8982182985553773 0.5973981481481482 0.047961476725521666 0.07369444444444445
13 0.3343017656500803 0.7751203703703704 0.06113964686998395 0.08655555555555557
13 0.2622632423756019 0.7789074074074074 0.062776886035313 0.09318518518518519
12 0.19540930979133225 0.7828703703703703 0.06829855537720705 0.09272222222222222
6 0.7440609951845907 0.9232037037037036 0.05149277688603531 0.0869537037037037
8 0.8025842696629213 0.9158981481481481 0.06097913322632424 0.08694444444444445