20 0.8141680960548886 0.3300277777777778 0.07320754716981132 0.11107407407407408
20 0.8936363636363637 0.33287037037037037 0.064631217838765 0.10609259259259259
18 0.960566037735849 0.3348333333333333 0.060017152658662094 0.10715740740740741
15 0.02144082332761578 0.30492592592592593 0.04286449399656946 0.09576851851851853
15 0.07881646655231561 0.3090185185185185 0.05078902229845626 0.09612037037037037
30 0.13751286449399658 0.31257407407407406 0.05869639794168096 0.0975462962962963
12 0.19850771869639794 0.31507407407407406 0.05276157804459691 0.09612037037037037
12 0.2558833619210978 0.31774074074074077 0.05276157804459691 0.09362962962962963
13 0.31457975986277875 0.32308333333333333 0.05934819897084048 0.09932407407407406
1 0.4452144082332762 0.47878703703703707 0.06334476843910807 0.08643518518518518
0 0.5130874785591767 0.4827314814814815 0.06682675814751286 0.08530555555555555
18 0.5809777015437393 0.4870555555555555 0.06056603773584906 0.0856851851851852
19 0.6485077186963979 0.4906203703703704 0.06614065180102917 0.08380555555555556
21 0.7167238421955403 0.4900555555555555 0.06056603773584906 0.08342592592592592