18 0.024083333333333335 0.2392361484669177 0.04816666666666667 0.1021301775147929
18 0.09090740740740741 0.24203335126412048 0.07826851851851852 0.1021301775147929
21 0.34737962962962965 0.2500753093060785 0.07344444444444444 0.1000322754168908
21 0.4256388888888889 0.25392684238838087 0.06622222222222222 0.0993329747175901
21 0.5002962962962964 0.2542764927380312 0.06381481481481481 0.09863367401828942
19 0.5719351851851853 0.25462614308768156 0.0602037037037037 0.0979343733189887
19 0.6483981481481481 0.25882194728348573 0.06381481481481481 0.09653577192038731
19 0.7206388888888888 0.2591715976331361 0.05659259259259259 0.1000322754168908
6 0.41405555555555557 0.4174448628294782 0.06675925925925925 0.09888649811726735
7 0.5442592592592592 0.4192253899946208 0.05198148148148148 0.09592253899946207
8 0.03185185185185185 0.41211941904249594 0.0637037037037037 0.10184507799892416
24 0.22352777777777777 0.5612157073695535 0.06931481481481482 0.09663797740720818
26 0.5367222222222222 0.5607154384077461 0.061509259259259264 0.09563206024744486
26 0.5991018518518518 0.5607154384077461 0.05631481481481482 0.09865519096288328
25 0.65975 0.563986013986014 0.05631481481481482 0.09412587412587411
25 0.7238611111111111 0.5627272727272726 0.0580462962962963 0.09362022592791823
25 0.7858148148148147 0.5619741796664873 0.060648148148148145 0.09714362560516407
25 0.8490555555555556 0.5599569661108122 0.057185185185185186 0.09814954276492738
14 0.15335185185185185 0.6953577192038731 0.04678703703703704 0.09513179128563744
14 0.20187037037037037 0.7021516944593867 0.05025 0.1016729424421732
30 0.3153611111111111 0.7011457772996235 0.06237962962962963 0.09865519096288328
29 0.3734166666666667 0.7008929532006455 0.05198148148148148 0.1021785906401291
29 0.431462962962963 0.6996342119419042 0.05544444444444445 0.09663797740720818
4 0.2928425925925926 0.858687466379774 0.06584259259259259 0.09764927380311995
3 0.36475 0.858940290478752 0.060648148148148145 0.1011726734803658
3 0.4331944444444445 0.8533996772458311 0.060648148148148145 0.100161377084454
12 0.4973055555555556 0.8544109736417428 0.05544444444444445 0.09814954276492738
12 0.5596851851851852 0.8544109736417428 0.05371296296296296 0.09814954276492738
13 0.6172962962962962 0.8511350188273266 0.04937962962962963 0.1016729424421732
0 0.7351296296296297 0.8511350188273266 0.0580462962962963 0.09160839160839161
1 0.8022777777777778 0.8488703604088219 0.05544444444444445 0.09311457772996234
1 0.86725 0.8493760086067779 0.058916666666666666 0.08808499193114577
2 0.9352592592592593 0.8430823023130716 0.061509259259259264 0.08556750941366326