20 0.13938134810710986 0.4095462962962963 0.02808864265927978 0.07175
23 0.2771929824561403 0.3924074074074074 0.037026777469990765 0.09772222222222222
24 0.3153739612188366 0.3871388888888889 0.03397968605724838 0.09619444444444444
14 0.35605724838411823 0.38613888888888886 0.02695290858725762 0.09739814814814815
15 0.38727608494921517 0.39296296296296296 0.03175438596491228 0.08536111111111111
13 0.42934441366574333 0.38449074074074074 0.033259464450600185 0.09988888888888889
0 0.4667220683287165 0.3827222222222222 0.040138504155124655 0.09378703703703704
30 0.5083194829178208 0.37875000000000003 0.03941828254847645 0.09932407407407406
3 0.11118190212373037 0.5147870370370371 0.04149584487534626 0.0970462962962963
10 0.15356417359187444 0.5152407407407408 0.033748845798707294 0.09311111111111112
19 0.1916343490304709 0.5164444444444445 0.037479224376731304 0.09068518518518519
18 0.22975069252077562 0.5167037037037037 0.03566020313942751 0.09119444444444444