23 0.08331481481481481 0.38719701014415375 0.0580462962962963 0.07423918846769889
25 0.13880555555555554 0.38572877736252004 0.045953703703703705 0.07320875600640683
26 0.1865462962962963 0.385018686599039 0.046907407407407405 0.07304858515750133
27 0.2375925925925926 0.3844634276561666 0.05117592592592593 0.0725734116390817
24 0.28958333333333336 0.38699946609717034 0.049666666666666665 0.07384410037373199
8 0.4506574074074074 0.3886225306994127 0.050888888888888886 0.07138814735718099
7 0.5069166666666667 0.388505072076882 0.054592592592592595 0.06924719701014415
1 0.5606388888888889 0.39028296849973304 0.04663888888888889 0.06647624132407902
0 0.6124907407407407 0.3921890016017085 0.05143518518518518 0.06901227976508276
21 0.7264537037037038 0.38993059263214097 0.04965740740740741 0.06322477309129738
21 0.7838796296296296 0.3918686599038975 0.050194444444444444 0.06330485851575013
20 0.8397222222222221 0.3914735718099306 0.04758333333333333 0.06251468232781635
20 0.9006481481481482 0.3970208222103577 0.03975925925925926 0.07360918312867058
30 0.9504444444444444 0.3932995194874533 0.051425925925925924 0.08264281900694073
3 0.24049074074074075 0.5006139882541377 0.044981481481481476 0.07695675387079551
4 0.29312037037037036 0.5013934863854779 0.05065740740740741 0.07539241857981847
5 0.3448148148148148 0.5018633208756006 0.049046296296296296 0.07758142018152696
13 0.3931296296296296 0.5051041110517885 0.040657407407407406 0.07656700480512546
12 0.43817592592592597 0.5038921516284036 0.03983333333333334 0.07352375867592098
16 0.21650925925925926 0.5858996262680193 0.05341666666666667 0.0493699946609717
16 0.2690462962962963 0.597367859049653 0.04569444444444445 0.06856914041644421
16 0.3167685185185185 0.5974853176721836 0.04457407407407407 0.06833422317138281
16 0.3687037037037037 0.597367859049653 0.05025 0.0709076348104645
17 0.42185185185185187 0.5986865990389748 0.04619444444444445 0.07120128136679126
17 0.476925925925926 0.6017298451681794 0.05248148148148148 0.0697971169247197
17 0.5309907407407408 0.6024612920448479 0.04618518518518519 0.0712600106780566
28 0.30071296296296296 0.6924292578750668 0.04578703703703704 0.06788040576615056
12 0.3761574074074074 0.6903416978109984 0.04041666666666666 0.06531233315536572
12 0.42077777777777775 0.6904057661505607 0.04356481481481481 0.07192738921516284
12 0.4675648148148148 0.6911852642819006 0.0435462962962963 0.07239722370528563
29 0.5119074074074074 0.6912172984516819 0.048018518518518516 0.06490656700480513
14 0.6406296296296297 0.6929044313934863 0.03503703703703704 0.06558462359850507
14 0.6822685185185186 0.6942498665242925 0.032231481481481486 0.06558462359850507
14 0.7239629629629629 0.6945541911372131 0.034212962962962966 0.06835024025627337
3 0.8161851851851852 0.6940523224773092 0.045537037037037036 0.06463961558996262
3 0.8713333333333333 0.696444207154298 0.04822222222222222 0.06457554725040043
15 0.25911111111111107 0.7752749599572877 0.0399537037037037 0.0602776294714362
15 0.30568518518518517 0.7812333155365724 0.04228703703703704 0.07018686599038976
15 0.3499259259259259 0.7851361452215696 0.03528703703703703 0.06993593166043781
2 0.7711018518518519 0.7955899626268019 0.05098148148148148 0.07002669514148425
1 0.8792222222222221 0.7966791243993594 0.053 0.06952482648158036