19 0.06124786324786324 0.14376851851851852 0.11287179487179487 0.1416388888888889
20 0.9344102564102564 0.16290740740740742 0.11023931623931624 0.15675925925925926
8 0.10148717948717949 0.6204722222222222 0.0661025641025641 0.09418518518518518
6 0.18912820512820513 0.6210740740740741 0.08063247863247863 0.10825
10 0.4105811965811966 0.6225277777777778 0.0905982905982906 0.0933611111111111
10 0.5098803418803418 0.6243425925925925 0.08458119658119657 0.09302777777777778
11 0.6043076923076923 0.6254166666666667 0.08895726495726496 0.09418518518518518
27 0.8771452991452992 0.6332222222222222 0.08112820512820514 0.0939537037037037
0 0.26264957264957267 0.7858981481481482 0.087008547008547 0.12621296296296297
0 0.360991452991453 0.8015648148148149 0.07728205128205129 0.09817592592592593
1 0.4558461538461539 0.8018425925925926 0.08247863247863248 0.09873148148148148
1 0.5516581196581197 0.8098055555555556 0.08777777777777777 0.09487037037037037
1 0.6434529914529915 0.8098888888888889 0.07772649572649573 0.09800925925925925
1 0.739042735042735 0.8052222222222222 0.09353846153846154 0.09855555555555555