7 0.49141410206466696 0.14007291666666666 0.08700428515777171 0.26159375
20 0.04086092715231788 0.543265625 0.07630697312037397 0.22166666666666668
19 0.12784962991819243 0.5322864583333333 0.07426178418387222 0.21102604166666666
6 0.25689131281651734 0.5185937500000001 0.06831320607713284 0.21305729166666668
30 0.4483171016751071 0.50728125 0.06019867549668874 0.22663541666666667
5 0.5128827425009739 0.5043385416666667 0.05561745227892482 0.23432812500000003
5 0.575753798208025 0.5004895833333334 0.06119205298013246 0.24021354166666667
3 0.647682119205298 0.49585416666666665 0.06625633034670822 0.24224479166666668
24 0.7628282041293338 0.556703125 0.07273081417997662 0.2533229166666667
23 0.8381885469419557 0.54834375 0.06767432800934943 0.23953125
9 0.5158433969614336 0.8092083333333334 0.057763926762758086 0.20491145833333332
11 0.5768640436306973 0.8121979166666667 0.05483833268406701 0.20672395833333335
1 0.6460070120763537 0.8220833333333334 0.06399298792364629 0.19029166666666666
1 0.7721815348656019 0.8756979166666666 0.0664043630697312 0.18891666666666668
1 0.847627580833658 0.8787604166666667 0.06211920529801325 0.18947395833333333
1 0.9182313985196727 0.88034375 0.06418776782236074 0.19697395833333334