3 0.5532037037037038 0.6711805187930121 0.04207407407407407 0.0730068819481207
5 0.5063333333333334 0.6692800423504499 0.044287037037037034 0.0725833774483854
4 0.46499999999999997 0.6659025939650609 0.03542592592592592 0.0734250926416093
15 0.4303148148148148 0.6680148226574908 0.03395370370370371 0.07089465325569083
15 0.3930370370370371 0.6690682901005822 0.036166666666666666 0.06878242456326099
14 0.3579814814814815 0.66358390682901 0.030999999999999996 0.0696294335627316
13 0.31775000000000003 0.6684383271572261 0.04207407407407407 0.0658284806776072
13 0.27494444444444444 0.6686500794070936 0.0405925925925926 0.06456326098464796
30 0.1812037037037037 0.6659025939650609 0.0465 0.06920592906299629
19 0.9712407407407407 0.5337691900476442 0.050194444444444444 0.06600317628374802
19 0.9166574074074074 0.5348438327157227 0.05898148148148148 0.0681577554261514
21 0.8557962962962963 0.5316146109052409 0.047685185185185185 0.06313393329804129
21 0.8062314814814815 0.5319745897300159 0.051444444444444445 0.06672313393329804
18 0.7516481481481482 0.5319745897300159 0.055212962962962964 0.06528851244044467
18 0.6992777777777778 0.5321810481736369 0.04950925925925926 0.06309687665431445
18 0.6466759259259259 0.5307093700370566 0.05362962962962963 0.06604552673372155
20 0.5940740740740741 0.5283483324510323 0.04950925925925926 0.06486500794070937
20 0.5430277777777778 0.5295288512440445 0.05053703703703703 0.06486500794070937
22 0.4950648148148148 0.529073583906829 0.04315740740740741 0.06519322392800424
22 0.4499722222222223 0.5281577554261514 0.04574074074074074 0.06629433562731604
7 0.19487962962962962 0.5235521439915299 0.05087037037037037 0.06371625198517734
6 0.14400000000000002 0.5228163049232398 0.04831481481481482 0.06519322392800424
8 0.043787037037037034 0.5204023292747485 0.05388888888888889 0.06707781895182637
0 0.9263703703703704 0.6808681842244574 0.05354629629629629 0.0661302276336686
0 0.8744259259259259 0.678422445738486 0.04819444444444444 0.0649020645844362
1 0.8192777777777778 0.6768925357331922 0.05354629629629629 0.0679671784012705
11 0.7673333333333333 0.6761249338274219 0.04811111111111111 0.06709899417681313
10 0.6986111111111111 0.6761249338274219 0.04070370370370371 0.06649550026469031