30 0.19261959876543208 0.12508328855454057 0.029594907407407407 0.12410531972058034
14 0.30589506172839503 0.12604513702310585 0.0210108024691358 0.12005373455131649
15 0.33184413580246913 0.12626007522837185 0.02697916666666667 0.12389038151531435
4 0.3628472222222222 0.12498119290703923 0.030204475308641978 0.12644814615797959
4 0.39621913580246915 0.12455131649650725 0.03020061728395062 0.12730252552391189
4 0.4275231481481482 0.12588393336915638 0.03096450617283951 0.12570660934981193
5 0.4575308641975309 0.12599140247178936 0.029128086419753087 0.12335840945728103
12 0.5860841049382717 0.1327082213863514 0.02721836419753086 0.11632455668995163
13 0.6145177469135802 0.13451907576571737 0.024683641975308642 0.11483073616335303
13 0.7382098765432099 0.11847393874261149 0.027746913580246915 0.12452982267598066
9 0.04756172839506173 0.31051585169263834 0.02753858024691358 0.1162332079527136
7 0.16190586419753086 0.31745298226759805 0.030902777777777776 0.107576571735626
10 0.21995756172839506 0.31688339602364324 0.03015432098765432 0.10976356797420742
11 0.2501466049382716 0.31625470177324017 0.02700617283950617 0.11101558301988178
0 0.2795100308641975 0.32079527135948416 0.028807870370370373 0.10507254164427726
1 0.31164737654320984 0.3184470714669532 0.02956404320987654 0.10455131649650726
19 0.39704861111111117 0.3197528210639441 0.029571759259259263 0.10298226759806556
19 0.4414236111111111 0.31521225147770016 0.028441358024691357 0.10058033315421816
21 0.47269675925925925 0.316931757119828 0.028661265432098768 0.1023589468027942
20 0.5054475308641975 0.31772165502418054 0.03054398148148148 0.10375067168189146
20 0.5356365740740741 0.31762493283181087 0.028665123456790124 0.10200429876410533
18 0.5688425925925926 0.31955937667920475 0.03171682098765432 0.10587855991402471
26 0.8277932098765431 0.3151853842020419 0.02911265432098765 0.1160075228371843
27 0.8594945987654321 0.31305212251477704 0.029104938271604937 0.11880171950564213