18 0.7344259259259259 0.14150537634408603 0.06251851851851851 0.09367204301075269
20 0.8042592592592592 0.14216129032258065 0.06296296296296296 0.09236559139784947
20 0.225 0.27680645161290324 0.061037037037037035 0.09564516129032258
18 0.1569351851851852 0.27348387096774196 0.06189814814814814 0.09290860215053763
18 0.1706574074074074 0.43465053763440864 0.05563888888888889 0.07228494623655914
18 0.22758333333333333 0.43660752688172044 0.04597222222222222 0.07359139784946236
21 0.2856296296296296 0.4371290322580645 0.05202777777777778 0.06941935483870967
0 0.3460370370370371 0.4364784946236559 0.05156481481481481 0.07072043010752688
0 0.40824074074074074 0.4378440860215054 0.0547037037037037 0.07215591397849463
0 0.46381481481481485 0.43862903225806454 0.05132407407407407 0.07372043010752688
1 0.5171388888888889 0.4398870967741936 0.049824074074074076 0.07362903225806451
1 0.5699074074074074 0.440752688172043 0.05114814814814815 0.07033333333333333
1 0.6202407407407408 0.441236559139785 0.04600925925925926 0.0721774193548387
9 0.8540925925925925 0.43974731182795695 0.042083333333333334 0.07797311827956989
10 0.9078981481481482 0.4411505376344086 0.04691666666666667 0.07726881720430108
11 0.95075 0.4404462365591398 0.031342592592592596 0.07586559139784947
12 0.18003703703703702 0.55397311827957 0.04240740740740741 0.07709139784946235
12 0.2258148148148148 0.5541236559139785 0.04906481481481482 0.07739247311827957
15 0.271 0.5548817204301075 0.034944444444444445 0.07587634408602151
30 0.3145555555555556 0.5551451612903225 0.045 0.07716666666666666
3 0.45693518518518517 0.5589032258064516 0.051537037037037034 0.07633333333333332
5 0.5090462962962963 0.5593978494623656 0.04864814814814815 0.0795967741935484
4 0.5582222222222222 0.5606451612903226 0.046425925925925926 0.07830645161290323
4 0.6034814814814815 0.5597741935483871 0.04158333333333333 0.07883870967741935
7 0.35271296296296295 0.6958172043010753 0.04837037037037037 0.07342473118279569
8 0.3985185185185185 0.6959731182795699 0.03699074074074074 0.07062903225806452
22 0.48072222222222216 0.696983870967742 0.04889814814814815 0.07109677419354839