21 0.7212801204819277 0.41371296296296295 0.0605421686746988 0.07994444444444444
21 0.6603765060240964 0.4134351851851852 0.06203313253012048 0.0817037037037037
18 0.597921686746988 0.41428703703703706 0.062048192771084344 0.07826851851851852
20 0.5370933734939759 0.4156666666666667 0.058358433734939756 0.07866666666666666
8 0.08832831325301205 0.4191388888888889 0.05950301204819277 0.07431481481481482
10 0.28893072289156624 0.538212962962963 0.051792168674698796 0.07105555555555555
11 0.23498493975903614 0.5390925925925926 0.05728915662650602 0.07172222222222221
0 0.3420933734939759 0.5375833333333334 0.05180722891566265 0.07196296296296296
1 0.3938855421686747 0.5368240740740741 0.052605421686746985 0.07589814814814815
5 0.4493975903614458 0.5370648148148148 0.053795180722891564 0.0742037037037037
15 0.6517319277108434 0.536425925925926 0.04207831325301205 0.0718425925925926
14 0.6989307228915662 0.5358888888888889 0.046129518072289155 0.07293518518518519
13 0.7466265060240964 0.5302592592592592 0.05115963855421687 0.08781481481481482
12 0.7989006024096386 0.5365462962962964 0.052936746987951804 0.07644444444444444
29 0.8516265060240964 0.5357037037037037 0.053840361445783136 0.07692592592592593
30 0.9071987951807229 0.5360092592592592 0.05691265060240964 0.07752777777777778