20 0.9132314814814815 0.3469046321525886 0.06886111111111111 0.11193460490463215
20 0.9762870370370371 0.3440108991825613 0.04741666666666667 0.1157983651226158
7 0.8632222222222222 0.19323705722070844 0.05082407407407408 0.09215258855585831
9 0.6570462962962963 0.18551498637602182 0.0582037037037037 0.11049046321525885
9 0.5845 0.18840871934604905 0.057388888888888885 0.10276839237057221
1 0.17297222222222222 0.7857656675749319 0.06310185185185185 0.09318256130790191
0 0.23918518518518517 0.7865940054495913 0.0625462962962963 0.0915258855585831
27 0.10508333333333333 0.7849373297002724 0.0625462962962963 0.09550408719346049
9 0.562037037037037 0.780959128065395 0.05239814814814815 0.09749318801089918
9 0.5059722222222223 0.7766485013623978 0.04958333333333333 0.09219073569482288
27 0.6093611111111111 0.7794659400544959 0.04450925925925926 0.09384741144414169
10 0.7268425925925927 0.7846049046321526 0.06198148148148148 0.09285013623978201
11 0.6640185185185185 0.7839455040871934 0.05803703703703704 0.09417983651226158
6 0.8513611111111111 0.7819509536784742 0.05071296296296297 0.09417983651226158
6 0.7938888888888889 0.7832806539509537 0.05747222222222222 0.09484468664850136
1 0.24067592592592593 0.9199073569482289 0.06287037037037038 0.09088283378746595
1 0.30756481481481485 0.9205013623978201 0.06187037037037037 0.09620708446866484
1 0.37371296296296297 0.9172425068119892 0.06437962962962963 0.09088283378746595
1 0.44060185185185186 0.9159128065395096 0.053314814814814815 0.08999455040871934
20 0.587675925925926 0.6481525885558582 0.062064814814814816 0.09061035422343325
18 0.6569537037037037 0.6491444141689373 0.062064814814814816 0.09259400544959127
21 0.7243148148148149 0.6492861035422344 0.061101851851851845 0.09004359673024523
19 0.790462962962963 0.647024523160763 0.0625462962962963 0.08891008174386922
5 0.344712962962963 0.6450408719346049 0.06302777777777777 0.09853950953678474
3 0.40750000000000003 0.644757493188011 0.056768518518518524 0.10023978201634877
13 0.28097222222222223 0.6463160762942779 0.05388888888888889 0.09712261580381472
14 0.172 0.6491444141689373 0.04859259259259259 0.09429427792915532
14 0.11835185185185185 0.6471662125340599 0.044259259259259255 0.09825613079019074