0 0.6071943573667712 0.8850925925925925 0.07302507836990596 0.0987037037037037
1 0.5431191222570533 0.8852685185185185 0.0640282131661442 0.09996296296296296
21 0.18573667711598746 0.8982592592592593 0.05506269592476489 0.07719444444444445
20 0.12760188087774293 0.7225370370370371 0.07474921630094043 0.09757407407407406
7 0.2791222570532916 0.7157037037037037 0.06769592476489028 0.1019537037037037
6 0.34677115987460816 0.717925925925926 0.0654858934169279 0.09828703703703705
21 0.1060344827586207 0.5724537037037037 0.07136363636363637 0.09251851851851851
19 0.18369905956112853 0.572 0.07084639498432602 0.09342592592592593
5 0.37003134796238246 0.5685185185185185 0.06615987460815047 0.10360185185185185
14 0.3151097178683385 0.5679444444444445 0.04341692789968652 0.1015462962962963
26 0.4988557993730407 0.5704722222222223 0.06717868338557993 0.1020925925925926
27 0.5650626959247649 0.566962962962963 0.065141065830721 0.10590740740740741
9 0.6864576802507837 0.5669907407407407 0.06808777429467085 0.10505555555555555
9 0.7393887147335424 0.7103611111111111 0.06852664576802507 0.10210185185185185
4 0.4284169278996865 0.4194629629629629 0.06496865203761756 0.10421296296296297
3 0.3589498432601881 0.4205740740740741 0.06540752351097179 0.10281481481481482
9 0.6883855799373041 0.4184907407407408 0.064294670846395 0.10136111111111111
20 0.11015673981191222 0.26416666666666666 0.0841692789968652 0.11038888888888888
20 0.1956896551724138 0.26660185185185187 0.08415360501567398 0.11435185185185186
18 0.08918495297805643 0.4223518518518518 0.08195924764890282 0.0955462962962963