19 0.2945833333333333 0.3384885577434806 0.05667592592592593 0.07895156998403406
21 0.3508796296296296 0.3380095795635977 0.05699074074074074 0.07922299095263438
20 0.40774074074074074 0.33654071314529005 0.05736111111111111 0.07874401277275146
18 0.46599999999999997 0.33577434805747736 0.05731481481481481 0.08028206492815328
18 0.5285 0.3235657264502395 0.07110185185185186 0.10196913251729643
20 0.6020925925925926 0.3220968600319319 0.07604629629629629 0.10149015433741351
10 0.8337129629629629 0.47014369345396484 0.06021296296296296 0.08472059606173496
11 0.7740277777777779 0.4707397551889303 0.059537037037037034 0.08284193720063864
23 0.3601666666666667 0.4778286322511975 0.05737962962962963 0.07796168174560937
22 0.4164351851851852 0.47702501330494945 0.05656481481481482 0.07819584885577435
24 0.46978703703703706 0.47624268227780736 0.052055555555555556 0.07908461947844597
26 0.5232685185185185 0.4752847259180415 0.05207407407407408 0.0796327833954231