20 0.03910947109471095 0.23669270833333333 0.011121771217712177 0.082171875
20 0.051190651906519065 0.241171875 0.011045510455104551 0.05774479166666667
20 0.0629790897908979 0.24596874999999999 0.010093480934809348 0.06980729166666667
18 0.07540467404674046 0.24055208333333333 0.010420664206642066 0.055890625
18 0.08719311193111931 0.2470885416666667 0.012388683886838869 0.06833854166666667
21 0.10124723247232473 0.24179166666666668 0.011586715867158672 0.059604166666666666
21 0.11334563345633457 0.24673958333333335 0.010381303813038131 0.06826041666666667
19 0.12727183271832718 0.24225520833333333 0.01370479704797048 0.061765625000000005
19 0.14201722017220172 0.241171875 0.01311931119311193 0.06083854166666667
24 0.2075153751537515 0.2436875 0.014469864698646986 0.08441666666666667
27 0.22455842558425584 0.24326562499999999 0.01322509225092251 0.09222395833333333
8 0.33478966789667897 0.26340104166666667 0.015854858548585486 0.07438020833333334
6 0.3528585485854858 0.26475 0.017244772447724478 0.07399479166666666
7 0.390290282902829 0.2674166666666667 0.018816728167281672 0.07252604166666667
30 0.4617958179581796 0.29102083333333334 0.014659286592865929 0.09191145833333333
30 0.5120147601476015 0.2885104166666667 0.015237392373923738 0.09925
3 0.5916580565805658 0.292375 0.018888068880688808 0.09770833333333333
3 0.6104009840098401 0.2866145833333333 0.018410824108241082 0.102265625
4 0.6518277982779828 0.2852239583333333 0.018044280442804428 0.101953125
5 0.6703690036900369 0.28471874999999996 0.01629520295202952 0.09909375
5 0.686979089790898 0.28858333333333336 0.015345633456334565 0.09755208333333334
15 0.7028019680196802 0.2891666666666667 0.013121771217712177 0.093765625
15 0.7176949569495694 0.2901302083333333 0.0122460024600246 0.09260416666666667
15 0.7325485854858549 0.2904010416666667 0.012462484624846247 0.09438541666666667
15 0.746929889298893 0.2917552083333333 0.01231980319803198 0.09090625
14 0.7609077490774908 0.29078645833333333 0.012829028290282903 0.09206770833333335
14 0.7757466174661746 0.29260416666666667 0.011845018450184501 0.09075000000000001
11 0.5913234932349324 0.11536458333333334 0.016747847478474784 0.09556770833333333
1 0.6579212792127921 0.11655729166666666 0.016120541205412054 0.09229166666666666
0 0.6773874538745387 0.11394270833333334 0.01657810578105781 0.08777083333333334