20 0.06401508011310085 0.15912037037037036 0.05410933081998115 0.14424074074074075
20 0.11673892554194157 0.1620925925925926 0.049934024505183784 0.14489814814814816
18 0.11311027332704995 0.3516018518518519 0.04376060320452403 0.1079537037037037
21 0.1564373232799246 0.3525925925925926 0.04119698397737983 0.10465740740740741
19 0.1961922714420358 0.3555 0.039048067860508955 0.10412962962962963
8 0.24132893496701227 0.3586666666666667 0.04334590009425071 0.10307407407407407
7 0.2863996229971725 0.36216666666666664 0.04535344015080113 0.10268518518518518
15 0.3594062205466541 0.36777777777777776 0.031234684260131953 0.10862962962962962
5 0.40010367577756834 0.36612962962962964 0.03849198868991518 0.11060185185185185
3 0.43752120640904807 0.3687037037037037 0.02949104618284637 0.10413888888888889
4 0.4771630537229029 0.3696111111111111 0.03127238454288407 0.11025925925925925
4 0.5129877474081055 0.37378703703703703 0.03499528746465599 0.10608333333333332
3 0.6326955702167766 0.35855555555555557 0.03658812441093308 0.10732407407407407
1 0.8048350612629595 0.37351851851851847 0.0395004712535344 0.08008333333333333
30 0.1819321394910462 0.7100925925925926 0.03400565504241282 0.09015740740740741
22 0.21667295004712533 0.7103148148148148 0.02944392082940622 0.09869444444444445
13 0.24930254476908575 0.7118333333333333 0.031611687087653155 0.09004629629629629
13 0.282497643732328 0.7132407407407407 0.030339302544769083 0.08837037037037036
13 0.31643732327992463 0.713574074074074 0.029651272384542886 0.08544444444444445
12 0.34980207351555137 0.7141388888888889 0.029651272384542886 0.08657407407407407
14 0.37820923656927424 0.7065 0.025212064090480678 0.09734259259259259
11 0.26270499528746466 0.8686388888888888 0.032573044297832233 0.08537037037037037
11 0.2942224316682375 0.8659166666666667 0.029915174363807726 0.08237037037037036
10 0.33652214891611687 0.8663333333333333 0.032573044297832233 0.08383333333333334
10 0.36836003770028275 0.8643425925925926 0.02867106503298775 0.08167592592592592