12 0.2361921097770154 0.31881481481481483 0.06281303602058319 0.09553703703703705
20 0.6378730703259005 0.3119074074074074 0.0790394511149228 0.10779629629629629
20 0.7202915951972556 0.31060185185185185 0.07293310463121784 0.10441666666666666
18 0.8017495711835335 0.306462962962963 0.08197255574614065 0.10843518518518519
18 0.8878387650085764 0.3078518518518519 0.07890222984562607 0.10737037037037037
20 0.9653687821612349 0.31790740740740736 0.0630017152658662 0.08980555555555556
1 0.46444253859348195 0.47966666666666663 0.05945111492281303 0.07668518518518518
0 0.5291595197255574 0.478212962962963 0.06106346483704975 0.0787962962962963
19 0.6111663807890223 0.4817037037037037 0.06130360205831904 0.08219444444444444
19 0.6755917667238422 0.47740740740740745 0.06097770154373928 0.08438888888888889
21 0.7410806174957119 0.4790277777777778 0.060102915951972556 0.08834259259259258