7 0.3006270627062706 0.35900925925925925 0.028805280528052805 0.07491666666666666
5 0.5574587458745874 0.367 0.022805280528052804 0.07407407407407407
6 0.6741650165016502 0.3531111111111111 0.0306006600660066 0.0900648148148148
6 0.7626732673267327 0.37037037037037035 0.0252013201320132 0.08586111111111111
20 0.5334521452145214 0.49789814814814815 0.0372013201320132 0.11532407407407406
18 0.573056105610561 0.4974722222222222 0.0372013201320132 0.11279629629629628
21 0.9576963696369637 0.704962962962963 0.027603960396039604 0.08333333333333333
21 0.9303960396039603 0.7037037037037037 0.025801980198019804 0.08080555555555555
18 0.9042904290429042 0.7041203703703705 0.026402640264026403 0.08501851851851851
18 0.8799867986798681 0.705388888888889 0.0233993399339934 0.08417592592592592
20 0.8553861386138615 0.704962962962963 0.024600660066006603 0.0867037037037037
11 0.772877887788779 0.6902314814814815 0.027603960396039604 0.11448148148148148
9 0.7416765676567657 0.687712962962963 0.031201320132013204 0.12121296296296295
9 0.6834653465346535 0.6847685185185185 0.0372013201320132 0.11699999999999999
6 0.5874587458745875 0.6839259259259259 0.030000000000000002 0.11868518518518519
13 0.08100990099009901 0.8577407407407408 0.031201320132013204 0.10774074074074073
4 0.18151815181518152 0.8472222222222222 0.034204620462046205 0.12541666666666665
30 0.24572277227722772 0.8409074074074073 0.03540594059405941 0.1111111111111111
30 0.27902970297029706 0.8409074074074073 0.030000000000000002 0.11448148148148148
14 0.314 0.8604537037037037 0.029234323432343234 0.09126851851851851
0 0.3722310231023102 0.8597870370370371 0.040072607260726076 0.09524074074074074
0 0.45565016501650163 0.8564814814814815 0.030943894389438946 0.08796296296296297
0 0.49030363036303626 0.8579259259259259 0.028468646864686472 0.08160185185185184
0 0.5278481848184818 0.8564814814814815 0.029293729372937297 0.08217592592592593
0 0.5717821782178217 0.8602407407407406 0.0297029702970297 0.08507407407407407
1 0.6095313531353136 0.8619814814814816 0.03341914191419142 0.08391666666666667
1 0.6476897689768977 0.8564814814814815 0.03712871287128713 0.09143518518518519
19 0.6862640264026403 0.8593703703703703 0.03836963696369637 0.08564814814814815
19 0.7279273927392739 0.8628425925925925 0.035894389438943894 0.08333333333333333
19 0.7636171617161717 0.8602407407407406 0.03135313531353135 0.08391666666666667