1 0.18680283224400873 0.12995791688584957 0.0434640522875817 0.11098895318253552
1 0.13991285403050108 0.1311625460284061 0.0418082788671024 0.10974750131509732
7 0.8698093681917212 0.0929510783798001 0.03570806100217865 0.093929510783798
8 0.9064978213507625 0.09304576538663861 0.0375599128540305 0.08843766438716465
6 0.9523420479302832 0.09673329826407154 0.03912309368191721 0.09014203051025776
5 0.8323638344226579 0.2532877432930037 0.03642701525054466 0.09542872172540767
4 0.7929193899782134 0.2530668069437138 0.03696078431372549 0.09690163072067333
3 0.7492102396514161 0.25146764860599685 0.03491830065359477 0.09753813782219883
15 0.7166721132897603 0.25127827459231983 0.028093681917211327 0.09331930562861653
15 0.6841448801742919 0.2497422409258285 0.028562091503267974 0.09280904786954235
20 0.5709531590413943 0.15084166228300894 0.03579520697167756 0.09286691215149921