20 0.09257638888888889 0.32664814814814813 0.02947222222222222 0.11077777777777778
20 0.09057638888888889 0.17800000000000002 0.020118055555555556 0.08425925925925926
18 0.11629861111111112 0.1739166666666667 0.02613888888888889 0.09985185185185186
18 0.12281249999999999 0.32419444444444445 0.023131944444444445 0.10825
21 0.14797222222222223 0.17571296296296296 0.02625 0.0903888888888889
19 0.17652777777777778 0.17594444444444446 0.02457638888888889 0.09439814814814815
23 0.3207569444444444 0.3436018518518518 0.02398611111111111 0.09161111111111112
24 0.3474305555555556 0.3433981481481482 0.021638888888888888 0.09202777777777778
22 0.3764097222222222 0.3443333333333333 0.026409722222222223 0.09641666666666666
8 0.4437291666666667 0.24506481481481482 0.022118055555555557 0.07643518518518519
6 0.46863888888888894 0.2461111111111111 0.023125 0.07852777777777778
7 0.5142430555555555 0.2471574074074074 0.021083333333333332 0.07643518518518519
30 0.5847638888888889 0.2478888888888889 0.020701388888888887 0.08124074074074074
13 0.6043541666666666 0.24637037037037035 0.018583333333333334 0.08322222222222221
12 0.6238333333333334 0.24694444444444444 0.019993055555555556 0.0852037037037037
15 0.6448333333333333 0.24903703703703703 0.018194444444444444 0.0852037037037037
14 0.6623958333333333 0.24741666666666665 0.014513888888888889 0.08530555555555555
10 0.6808194444444444 0.2487777777777778 0.018819444444444444 0.08468518518518518
10 0.6902083333333333 0.29117592592592595 0.000048611111111111115 0.000925925925925926
9 0.6997847222222222 0.2464259259259259 0.016076388888888887 0.0841574074074074
4 0.8141180555555555 0.373 0.016944444444444443 0.08699074074074074
3 0.8355069444444445 0.3731574074074074 0.0234375 0.08980555555555556
5 0.8608472222222221 0.3735277777777778 0.022805555555555558 0.08803703703703704
0 0.8855277777777778 0.3775925925925926 0.025847222222222223 0.07781481481481482
0 0.9122847222222222 0.3744074074074074 0.023666666666666666 0.07896296296296297
0 0.9405555555555556 0.37430555555555556 0.025770833333333333 0.07708333333333334
1 0.9705555555555555 0.37378703703703703 0.024430555555555556 0.08021296296296296