20 0.09249455337690632 0.09556989247311827 0.06733115468409587 0.16268817204301075
20 0.10111111111111111 0.3336505376344086 0.05392701525054466 0.14429569892473118
20 0.1638289760348584 0.33856451612903227 0.05678649237472767 0.14959139784946238
20 0.21878540305010893 0.33591935483870966 0.050261437908496735 0.15488709677419354
20 0.06328976034858388 0.6015215053763441 0.04723311546840959 0.10230645161290322
18 0.04993464052287582 0.3345215053763441 0.05173747276688453 0.1363709677419355
18 0.11312636165577342 0.6009408602150538 0.0416884531590414 0.10202150537634408
21 0.15703703703703703 0.6058709677419355 0.04288671023965141 0.1004784946236559
21 0.20401416122004357 0.6046827956989248 0.04637799564270153 0.10285483870967742
8 0.2861655773420479 0.6077741935483871 0.045157952069716775 0.10618279569892473
12 0.3846895424836601 0.6081881720430108 0.037222222222222226 0.11366666666666667
14 0.4189760348583878 0.6055752688172042 0.02880718954248366 0.11413978494623657
15 0.45410675381263615 0.6093172043010753 0.034586056644880174 0.11022043010752687
3 0.4979520697167756 0.6126935483870968 0.04721132897603486 0.11317204301075269
5 0.540838779956427 0.6116236559139784 0.035789760348583874 0.11293010752688172
5 0.7198910675381264 0.6350806451612904 0.041661220043572984 0.11710215053763441
3 0.6759858387799563 0.6341290322580645 0.04527777777777778 0.11425268817204301
4 0.7636764705882353 0.6281935483870968 0.041661220043572984 0.11662365591397848
14 0.6027287581699345 0.6375752688172044 0.031574074074074074 0.11924193548387096
15 0.6355065359477124 0.6401290322580646 0.03457516339869281 0.11769892473118279
13 0.8033061002178649 0.6251344086021505 0.03440631808278867 0.1151774193548387
12 0.8420206971677561 0.6242688172043012 0.039896514161220045 0.11805913978494624
11 0.9299564270152506 0.6258279569892473 0.0419880174291939 0.11379569892473118
5 0.4959150326797386 0.7724247311827958 0.04043028322440087 0.10203763440860214
12 0.5380991285403051 0.7705698924731182 0.03868191721132897 0.10575806451612904
12 0.7408115468409586 0.7926236559139784 0.04364923747276688 0.10948924731182796
5 0.6954030501089324 0.7996666666666667 0.03894880174291939 0.10338172043010753
1 0.833322440087146 0.7893010752688172 0.044596949891067536 0.10284408602150537
0 0.8785348583877995 0.7801989247311828 0.04136165577342048 0.10908602150537634
0 0.9210511982570806 0.789494623655914 0.04242919389978214 0.07986021505376344
22 0.45221677559912854 0.906 0.03540305010893246 0.09163978494623655
22 0.4907843137254902 0.9062096774193548 0.0345479302832244 0.09540860215053763
22 0.6642919389978214 0.9431774193548387 0.04583877995642701 0.09682258064516129
22 0.7107080610021786 0.9414354838709678 0.03806100217864924 0.09891397849462365
22 0.8161111111111111 0.9387795698924731 0.031830065359477126 0.07352150537634408