15 0.7397297297297297 0.1539537037037037 0.040038610038610034 0.1526759259259259
15 0.7834362934362934 0.15328703703703705 0.04081081081081081 0.14947222222222223
14 0.8302992277992278 0.15055555555555555 0.04006756756756757 0.14587962962962964
14 0.8765637065637065 0.1510277777777778 0.04202702702702703 0.15249074074074073
13 0.928918918918919 0.14847222222222223 0.05224903474903475 0.1455
13 0.978957528957529 0.14667592592592593 0.04208494208494209 0.14757407407407408
24 0.4301833976833977 0.4288148148148148 0.05876447876447877 0.1302222222222222
1 0.7116988416988418 0.4103981481481482 0.05483590733590734 0.12171296296296295
1 0.7706563706563706 0.40671296296296294 0.048725868725868725 0.12000925925925927
1 0.8253764478764479 0.40491666666666665 0.04793436293436293 0.11453703703703703
1 0.8792181467181467 0.40302777777777776 0.04733590733590733 0.11831481481481482
1 0.9371814671814671 0.40407407407407403 0.05106177606177606 0.12227777777777778
11 0.5501737451737452 0.6315277777777777 0.04558880308880309 0.11112962962962962
11 0.6930984555984555 0.5936388888888889 0.0392953667953668 0.09540740740740741
11 0.7400482625482626 0.5925092592592592 0.044604247104247104 0.10069444444444445
7 0.8008687258687259 0.5926018518518519 0.03632239382239383 0.11411111111111111
7 0.8493918918918919 0.5975092592592592 0.04477799227799228 0.11637037037037037
7 0.9130694980694981 0.5993981481481482 0.048117760617760616 0.11260185185185186