19 0.29757462686567165 0.0671875 0.06902985074626866 0.08645833333333333
19 0.3666044776119403 0.7098958333333333 0.054104477611940295 0.071875
18 0.37966417910447764 0.07239583333333334 0.08022388059701492 0.090625
18 0.3162313432835821 0.584375 0.07649253731343283 0.09583333333333334
18 0.1912313432835821 0.7098958333333333 0.054104477611940295 0.07395833333333333
7 0.45615671641791045 0.07552083333333333 0.061567164179104475 0.090625
7 0.5223880597014925 0.07916666666666666 0.055970149253731345 0.08958333333333333
10 0.5876865671641791 0.078125 0.06716417910447761 0.1
20 0.19869402985074627 0.4166666666666667 0.05783582089552239 0.1
22 0.7076212686567165 0.6008177083333333 0.05330223880597015 0.07663541666666666
27 0.7635914179104478 0.6026770833333334 0.05863805970149254 0.07291666666666667
26 0.8188992537313433 0.5985885416666666 0.049309701492537314 0.07515104166666667
20 0.25252798507462687 0.7105677083333333 0.05730410447761194 0.07142708333333332
21 0.3125 0.712796875 0.049309701492537314 0.07142708333333332
6 0.42177238805970146 0.7142864583333334 0.051968283582089554 0.07291666666666667
8 0.477080223880597 0.7124270833333333 0.047975746268656715 0.07366145833333333
30 0.6756436567164179 0.7146562500000001 0.05330223880597015 0.078125
30 0.7262779850746269 0.7154010416666666 0.04263992537313433 0.07663541666666666
14 0.772919776119403 0.7150312499999999 0.04263992537313433 0.07886979166666667
14 0.8182276119402985 0.71875 0.03731343283582089 0.07886979166666667
5 0.4577518656716418 0.8210572916666667 0.054636194029850746 0.07515104166666667
4 0.5130597014925373 0.8199427083333333 0.047975746268656715 0.07291666666666667
13 0.6150093283582089 0.8195677083333333 0.049309701492537314 0.07068229166666667
12 0.664981343283582 0.8203125 0.03998134328358209 0.072171875
20 0.19189365671641792 0.9505208333333334 0.03998134328358209 0.055802083333333335
9 0.2811847014925373 0.943078125 0.050643656716417906 0.06770833333333333
10 0.3331529850746269 0.9445677083333333 0.047975746268656715 0.06770833333333333
11 0.3804664179104478 0.9438229166666667 0.049309701492537314 0.06621875
1 0.5337126865671642 0.943453125 0.049309701492537314 0.06696354166666667
1 0.5870242537313433 0.9449427083333333 0.051968283582089554 0.06547395833333333
0 0.6809701492537313 0.943078125 0.05330223880597015 0.06175520833333333
0 0.7296082089552238 0.939734375 0.03864738805970149 0.05803645833333334
0 0.77625 0.9415937499999999 0.043973880597014924 0.064734375