7 0.2880805295091009 0.2799166666666667 0.03569222283507997 0.09755208333333334
6 0.3425372311086597 0.2820729166666667 0.04607280750137893 0.10480729166666666
20 0.6778985107556535 0.24821875 0.060066188637617215 0.138953125
20 0.739288472145615 0.24740625 0.05397131825703254 0.13638541666666668
20 0.7968781025923883 0.24602083333333333 0.054247104247104244 0.14021354166666666
20 0.8549641478212906 0.24203645833333332 0.05453392167677882 0.13979687500000001
19 0.9841092112520684 0.414109375 0.03178709321566465 0.09986458333333334
19 0.9424324324324325 0.4205 0.04001103143960287 0.08243229166666667
18 0.8960948703805846 0.4264635416666666 0.04772200772200772 0.07422395833333333
18 0.8477275234418092 0.41676562500000003 0.04469939327082185 0.09920833333333333
20 0.8026475455046884 0.41630729166666663 0.04212906784335355 0.101734375
20 0.7586541643684501 0.43243229166666663 0.04212355212355213 0.07693229166666667
21 0.7135355763927193 0.43286458333333333 0.04341974627688913 0.07275520833333333
20 0.4660066188637617 0.43093229166666663 0.035372311086596796 0.06636979166666666
20 0.4299669056811914 0.4331510416666667 0.03083838940981798 0.06577604166666667
20 0.3961003861003861 0.43331770833333333 0.032426916712630996 0.06171875
9 0.32653061224489793 0.4154635416666667 0.04258687258687258 0.101734375
20 0.3641753998896856 0.42996354166666667 0.0263430777716492 0.073671875
0 0.28186982901268615 0.4338802083333333 0.04214009928295643 0.07143229166666668
0 0.23763375620518476 0.43770312499999997 0.04520132377275234 0.06481770833333333
0 0.1881908439051296 0.4203854166666667 0.03785438499724214 0.10038020833333333
12 0.14659680088251514 0.4190833333333333 0.03820739106453392 0.101984375
13 0.10648097076668506 0.43529687499999997 0.039735245449531165 0.07006770833333334
15 0.06562603419746277 0.4396875 0.035339216767788194 0.06291145833333334