3 0.8439166666666666 0.8905357142857143 0.0582037037037037 0.07575757575757576
3 0.9041018518518518 0.8870616883116883 0.054231481481481485 0.07343614718614719
20 0.6699722222222223 0.7602813852813853 0.04100925925925926 0.05179112554112554
20 0.7089907407407408 0.7575757575757576 0.03438888888888889 0.052564935064935064
7 0.751324074074074 0.7575757575757576 0.04762037037037037 0.06029761904761905
30 0.9318796296296296 0.751780303030303 0.04894444444444444 0.05952380952380952
29 0.9794999999999999 0.7533225108225109 0.04100925925925926 0.05952380952380952
5 0.8743425925925925 0.7571915584415584 0.05555555555555555 0.06570887445887447
21 0.09656481481481483 0.09314935064935065 0.06084259259259259 0.07498376623376624
20 0.16071296296296295 0.09121753246753246 0.06216666666666667 0.07730519480519481
18 0.22750925925925927 0.09276515151515152 0.0582037037037037 0.07575757575757576
15 0.6600555555555556 0.08194264069264069 0.05290740740740741 0.09276515151515152
14 0.7784351851851852 0.07846320346320346 0.04894444444444444 0.09199134199134198
3 0.7222222222222222 0.0788474025974026 0.06349074074074074 0.09276515151515152
1 0.8419351851851852 0.0788474025974026 0.06216666666666667 0.08349025974025974
0 0.90675 0.07807900432900433 0.059527777777777784 0.08503246753246753