20 0.5979773462783172 0.39700925925925923 0.07783171521035599 0.11780555555555557
20 0.5155339805825243 0.3953333333333333 0.07364077669902912 0.11828703703703704
20 0.466990291262136 0.5828240740740741 0.0636084142394822 0.08524074074074074
20 0.3920873786407767 0.5837777777777778 0.06611650485436893 0.09003703703703703
12 0.322621359223301 0.5845 0.06444983818770227 0.09338888888888888
5 0.1916504854368932 0.5837777777777778 0.05690938511326861 0.09961111111111111
4 0.25902912621359225 0.5835370370370371 0.056067961165048544 0.09625925925925925
3 0.12218446601941749 0.5813796296296296 0.061925566343042075 0.09961111111111111
30 0.045194174757281554 0.5856944444444444 0.061925566343042075 0.09769444444444444
21 0.533948220064725 0.5821018518518518 0.05857605177993528 0.08668518518518518
21 0.6075889967637541 0.5830555555555555 0.0636084142394822 0.08572222222222223
8 0.7498705501618124 0.5809074074074074 0.05857605177993528 0.0862037037037037
7 0.9461326860841425 0.5780277777777778 0.05775080906148867 0.09099074074074073
7 0.8812621359223302 0.5789907407407406 0.060258899676375405 0.08907407407407408
6 0.6799838187702265 0.5806666666666667 0.05941747572815534 0.08955555555555555
9 0.44789644012944985 0.728574074074074 0.055242718446601946 0.09023148148148148
27 0.9072815533980583 0.8440277777777777 0.05648867313915857 0.05967592592592593
27 0.84457928802589 0.8328333333333333 0.04407766990291262 0.06998148148148148
27 0.7958576051779935 0.8440277777777777 0.05090614886731392 0.061101851851851845
11 0.1502265372168285 0.8569907407407407 0.05338187702265373 0.08205555555555556
11 0.2359061488673139 0.8632037037037037 0.05090614886731392 0.06038888888888889
11 0.3634789644012945 0.8495277777777778 0.05401294498381878 0.07921296296296296
10 0.2998381877022654 0.8509537037037037 0.052152103559870544 0.07992592592592591
0 0.5785760517799353 0.8415370370370371 0.052152103559870544 0.07175925925925926
1 0.5214563106796116 0.8493518518518518 0.05090614886731392 0.0575462962962963
21 0.6403398058252427 0.8511296296296297 0.05276699029126213 0.050444444444444445
21 0.6918608414239482 0.8498888888888889 0.04035598705501618 0.050083333333333334