18 0.10054545454545455 0.3055555555555556 0.08540495867768595 0.11419444444444445
20 0.18801652892561985 0.3061388888888889 0.08677685950413223 0.12152777777777778
20 0.10950413223140495 0.6018518518518519 0.07851239669421488 0.06944444444444445
18 0.1797520661157025 0.5991481481481482 0.06474380165289256 0.06867592592592593
21 0.24656198347107436 0.5991481481481482 0.06611570247933884 0.06558333333333333
19 0.3181818181818182 0.5979907407407408 0.06611570247933884 0.06789814814814815
18 0.38153719008264464 0.6018518518518519 0.06335537190082645 0.06326851851851852
18 0.43732231404958677 0.6037777777777779 0.04821487603305785 0.06712962962962964
21 0.48897520661157023 0.5995370370370371 0.05234710743801653 0.06018518518518518
4 0.604 0.6026203703703704 0.06474380165289256 0.07407407407407407
4 0.6694214876033058 0.6037777777777779 0.060611570247933885 0.07330555555555555
4 0.7389752066115702 0.6072500000000001 0.07024793388429752 0.0663611111111111
3 0.8099173553719008 0.605712962962963 0.06611570247933884 0.06944444444444445
3 0.8760330578512396 0.6068703703703703 0.05785123966942149 0.07330555555555555
24 0.359504132231405 0.7199074074074074 0.05785123966942149 0.07407407407407407
26 0.42424793388429755 0.7195185185185186 0.06335537190082645 0.07484259259259259
27 0.4827768595041322 0.7218333333333333 0.04821487603305785 0.0763888888888889
12 0.5344297520661156 0.7210648148148148 0.05234710743801653 0.07947222222222222
13 0.5929752066115702 0.7241481481481482 0.059223140495867764 0.08101851851851852
30 0.6542644628099173 0.7195185185185186 0.05785123966942149 0.08410185185185184
6 0.13636363636363635 0.8206018518518519 0.05785123966942149 0.07330555555555555
8 0.20110743801652892 0.8275462962962963 0.06335537190082645 0.056324074074074075
1 0.38360330578512397 0.8294722222222223 0.06474380165289256 0.061731481481481484
0 0.45523966942148764 0.8287037037037037 0.06474380165289256 0.06326851851851852
0 0.5344297520661156 0.8310185185185185 0.060611570247933885 0.061731481481481484
0 0.5991735537190083 0.831787037037037 0.055090909090909086 0.06018518518518518
15 0.6556528925619834 0.8333333333333334 0.04682644628099173 0.06789814814814815
15 0.7093719008264463 0.8371944444444444 0.049586776859504134 0.06481481481481481
15 0.7589586776859505 0.8356481481481481 0.055090909090909086 0.06018518518518518
14 0.8147438016528926 0.8352592592592593 0.05095867768595041 0.059416666666666666
14 0.866396694214876 0.8375740740740741 0.049586776859504134 0.0625
0 0.2947603305785124 0.9467592592592593 0.0716198347107438 0.0663611111111111
10 0.35537190082644626 0.9440555555555556 0.055090909090909086 0.059416666666666666
11 0.41252892561983473 0.9456018518518519 0.05095867768595041 0.0640462962962963
13 0.46350413223140496 0.9456018518518519 0.05371900826446281 0.0640462962962963
9 0.5240991735537189 0.9467592592592593 0.06198347107438017 0.0663611111111111