20 0.04897435897435897 0.5025740740740741 0.0908173076923077 0.09362037037037037
18 0.14067307692307693 0.4994814814814815 0.08190705128205128 0.08950925925925926
21 0.22791666666666666 0.5005185185185185 0.08546474358974358 0.09774074074074074
19 0.309823717948718 0.4994814814814815 0.07834935897435898 0.09774074074074074
19 0.40064102564102566 0.49382407407407414 0.08190705128205128 0.10082407407407408
30 0.6837660256410256 0.48559259259259263 0.07479166666666667 0.11728703703703704
30 0.7541025641025642 0.4840555555555555 0.06943910256410256 0.11831481481481482
3 0.827099358974359 0.4881666666666667 0.07301282051282051 0.11213888888888889
14 0.07389423076923077 0.6496944444444444 0.06232371794871795 0.09567592592592593
14 0.13799679487179486 0.6496944444444444 0.05876602564102564 0.09567592592592593
15 0.20209935897435896 0.6496944444444444 0.06232371794871795 0.09774074074074074
6 0.2733333333333333 0.6476296296296297 0.07301282051282051 0.09362037037037037
8 0.3552403846153846 0.6486666666666666 0.08012820512820513 0.09362037037037037
7 0.5261698717948717 0.6373425925925926 0.07657051282051282 0.10596296296296297
13 0.27777243589743594 0.7880648148148148 0.07479166666666667 0.09259259259259259
1 0.3525641025641026 0.7890925925925926 0.07834935897435898 0.09876851851851852
1 0.4317948717948718 0.7885833333333333 0.07657051282051282 0.09362037037037037
1 0.5119230769230769 0.7901203703703704 0.07301282051282051 0.09259259259259259
1 0.5876121794871795 0.7875555555555555 0.06766025641025641 0.09567592592592593
1 0.6623878205128205 0.7870370370370371 0.07121794871794872 0.09053703703703704
1 0.7380769230769231 0.7860092592592592 0.08012820512820513 0.09670370370370371
1 0.8173076923076923 0.7854907407407408 0.07121794871794872 0.09567592592592593