5 0.3205252918287938 0.252453125 0.07018482490272374 0.08516145833333333
20 0.09058365758754865 0.7285104166666667 0.08432879377431907 0.09983333333333334
18 0.17382295719844357 0.7313124999999999 0.06823929961089495 0.09423437500000001
21 0.24793774319066147 0.7342239583333333 0.07193579766536966 0.09293229166666667
8 0.3267217898832685 0.730234375 0.07269455252918289 0.09679687499999999
6 0.40558365758754866 0.730234375 0.07069066147859922 0.09679687499999999
11 0.7107879377431907 0.7305625 0.07730544747081712 0.10741145833333333
10 0.8554182879377432 0.7268802083333333 0.08013618677042801 0.10821354166666668
20 0.0831420233463035 0.9222187500000001 0.08272373540856032 0.10332291666666667
18 0.1628988326848249 0.9252395833333333 0.06770428015564202 0.103640625
21 0.23983463035019456 0.9271458333333332 0.07375486381322957 0.10077604166666668
11 0.800476653696498 0.9244218750000001 0.0802626459143969 0.10964583333333335
10 0.9574027237354086 0.925546875 0.07139105058365759 0.11084895833333334