19 0.12595348837209303 0.16903645833333333 0.07203720930232559 0.07952083333333333
19 0.19224186046511627 0.174171875 0.05931162790697674 0.07840104166666667
7 0.399906976744186 0.17463020833333334 0.06490232558139535 0.086640625
7 0.46693023255813954 0.17432291666666666 0.06817674418604652 0.08521875
8 0.6638976744186047 0.178953125 0.06543255813953489 0.08308333333333334
24 0.2241860465116279 0.305421875 0.059274418604651165 0.08301041666666667
26 0.3722046511627907 0.308625 0.06035348837209302 0.08372916666666666
27 0.4357767441860465 0.31086458333333333 0.05526511627906976 0.087390625
20 0.5630046511627907 0.305828125 0.06853023255813953 0.09847395833333333
20 0.6387441860465116 0.3048645833333333 0.0718046511627907 0.09735416666666666
0 0.7064837209302326 0.31472916666666667 0.05472558139534883 0.07966145833333332
0 0.7684186046511627 0.31472916666666667 0.05653953488372093 0.08372916666666666
1 0.8331720930232558 0.317375 0.05671627906976744 0.07844270833333335
1 0.8919255813953488 0.3182395833333333 0.05653953488372093 0.08180208333333333
22 0.9587534883720931 0.3170677083333333 0.06088372093023256 0.08515625
5 0.3369767441860465 0.445421875 0.059544186046511634 0.08736458333333334
4 0.3993767441860465 0.4463697916666666 0.05967441860465117 0.08622395833333334
12 0.461646511627907 0.448 0.05412093023255814 0.08523958333333333
13 0.5213953488372093 0.448265625 0.05221395348837209 0.08394791666666666
18 0.7617023255813954 0.453765625 0.06778604651162791 0.07674479166666666
21 0.8280372093023256 0.45448958333333334 0.058446511627906976 0.07454166666666667
21 0.6797023255813953 0.5980000000000001 0.05490232558139535 0.07943229166666667
21 0.7493488372093022 0.5992291666666667 0.05985116279069768 0.08029166666666666
18 0.6162604651162791 0.5977708333333334 0.062362790697674426 0.07525520833333334
20 0.5503813953488372 0.5972083333333333 0.06121860465116279 0.08303124999999999
28 0.5608093023255813 0.9383333333333332 0.05079069767441861 0.0906875
25 0.9206046511627907 0.9352239583333334 0.06133023255813954 0.088296875