20 0.05810185185185185 0.4029334730225249 0.07138888888888888 0.10143530644316395
20 0.04399074074074074 0.5365374541644841 0.06142592592592593 0.07748559455212152
20 0.10915740740740741 0.5365374541644841 0.057277777777777775 0.08218438973284442
18 0.1696574074074074 0.5377317967522263 0.056296296296296296 0.08091671031953902
21 0.22697222222222221 0.5358669460450498 0.05325925925925926 0.08005762179151389
21 0.2852962962962963 0.5355840754321635 0.05528703703703704 0.08063383970665271
14 0.40373148148148147 0.5338606600314301 0.045648148148148146 0.08349921424829754
4 0.45546296296296296 0.5337192247249869 0.053759259259259264 0.09009952854897853
3 0.5160740740740741 0.5328548978522787 0.056296296296296296 0.08952854897852279
13 0.5766851851851852 0.5345783132530121 0.053759259259259264 0.08895233106338397
23 0.6319722222222222 0.5365845992666317 0.05173148148148148 0.08321634363541122
26 0.6900462962962963 0.5357255107386066 0.05832407407407408 0.0872289156626506
27 0.7455833333333334 0.5355840754321635 0.04869444444444445 0.08751702462022001
10 0.7973240740740741 0.536013619696176 0.04869444444444445 0.08436354112100578
9 0.850574074074074 0.5337192247249869 0.05275 0.08665793609219487
9 0.9076388888888889 0.5341487689889995 0.054268518518518515 0.08866422210581455
0 0.9428888888888889 0.705023572551074 0.058833333333333335 0.08149292823467784
1 0.8772037037037037 0.7057412257726559 0.05325925925925926 0.07833420639078051
11 0.8193796296296296 0.7024410686223154 0.05325925925925926 0.08378732320586695
20 0.7618148148148148 0.7070298585646936 0.053759259259259264 0.07689889994761656
24 0.7072962962962963 0.7048768988999475 0.04615740740740741 0.08407543216343635
22 0.6537777777777778 0.7030120481927711 0.05275 0.08551073860660031
12 0.6005277777777778 0.7030120481927711 0.050722222222222224 0.08665793609219487
13 0.5498055555555555 0.8695861707700366 0.05985185185185185 0.0938292299633316
5 0.4891944444444445 0.8711629125196437 0.056296296296296296 0.09297014143530644
5 0.5437222222222222 0.704447354635935 0.053759259259259264 0.08665793609219487
15 0.49071296296296296 0.7025825039287585 0.04412962962962963 0.08579884756416972
30 0.43644444444444447 0.7028706128863279 0.04919444444444444 0.0829282346778418
30 0.384712962962963 0.7018648507071765 0.04513888888888889 0.08551073860660031
6 0.3296851851851852 0.701435306443164 0.055796296296296295 0.08407543216343635
4 0.35960185185185184 0.8671451021477213 0.055796296296296295 0.09009952854897853
3 0.42174074074074075 0.8692980618124673 0.06036111111111111 0.0938292299633316
20 0.05553703703703704 0.8776217915138816 0.04513888888888889 0.0714510214772132
20 0.014712962962962964 0.8807752750130959 0.029416666666666667 0.07087480356207439
18 0.10397222222222223 0.8799161864850708 0.04666666666666667 0.07030382399161865
18 0.15038888888888888 0.882352016762703 0.03702777777777778 0.07231011000523833
21 0.2033888888888889 0.8829282346778418 0.05173148148148148 0.06829229963331587