12 0.6384803921568627 0.21481256890848954 0.031241830065359476 0.07961411245865489
1 0.7069716775599129 0.21661521499448733 0.031116557734204794 0.07949834619625139
26 0.7413562091503269 0.21597574421168686 0.03363834422657952 0.0819459757442117
27 0.7762636165577342 0.2146361631753032 0.03167211328976035 0.08113009922822491
1 0.214041394335512 0.34918412348401323 0.03812636165577342 0.08572216097023153
0 0.2522875816993464 0.34877618522601983 0.03456427015250545 0.08304299889746417
21 0.28857298474945536 0.34976295479603087 0.0335239651416122 0.08222712238147739
21 0.3568355119825708 0.35144983461962515 0.0402995642701525 0.0846747519294377
14 0.563186274509804 0.34842337375964716 0.02420479302832244 0.08606945975744211
24 0.6985130718954249 0.3340407938257994 0.029847494553376906 0.08338478500551268
3 0.7280718954248366 0.336664829106946 0.026394335511982572 0.0793109151047409
21 0.7585511982570806 0.3375358324145534 0.029379084967320262 0.07174200661521499
15 0.7844389978213507 0.33448180815876516 0.019346405228758173 0.07821389195148842
5 0.8114651416122004 0.3303472987872106 0.03332244008714597 0.08565600882028666
20 0.8498529411764706 0.3339911797133407 0.033164488017429196 0.07592061742006616
7 0.9383823529411764 0.3315380374862183 0.030495642701525057 0.08410143329658214
21 0.9728921568627451 0.3284674751929438 0.032919389978213504 0.08123484013230431
20 0.05548474945533769 0.49406284454244764 0.0440359477124183 0.10305402425578832
8 0.39200980392156864 0.5053087100330761 0.02591503267973856 0.08036934950385888
30 0.4408006535947712 0.504702315325248 0.03214052287581699 0.08562293274531423
11 0.6684095860566449 0.4786714443219404 0.02360566448801743 0.08011025358324145
10 0.6961220043572984 0.4794762954796031 0.02536492374727669 0.07849503858875413
13 0.7926960784313726 0.47713340683572214 0.028164488017429195 0.08156560088202867
4 0.834057734204793 0.4769349503858875 0.030392156862745098 0.08439360529217199
5 0.874057734204793 0.47681367144432196 0.03437908496732026 0.08544652701212789
15 0.9028050108932462 0.4765270121278941 0.021601307189542483 0.0835832414553473
14 0.9289106753812636 0.47499448732083793 0.025266884531590414 0.07857221609702315