23 0.4535185185185185 0.2757437797776601 0.06348583877995642 0.12670725251455797
24 0.5185729847494553 0.267718369507676 0.06400871459694989 0.13309158284806777
26 0.5726198257080609 0.26866596082583377 0.04252178649237472 0.1298094229751191
24 0.6414923747276688 0.3273372154579143 0.052450980392156864 0.12983059820010587
26 0.690479302832244 0.3319110640550556 0.04392156862745098 0.13034939121228162
27 0.7361165577342048 0.342350449973531 0.04465686274509804 0.13224457384859714
3 0.31203159041394335 0.44983589200635254 0.05388344226579521 0.14363155108523026
3 0.26010893246187367 0.45656961355214404 0.05122549019607843 0.13983589200635255
3 0.0885566448801743 0.4574325039703547 0.05782135076252723 0.14501323451561673
5 0.1480174291938998 0.4558761249338274 0.059591503267973855 0.15226045526733722
5 0.2067701525054466 0.45191106405505554 0.0528322440087146 0.14777130757014292
21 0.7443736383442267 0.6720645844362096 0.05229302832244009 0.13604552673372156
18 0.6878376906318082 0.6686130227633669 0.054607843137254905 0.13604552673372156
20 0.6259803921568627 0.6707728957120169 0.05337690631808279 0.13863419798835364
20 0.5550653594771242 0.6347908946532557 0.0659912854030501 0.1374166225516146
14 0.4528213507625272 0.630995235574378 0.04611111111111111 0.1436262572789836
15 0.40453703703703703 0.6324616199047115 0.04895969498910675 0.15173636844891478
0 0.35528322440087146 0.630481736368449 0.055179738562091504 0.1529433562731604
0 0.7289869281045752 0.8433986236103759 0.044803921568627454 0.12952885124404448
0 0.7353267973856209 0.819708840656432 0.0009531590413943355 0.0012016940179989412
1 0.7763453159041394 0.8402699841185812 0.04986383442265795 0.1289571201694018
2 0.8280827886710239 0.838284806776072 0.05004901960784314 0.1268713605082054