20 0.10475953565505804 0.07975520833333333 0.0774350469872858 0.15951041666666665
20 0.1831951354339414 0.078546875 0.07520176893311221 0.15677083333333333
21 0.26086788280818135 0.080078125 0.07313432835820896 0.16015625
18 0.33750690989496956 0.079109375 0.06901603095632947 0.15821875
19 0.4145771144278607 0.08023958333333334 0.07088446655610835 0.15854166666666666
18 0.617330016583748 0.15914583333333335 0.043532338308457715 0.17611458333333332
14 0.511077943615257 0.2741770833333333 0.04444997236042012 0.11019791666666667
14 0.4617357656163626 0.27667708333333335 0.038319513543394135 0.11617708333333333
15 0.41312327252625763 0.2745208333333334 0.04403537866224433 0.11578645833333333
13 0.36399115533443893 0.27509374999999997 0.04664455500276395 0.11307291666666666
12 0.31226091763405195 0.27388541666666666 0.04613045881702598 0.11548958333333334
30 0.2644831398562742 0.2753072916666667 0.04936428966279712 0.11735416666666666
10 0.09589828634604754 0.42954166666666665 0.049524599226091766 0.10011458333333333
7 0.23640132669983416 0.4346770833333334 0.04855721393034826 0.09629166666666666
7 0.2823770038695412 0.43381770833333333 0.041182974018794914 0.09558333333333334
8 0.3849585406301824 0.43266145833333336 0.04234383637368712 0.09628645833333334
6 0.44466003316749586 0.43402083333333336 0.048529574350469874 0.100015625
6 0.49886124930901055 0.4395104166666667 0.04264787175234937 0.09709374999999999
6 0.5484134881149807 0.43840104166666666 0.03922056384742952 0.09769791666666668
0 0.6782587064676617 0.40122395833333335 0.05430071862907684 0.130921875
6 0.6400939745715866 0.5811145833333333 0.04502487562189055 0.097625