20 0.14619444444444443 0.46340505648197955 0.061342592592592594 0.1107638515330823
18 0.2563425925925926 0.458951048951049 0.06491666666666666 0.10661108122646584
24 0.391037037037037 0.4723130715438408 0.05826851851851852 0.09710597095212481
24 0.4817685185185185 0.47275954814416354 0.052648148148148145 0.0962130177514793
24 0.5753055555555556 0.4694943518020441 0.05878703703703704 0.09443249058633675
24 0.6581111111111111 0.4708284023668639 0.052648148148148145 0.09413663259817107
23 0.7115277777777779 0.4702366863905325 0.051111111111111114 0.09472834857450242
27 0.7759351851851852 0.4702366863905325 0.0623611111111111 0.09472834857450242
27 0.43780555555555556 0.4714254975793437 0.03526851851851852 0.09057019903173749
27 0.5267499999999999 0.4706831629908553 0.03425 0.09443249058633675
0 0.22455555555555556 0.7034803657880581 0.06599074074074074 0.0893329747175901
0 0.29279629629629633 0.7051533082302314 0.06278703703703704 0.08970414201183431
1 0.15761111111111112 0.7049650349650349 0.061509259259259264 0.08858526089295321
1 0.08585185185185185 0.706266810112964 0.06662962962962962 0.08895642818719741
21 0.35782407407407407 0.6993813878429264 0.060861111111111116 0.09007530930607853
20 0.4209259259259259 0.7006885422270037 0.060222222222222226 0.08970414201183431
19 0.48371296296296296 0.6962183969876278 0.061509259259259264 0.09044647660032275
18 0.5426574074074074 0.6967778375470682 0.05253703703703704 0.08709521247982786
5 0.610574074074074 0.6930554061323293 0.05253703703703704 0.09603012372243142
4 0.6675925925925926 0.6949166218396987 0.05125925925925926 0.09752017213555675
4 0.7156481481481481 0.6900806885422269 0.04228703703703704 0.09752017213555675
10 0.9229074074074074 0.6923130715438408 0.03908333333333333 0.09603012372243142
15 0.875175925925926 0.6882194728348575 0.03459259259259259 0.09603012372243142
6 0.6160185185185185 0.9178698224852071 0.05958333333333333 0.08337278106508876
21 0.4609722222222222 0.9206616460462614 0.0442037037037037 0.06662721893491125
21 0.41676851851851854 0.9156374394835933 0.04036111111111111 0.06699838622915545
20 0.12493518518518519 0.9135879505110274 0.08072222222222222 0.10012372243141474