10 0.08064814814814815 0.8526242650988776 0.08847222222222222 0.13361838588989844
15 0.1686111111111111 0.8540673436664885 0.07306481481481482 0.13834313201496526
23 0.5063240740740741 0.8621806520577232 0.10263888888888888 0.1417210048102619
24 0.3966018518518518 0.8578781400320684 0.10807407407407407 0.14286477819347942
18 0.5948796296296297 0.8735489043292357 0.07051851851851852 0.12267771245323357
21 0.6728425925925926 0.8762052378407269 0.07942592592592593 0.11796900053447354
0 0.7647777777777778 0.8662052378407269 0.0993425925925926 0.1433885622661678
0 0.8667685185185185 0.8667931587386424 0.09960185185185184 0.14456974879743453
0 0.9599629629629629 0.8713682522715125 0.08007407407407408 0.14993586317477284
5 0.8298055555555556 0.6486210582576162 0.10506481481481482 0.14745056119722075
3 0.7261851851851852 0.6464778193479422 0.09221296296296297 0.14571886691608765