21 0.050065359477124184 0.28760981175128353 0.04179738562091503 0.09045065601825442
18 0.09049564270152506 0.2878665145464917 0.038927015250544664 0.0878779235596121
20 0.1281100217864924 0.2888590986879635 0.03513616557734205 0.08863091842555619
8 0.27822440087145967 0.28815744438106106 0.040528322440087146 0.09278379920136909
26 0.4189596949891068 0.2865601825442099 0.036601307189542485 0.09391329150028523
23 0.45589869281045753 0.286594409583571 0.037946623093681915 0.09521962350256702
4 0.4969281045751634 0.2858071876782658 0.039226579520697163 0.0961095265259555
8 0.6147004357298474 0.30812321734169995 0.04008169934640523 0.0919566457501426
26 0.7515196078431372 0.3126525955504849 0.035985838779956425 0.09112949229891615
23 0.7875435729847495 0.3154306902452938 0.03668300653594771 0.09174557900741587
4 0.8249782135076253 0.3154820308043354 0.03783769063180828 0.09370222475755846
0 0.904177559912854 0.321779806046777 0.03349673202614379 0.0859155733029093
15 0.9696895424836601 0.3227952082144895 0.02830065359477124 0.09103251568739305