8 0.37053703703703705 0.18035695538057742 0.058861111111111114 0.08266666666666667
18 0.5628148148148149 0.16913910761154854 0.0745462962962963 0.10034120734908136
7 0.04491666666666667 0.3695590551181102 0.06049074074074074 0.0808503937007874
1 0.11132407407407408 0.3684461942257218 0.059694444444444446 0.07713910761154855
0 0.1706574074074074 0.36666141732283464 0.049990740740740745 0.07951706036745407
0 0.23037962962962963 0.3684461942257218 0.05416666666666667 0.07713910761154855
10 0.2867037037037037 0.36443569553805777 0.0442037037037037 0.0780262467191601
11 0.3446018518518519 0.36480839895013123 0.052055555555555556 0.08322834645669291
20 0.4635277777777778 0.36948556430446194 0.05937037037037037 0.07624671916010499
20 0.545 0.3573805774278215 0.05987962962962963 0.09807874015748032
18 0.6051203703703704 0.36621522309711285 0.05699074074074074 0.07565354330708661
18 0.6750648148148148 0.3547086614173228 0.05540740740740741 0.09867191601049868
21 0.8427222222222223 0.36547506561679793 0.05537962962962963 0.07713910761154855
22 0.7340092592592593 0.36339632545931755 0.05277777777777778 0.07891863517060367