1 0.9621514161220044 0.0550026301946344 0.04627450980392157 0.07852183061546555
0 0.9136710239651417 0.06275644397685429 0.03730392156862745 0.09201472908995265
0 0.8713126361655773 0.0484850078905839 0.040043572984749455 0.06959495002630195
6 0.03065904139433551 0.23062598632298792 0.04533769063180828 0.06976328248290374
8 0.07593681917211328 0.23362966859547607 0.0394281045751634 0.07034192530247238
8 0.11772331154684094 0.23277748553392952 0.03991830065359477 0.07361388742766965
7 0.15703703703703703 0.23548132561809573 0.036198257080610016 0.07688584955286691
13 0.1979248366013072 0.243577064702788 0.038562091503267976 0.09308258811152025
12 0.2380174291938998 0.24450289321409785 0.03639433551198257 0.09280378748027353
15 0.36505446623093685 0.24594423987375066 0.030190631808278866 0.09465544450289322
14 0.398082788671024 0.23533929510783796 0.027864923747276688 0.07092582851130984
4 0.5202396514161219 0.23929510783798 0.039836601307189544 0.07386638611257232
4 0.5619498910675381 0.25058916359810623 0.0372276688453159 0.09857969489742241
4 0.6042919389978214 0.20723829563387688 0.03073529411764706 0.11342451341399264
3 0.6438126361655773 0.20558127301420306 0.04287581699346405 0.11437138348237769
3 0.6892592592592592 0.20763282482903733 0.04258714596949891 0.11421357180431352
3 0.7373311546840958 0.21149395055234088 0.04681917211328976 0.11199894792214624
19 0.7803867102396514 0.218563913729616 0.032200435729847494 0.053708574434508154
20 0.8279520697167755 0.2182903734876381 0.032489106753812634 0.05741714886901631