20 0.1205821559392988 0.4396302083333333 0.023652537938252227 0.24590104166666665
18 0.14565541601255888 0.4772447916666666 0.01641287284144427 0.1798958333333333
21 0.16560962846677132 0.47863020833333336 0.019799843014128727 0.19096354166666665
19 0.18564102564102564 0.47827604166666665 0.018198587127158557 0.171625
7 0.34999215070643647 0.4731458333333334 0.0207443746729461 0.19134375
7 0.3703205128205128 0.4741927083333334 0.017953950811093668 0.18591145833333333
13 0.5072828362114077 0.4682552083333333 0.019488487702773418 0.21448958333333332
12 0.5365005232862377 0.4748541666666667 0.018610675039246467 0.21130208333333333
3 0.5877145473574045 0.4697552083333333 0.022435897435897436 0.22818229166666668
4 0.6077485609628467 0.4546875 0.01565803244374673 0.18317708333333332
20 0.6975497121925693 0.4952083333333333 0.015926216640502353 0.14221354166666667
0 0.743956043956044 0.492859375 0.02009157509157509 0.17195833333333335
1 0.7644636316064888 0.4908177083333333 0.018164573521716378 0.17103125
10 0.8557378335949765 0.46763020833333335 0.01975143903715332 0.18030729166666667
11 0.8767896389324961 0.46662499999999996 0.01954343275771847 0.18732291666666667