14 0.2467091049382716 0.2838850080601827 0.020621141975308642 0.09907039226222461
15 0.26957175925925925 0.2857603439011284 0.020922067901234565 0.09615260612573885
5 0.3181365740740741 0.28659322944653415 0.020023148148148148 0.0944922084900591
4 0.3474266975308642 0.2872165502418055 0.02540509259259259 0.09823750671681891
3 0.2936304012345679 0.28513702310585703 0.02361111111111111 0.09907039226222461
12 0.5218132716049383 0.2884631918323482 0.023908179012345678 0.10239656098871575
13 0.5470679012345679 0.28804943578721115 0.022415123456790125 0.10156367544331005
13 0.7407291666666667 0.2878398710370768 0.02599922839506173 0.1044814615797958
12 0.716820987654321 0.2872165502418055 0.018229166666666668 0.10822675980655562
20 0.8713310185185185 0.07763030628694251 0.03317515432098765 0.1261257388500806
20 0.6743827160493827 0.08117141321869963 0.03138117283950617 0.12238044062332079
18 0.8321797839506173 0.07908651262761957 0.03257716049382716 0.1315368081676518
17 0.797962962962963 0.08803868887694788 0.029290123456790124 0.1061472326706072
26 0.7638927469135802 0.08054271896829661 0.032874228395061725 0.12196131112305213
27 0.7260841049382716 0.07659322944653411 0.035563271604938274 0.12487909725953789
18 0.6389660493827161 0.0830413756045137 0.032874228395061725 0.12362708221386351
17 0.6031018518518518 0.09490596453519613 0.029290123456790124 0.09823750671681891
26 0.5708256172839505 0.0838742611499194 0.0352662037037037 0.11863514239656099
27 0.5342168209876543 0.08782912412681354 0.03377314814814815 0.1232133261687265
9 0.04052083333333333 0.42615260612573885 0.02371141975308642 0.09937130574959699
11 0.17502314814814815 0.4339602364320258 0.02413966049382716 0.09096722192369694
10 0.2015354938271605 0.43350886620096724 0.022415123456790125 0.09366469639978506
0 0.22492283950617284 0.4368081676518001 0.02263117283950617 0.08706072004298765
1 0.24971064814814814 0.4363621708758732 0.02392746913580247 0.08856528747984954
19 0.33894675925925927 0.43951101558301986 0.02392746913580247 0.08886082751209028
21 0.3652430555555556 0.4398119290703923 0.02392746913580247 0.0900644814615798
20 0.3929398148148148 0.4408651262761956 0.02457175925925926 0.08495969908651263
20 0.46213348765432094 0.4438635142396561 0.0258641975308642 0.08675980655561527
20 0.48950617283950615 0.4435626007522837 0.02500385802469136 0.08675980655561527
18 0.5163425925925925 0.4411606663084363 0.027804783950617282 0.08916174099946265
26 0.6261882716049383 0.440306286942504 0.02393132716049383 0.09709296077377753
27 0.6542824074074074 0.4427189682966147 0.02462577160493827 0.09709296077377753
27 0.8486766975308642 0.45141321869962386 0.026358024691358024 0.09709296077377753
26 0.8195447530864198 0.4523804406233208 0.027052469135802473 0.09322944653412144