20 0.40007103825136614 0.15134375 0.05654644808743169 0.15208333333333332
20 0.4620382513661202 0.15282291666666667 0.05809289617486339 0.14913020833333332
20 0.2969125683060109 0.780203125 0.032939890710382516 0.07890625
20 0.3309398907103825 0.7814427083333333 0.02990710382513661 0.06981770833333334
20 0.5728087431693989 0.922734375 0.030775956284153007 0.09130208333333334
20 0.6735846994535519 0.9088958333333333 0.0416120218579235 0.089234375
20 0.8092568306010929 0.901046875 0.0476775956284153 0.11154687499999999
20 0.8623551912568306 0.90125 0.04984699453551913 0.11278645833333334
21 0.7764972677595628 0.5063385416666667 0.047060109289617486 0.105234375
21 0.7593005464480874 0.9051406249999999 0.04042622950819672 0.08741145833333334
18 0.7167650273224044 0.9077291666666666 0.03861202185792349 0.09258333333333332
18 0.8301967213114754 0.5040364583333333 0.03499453551912569 0.1086875
19 0.7327540983606557 0.5060520833333333 0.036803278688524586 0.10351041666666667
11 0.8178251366120218 0.7559166666666666 0.04042622950819672 0.07993229166666667
11 0.769256830601093 0.75275 0.037404371584699454 0.07820833333333334
10 0.7279289617486339 0.7553385416666667 0.04042622950819672 0.08108333333333334
10 0.6832841530054645 0.7570625 0.03921857923497268 0.08568229166666666
9 0.868207650273224 0.7679895833333333 0.04102732240437158 0.06497916666666667
24 0.865792349726776 0.6426302083333333 0.02896174863387978 0.087984375
23 0.8169234972677596 0.6322760416666667 0.04102732240437158 0.10293749999999999
18 0.11342622950819672 0.7789166666666667 0.030169398907103826 0.07303125
18 0.15837704918032786 0.7743177083333334 0.03077049180327869 0.07878125
18 0.19095628415300545 0.7815052083333334 0.03077049180327869 0.07015624999999999
8 0.3644153005464481 0.9215312499999999 0.039819672131147545 0.09488541666666667
7 0.41117486338797815 0.92296875 0.04283606557377049 0.09085937499999999
7 0.45631693989071037 0.92325 0.041147540983606554 0.09544270833333333
7 0.3579180327868853 0.5121822916666666 0.04163934426229508 0.10489583333333334
7 0.3167704918032787 0.5124166666666666 0.03965573770491803 0.10442187500000001
6 0.4042677595628415 0.52446875 0.04412021857923497 0.08599479166666667
14 0.27240437158469943 0.6470781250000001 0.03321311475409836 0.10253125
14 0.23472677595628416 0.6565260416666666 0.03420765027322405 0.07984895833333333
14 0.19383060109289615 0.6482604166666667 0.0337103825136612 0.09827604166666666
15 0.15540983606557376 0.64684375 0.03618579234972678 0.10111458333333333
15 0.11550273224043717 0.658890625 0.031726775956284155 0.080796875
5 0.35742076502732245 0.6463697916666666 0.04263387978142076 0.10205729166666666
4 0.31181420765027323 0.656765625 0.03965573770491803 0.07843229166666667
12 0.7654043715846995 0.6458958333333332 0.03569398907103825 0.07843229166666667
12 0.7183114754098361 0.6343229166666667 0.03569398907103825 0.09780729166666666
13 0.6813825136612022 0.6463697916666666 0.03321311475409836 0.07370833333333333
13 0.6434590163934426 0.64684375 0.0337103825136612 0.07181770833333333
13 0.5651311475409836 0.6539270833333333 0.036683060109289616 0.07370833333333333
30 0.6065245901639345 0.64684375 0.03420765027322405 0.07559895833333334
30 0.5257213114754099 0.6546406250000001 0.03420765027322405 0.07796354166666666
30 0.4835846994535519 0.644953125 0.03916393442622951 0.09355208333333334
1 0.4739180327868852 0.7819739583333334 0.03965573770491803 0.06803645833333333
1 0.515311475409836 0.7798489583333333 0.03816939890710382 0.06189583333333334
1 0.5591803278688524 0.7706354166666666 0.036683060109289616 0.08032291666666666
1 0.604792349726776 0.7699270833333334 0.031726775956284155 0.059062500000000004
1 0.6442021857923498 0.771109375 0.03618579234972678 0.053864583333333334