7 0.3940558139534884 0.15186458333333333 0.06018604651162791 0.07693229166666667
7 0.4579720930232558 0.15385416666666665 0.06318139534883721 0.079703125
8 0.6474697674418605 0.15728645833333335 0.05949767441860465 0.07765625
24 0.22574883720930233 0.27671874999999996 0.04728372093023256 0.07959895833333334
22 0.2786883720930232 0.2765416666666667 0.053302325581395346 0.08285416666666667
26 0.42567441860465116 0.28129166666666666 0.05671627906976744 0.081515625
0 0.48399999999999993 0.2839427083333333 0.048520930232558136 0.07717708333333334
0 0.5410325581395349 0.2850885416666667 0.04636279069767442 0.07584895833333333
0 0.6008651162790697 0.283703125 0.05410232558139535 0.07669270833333333
0 0.6615534883720929 0.28586979166666665 0.054948837209302326 0.07621354166666668
0 0.7278418604651162 0.28719791666666666 0.058381395348837205 0.076453125
0 0.7898232558139534 0.2875 0.0445953488372093 0.07584895833333333
0 0.8527720930232559 0.28665625 0.04781395348837209 0.07560937499999999
1 0.9225116279069768 0.289546875 0.058158139534883725 0.07271875
5 0.2732 0.41186979166666665 0.05350697674418605 0.08646875000000001
4 0.33087441860465117 0.4114479166666667 0.050055813953488376 0.08634895833333332
12 0.38651162790697674 0.41530208333333335 0.047246511627906974 0.07959895833333334
13 0.4404186046511628 0.4136770833333333 0.054772093023255815 0.07996354166666667
20 0.4838790697674418 0.5594479166666667 0.06105116279069767 0.07356770833333333
18 0.5487906976744187 0.5605052083333334 0.057804651162790696 0.074671875
18 0.608306976744186 0.5599479166666667 0.05095813953488372 0.07255729166666666
21 0.6723255813953488 0.561359375 0.056697674418604654 0.07134895833333334
21 0.734446511627907 0.562515625 0.05471627906976744 0.074671875
29 0.38210232558139534 0.8889270833333334 0.04124651162790698 0.08527083333333334
30 0.4322604651162791 0.8925729166666667 0.04710697674418605 0.08255208333333333
30 0.48777674418604655 0.8935729166666667 0.04837209302325581 0.08741666666666667
25 0.9065302325581395 0.8907864583333333 0.05621395348837209 0.08041145833333332