18 0.06765834932821498 0.26598958333333333 0.069510556621881 0.08449479166666667
20 0.14053742802303262 0.26805729166666664 0.06296545105566219 0.08272395833333333
20 0.20539347408829176 0.26828125 0.05942418426103647 0.084640625
19 0.28547024952015354 0.26598958333333333 0.06457773512476009 0.07858854166666666
19 0.3503262955854127 0.26651041666666664 0.06103646833013436 0.08109895833333333
19 0.42116122840690984 0.26724479166666665 0.058570057581573895 0.079625
21 0.48696737044145877 0.2681302083333333 0.05964491362763916 0.08729687500000001
21 0.5538675623800384 0.26805729166666664 0.06289827255278312 0.08272395833333333
16 0.62542226487524 0.2670260416666667 0.0591746641074856 0.083609375
16 0.6996641074856046 0.266140625 0.0607869481765835 0.08183854166666667
17 0.7679174664107485 0.26665625 0.06132437619961612 0.08434375
17 0.8401151631477927 0.26739583333333333 0.06702495201535509 0.08286979166666668
6 0.20253358925143952 0.40459895833333337 0.06187140115163148 0.07538020833333332
7 0.38325335892514395 0.4053333333333333 0.06432821497120922 0.07981250000000001
4 0.4497408829174664 0.40341666666666665 0.05970249520153551 0.084828125
24 0.3186756238003839 0.5288385416666667 0.05756238003838771 0.07296875
22 0.5974280230326295 0.5304635416666666 0.052120921305182345 0.07326041666666666
26 0.6567082533589251 0.531203125 0.0510172744721689 0.07178645833333334
27 0.7135412667946257 0.531421875 0.050470249520153554 0.073703125
25 0.7725431861804223 0.5345989583333334 0.05426103646833013 0.075625
1 0.8280134357005757 0.5328229166666667 0.04555662188099808 0.07208333333333333
1 0.8892034548944338 0.53540625 0.05370441458733206 0.07282291666666667
12 0.0768042226487524 0.6415989583333332 0.06223608445297504 0.0703125
14 0.15549904030710174 0.6438124999999999 0.04394433781190019 0.07415104166666667
14 0.20227447216890596 0.6444010416666667 0.039587332053742805 0.06942708333333333
14 0.24958733205374278 0.64440625 0.0363147792706334 0.07238541666666666
14 0.29303262955854126 0.6432760416666666 0.036871401151631476 0.07280208333333334
29 0.33888675623800385 0.644375 0.050153550863723605 0.07225
29 0.3890307101727447 0.6440625 0.04293666026871401 0.07506770833333333
29 0.43759117082533594 0.6469791666666667 0.04394433781190019 0.07197916666666666
13 0.041142034548944335 0.7690729166666667 0.04884836852207294 0.070296875
13 0.09243761996161227 0.7713125000000001 0.050287907869481764 0.070296875
13 0.14249520153550863 0.7690729166666667 0.04924184261036468 0.070296875
5 0.19564299424184262 0.7710885416666666 0.050268714011516315 0.06984895833333334
5 0.24683301343570058 0.772375 0.045307101727447216 0.073546875
5 0.30422264875239924 0.7741666666666667 0.05272552783109405 0.07265104166666667
5 0.36242802303262955 0.7728802083333334 0.053541266794625716 0.06895312499999999
5 0.41898272552783106 0.7755677083333333 0.05105566218809981 0.06984895833333334
12 0.5703071017274473 0.7703020833333334 0.04612284069097889 0.07052083333333334
12 0.6166506717850287 0.7706927083333334 0.04591170825335893 0.06794270833333332
12 0.6658829174664108 0.77209375 0.04816698656429942 0.07141666666666667
12 0.7223320537428023 0.7710312500000001 0.050844529750479844 0.070859375