18 0.03144444444444445 0.29900378992961557 0.0628888888888889 0.0907796426637791
18 0.10139814814814815 0.299837574445046 0.06766666666666667 0.08828911748781808
20 0.17080555555555554 0.3018570655116405 0.05932407407407407 0.0892203573362209
20 0.2437685185185185 0.3070438548998376 0.05806481481481481 0.08300487276664863
21 0.31399074074074074 0.3064699512723335 0.05663888888888889 0.08082295614510017
21 0.3865925925925926 0.3033080671358961 0.054675925925925926 0.08798050893340552
19 0.45141666666666663 0.30616134271792095 0.0602037037037037 0.08642663779101245
19 0.5208333333333334 0.3071467244179751 0.0589537037037037 0.08943151055766108
7 0.5144166666666667 0.45736870600974555 0.05876851851851852 0.0852896589063346
7 0.4475 0.4534325933946941 0.06368518518518519 0.08725500812127775
23 0.4210925925925926 0.5949485652409312 0.05431481481481481 0.0834813210611803
26 0.5634074074074075 0.5994477531131565 0.05305555555555555 0.0834650785056849
25 0.6958240740740741 0.5962533838657282 0.05723148148148148 0.07871142393069842
29 0.449537037037037 0.7270330265295073 0.05583333333333333 0.07863562533838658
30 0.39099074074074075 0.7231672983216026 0.05332407407407408 0.08
14 0.26912962962962966 0.7145370871683812 0.04651851851851852 0.08090416892257715
14 0.21825 0.7198754737412019 0.04575 0.08022198159177044
15 0.16348148148148148 0.7182295614510016 0.04108333333333333 0.08260963724959394
14 0.12328703703703704 0.7223172712506767 0.03449074074074074 0.08170005414185165
3 0.1272037037037037 0.8565782349756361 0.060712962962962955 0.08585814834867353
5 0.2682592592592593 0.8620086626962643 0.0512037037037037 0.0886410395235517
4 0.3531296296296296 0.8634434217650243 0.0643888888888889 0.08433676231727126
0 0.67875 0.8735896047644829 0.06177777777777778 0.08128857606930157
0 0.7412129629629629 0.8770438548998376 0.04856481481481482 0.07652950730914997
1 0.8019074074074074 0.8785219274499189 0.05792592592592593 0.07859772604223064
1 0.8628425925925925 0.8804547915538712 0.06006481481481482 0.07617217108825122
1 0.925537037037037 0.8815755278830536 0.05499074074074074 0.07752030319436926