5 0.42592142188961646 0.35757291666666663 0.07107577174929841 0.09921354166666667
4 0.351244153414406 0.35528125 0.06797942001870907 0.094625
3 0.2765668849391955 0.354421875 0.07107577174929841 0.098640625
1 0.5830028063610851 0.362734375 0.07827876520112255 0.08545312499999999
1 0.500598690364827 0.361015625 0.06797942001870907 0.08889062499999999
18 0.7761365762394762 0.35269791666666667 0.10403180542563142 0.11355208333333335
28 0.44291861552853135 0.5164322916666666 0.05973807296538821 0.08659895833333334
29 0.38265668849391954 0.519296875 0.05870907390084191 0.07856770833333333
30 0.3193077642656688 0.5201614583333334 0.05973807296538821 0.075703125
15 0.8585406922357343 0.522453125 0.040168381665107576 0.07914062499999999
7 0.4702151543498597 0.6652552083333333 0.05459307764265669 0.07340624999999999
6 0.40480823199251637 0.6606666666666666 0.05150608044901778 0.08372916666666666
12 0.32543498596819453 0.8211041666666666 0.06037418147801685 0.08198958333333332
13 0.26652946679139383 0.8194635416666666 0.04270346117867165 0.08198958333333332
13 0.20873713751169315 0.8213072916666667 0.053751169317118805 0.08075520833333334
20 0.3858091674462114 0.818234375 0.05301216089803555 0.06805208333333333
18 0.4553882132834425 0.8153645833333333 0.0640598690364827 0.06394791666666667
19 0.5242282507015903 0.82540625 0.06332086061739943 0.07911979166666666
17 0.594911131898971 0.8153645833333333 0.06773620205799813 0.07870833333333334