5 0.04907407407407407 0.06561451001624255 0.05625272331154684 0.1297834325933947
5 0.10558278867102396 0.06654033567948024 0.05565904139433551 0.1330860855441256
4 0.15905773420479302 0.07004331348132106 0.049019607843137254 0.1278072550081213
13 0.21973856209150328 0.07412019491066595 0.04899237472766885 0.12823497563616676
12 0.2680718954248366 0.0745100162425555 0.04917755991285403 0.12746616134271793
21 0.4420424836601307 0.0844775311315647 0.06098039215686274 0.11955603681645911
19 0.5026525054466231 0.07807796426637792 0.06082244008714597 0.10829994585814835
7 0.8650381263616558 0.07275040606388739 0.061971677559912855 0.12239306984298863
1 0.9201579520697168 0.25626421223605844 0.05550108932461874 0.12280996210070386
0 0.8652069716775599 0.2549756361667569 0.05297930283224401 0.1202328099621007
14 0.8162254901960784 0.24874390904168922 0.04371459694989107 0.13097455332972388
24 0.6689923747276688 0.2514076881429345 0.05737472766884532 0.1239306984298863
8 0.4213344226579521 0.2628803465078506 0.06159041394335512 0.12676231727125067
6 0.47844771241830064 0.26335138061721713 0.052870370370370366 0.1292528424472117
18 0.2430446623093682 0.26438548998375744 0.05670479302832244 0.12203573362208987
20 0.18455337690631807 0.26159177043854903 0.059542483660130714 0.12418516513264755
21 0.12640522875816995 0.2603465078505685 0.05996187363834423 0.12323768272874933
26 0.5330718954248366 0.2546074715755279 0.056307189542483656 0.1163995668651868