24 0.7932730732635586 0.12481770833333333 0.07716460513796383 0.10798958333333333
14 0.861151284490961 0.12449479166666667 0.05443387250237869 0.11023958333333334
0 0.8398763082778307 0.2817239583333333 0.07790675547098001 0.10300520833333333
0 0.7600380589914367 0.28016145833333334 0.08199809705042817 0.10131770833333334
11 0.6739105613701236 0.2799583333333333 0.07615604186489058 0.10091666666666667
15 0.4660704091341579 0.27813020833333335 0.05400570884871551 0.10377083333333334
12 0.40556612749762133 0.27756770833333333 0.06639391056137013 0.10408854166666666
5 0.33303520456707897 0.2782916666666667 0.07585156993339677 0.10264583333333334
3 0.2488392007611798 0.27706770833333333 0.07253092293054235 0.10669791666666667
4 0.1612844909609895 0.27301041666666664 0.06513796384395813 0.11159895833333335
0 0.08211227402473834 0.27753125 0.08112274024738345 0.10256249999999999