13 0.23922174423152134 0.360359375 0.028619475948377007 0.11269791666666666
12 0.26902229174814235 0.3603125 0.028971450919045755 0.11186458333333334
30 0.32830660930778255 0.36091666666666666 0.02792725850606179 0.11158333333333334
4 0.5835940555338287 0.360359375 0.03322643723113023 0.116421875
3 0.6169573719202189 0.36147395833333335 0.03175987485334376 0.11791145833333333
20 0.6547555729370356 0.35417187499999997 0.03748924520922957 0.1353125
18 0.6936683613609699 0.35640625 0.028685960109503323 0.13084895833333332
18 0.789354712553774 0.37121875 0.0379663668361361 0.11389583333333334
20 0.7487133359405553 0.37031770833333333 0.03797418850215096 0.11770833333333333
1 0.8296597575283535 0.3693177083333333 0.036687524442706294 0.11569791666666666
1 0.8695189675400861 0.373125 0.036319906140007824 0.11209375
6 0.08089949159170903 0.5384895833333334 0.03436840046929996 0.10674479166666666
8 0.11610872115760656 0.5397708333333333 0.03407117716073524 0.10930729166666667
7 0.15285490809542435 0.5356770833333333 0.03454438795463434 0.11237499999999999
15 0.45363707469691045 0.5361197916666666 0.022729761439186546 0.10508333333333333
12 0.4803949941337504 0.5416927083333333 0.02551036370746969 0.11314583333333333
5 0.5092217442315213 0.5414375 0.02935862338678138 0.11878125
3 0.5410207274149395 0.5416927083333333 0.032236996480250295 0.118265625