20 0.016594684385382058 0.1368888888888889 0.033189368770764116 0.16060185185185183
18 0.08733111849390919 0.1405925925925926 0.03685492801771872 0.15992592592592592
18 0.1200719822812846 0.15893518518518518 0.029169435215946844 0.1288611111111111
21 0.1512126245847176 0.15850925925925927 0.0334108527131783 0.13307407407407407
19 0.18529346622369877 0.15975 0.03446290143964563 0.12948148148148148
1 0.4994019933554817 0.1669351851851852 0.033853820598006644 0.11959259259259258
0 0.5316943521594685 0.1685925925925926 0.030332225913621263 0.12189814814814816
9 0.584922480620155 0.15640740740740738 0.027148394241417496 0.13391666666666666
8 0.7924972314507198 0.12447222222222223 0.03175526024363234 0.14387037037037037
7 0.8239590254706534 0.12340740740740741 0.029983388704318936 0.14375925925925925
6 0.8898117386489479 0.1215 0.03532668881506091 0.14196296296296296