8 0.49615458937198065 0.39092708333333337 0.12264734299516908 0.162953125
7 0.3637294685990338 0.390078125 0.1241256038647343 0.1625625
29 0.10771980676328502 0.3880520833333333 0.12295652173913044 0.1572083333333333
21 0.2395072463768116 0.38890104166666667 0.11294685990338164 0.15759895833333332
18 0.10819323671497585 0.6456197916666666 0.1093719806763285 0.13984375
12 0.2147149758454106 0.6439895833333333 0.09966183574879228 0.15355208333333334
13 0.3182028985507246 0.6439895833333333 0.09601932367149758 0.15877083333333333
30 0.420975845410628 0.6458177083333333 0.09575845410628019 0.151984375
30 0.5234975845410629 0.646859375 0.09017391304347826 0.14885416666666668
15 0.6226376811594202 0.6441197916666667 0.07780676328502416 0.151203125
4 0.7204830917874396 0.64125 0.11079227053140096 0.15590104166666666
3 0.833536231884058 0.6429479166666667 0.1073816425120773 0.15668229166666667
5 0.9441739130434783 0.6419010416666667 0.10881159420289856 0.15459375
1 0.43422222222222223 0.8530156249999999 0.10446376811594203 0.13424479166666667
1 0.546512077294686 0.8588645833333334 0.10157487922705313 0.1304375
0 0.6652077294685991 0.8580885416666667 0.09841545893719807 0.13311458333333334