20 0.066588693957115 0.4688830068819481 0.02628167641325536 0.14221810481736366
20 0.09724171539961013 0.4711222869242986 0.024873294346978558 0.14262572789835892
20 0.12386939571150098 0.4884065643197459 0.02477582846003899 0.11618845950238221
18 0.1497953216374269 0.487289571201694 0.022336744639376217 0.11191635786130227
21 0.17576754385964913 0.49094759131815774 0.02280214424951267 0.11923769190047645
21 0.19940302144249514 0.4895235574377978 0.020458089668615984 0.11232398094229752
24 0.2774780701754386 0.5160667019587083 0.02216130604288499 0.12758602435150873
26 0.30124999999999996 0.5175966119640021 0.021035575048732942 0.1277924827951297
27 0.3242763157894737 0.5192218104817363 0.022153996101364523 0.1310428798305982
3 0.6404751461988305 0.5358973001588142 0.01523879142300195 0.12372683959767072
5 0.6624171539961013 0.5361037586024352 0.022616959064327483 0.12820010587612493
14 0.6883430799220273 0.5374219163578613 0.020180311890838205 0.1206776071995765
15 0.7089814814814814 0.5407781895182636 0.019334795321637427 0.12535733192165166
12 0.752614522417154 0.5410852302805718 0.022356237816764133 0.12799894123875066
10 0.8330604288499026 0.46857596611964003 0.01944200779727096 0.12330333509793541
11 0.8570199805068226 0.4671519322392801 0.02243421052631579 0.12452091053467443
1 0.8817763157894737 0.47203282159872945 0.022334307992202727 0.11801482265749073
0 0.906812865497076 0.47294865007940706 0.020928362573099414 0.11780836421386977