20 0.14858490566037735 0.39363020833333334 0.050358490566037736 0.07138541666666667
20 0.20620754716981132 0.392625 0.05217924528301887 0.073390625
18 0.09459433962264151 0.3938802083333333 0.04491509433962264 0.07489583333333334
12 0.723877358490566 0.522625 0.040377358490566034 0.06788020833333334
12 0.6830471698113207 0.5241302083333333 0.03947169811320755 0.066375
12 0.6383584905660377 0.523625 0.042650943396226416 0.06788020833333334
30 0.5907169811320755 0.5241302083333333 0.041735849056603776 0.065875
30 0.5491981132075472 0.5253802083333333 0.03947169811320755 0.06336979166666666
14 0.33891509433962264 0.5260052083333333 0.029037735849056605 0.065125
14 0.3035283018867925 0.5252552083333334 0.03538679245283019 0.06361979166666668
7 0.36068867924528303 0.6479895833333333 0.04718867924528302 0.064125
6 0.17104716981132076 0.6474895833333334 0.04355660377358491 0.06261979166666667
7 0.21867924528301888 0.6508697916666667 0.04536792452830189 0.06738020833333333
23 0.12317924528301886 0.6489895833333333 0.04400943396226415 0.064125
0 0.5591792452830189 0.6494947916666667 0.04491509433962264 0.06361979166666668
1 0.6104528301886792 0.6482395833333333 0.04764150943396227 0.06713020833333333
5 0.7667547169811321 0.645734375 0.04536792452830189 0.07163541666666666
3 0.7123113207547169 0.644859375 0.04718867924528302 0.07188541666666667
3 0.6603584905660378 0.6474895833333334 0.04400943396226415 0.06913020833333333
20 0.23021698113207548 0.7514375 0.04468867924528302 0.05953125
18 0.1804811320754717 0.7507239583333334 0.04209433962264151 0.061281249999999995
19 0.13391509433962262 0.750484375 0.0429622641509434 0.06175520833333333
21 0.08490566037735849 0.7476197916666667 0.048150943396226414 0.050296875
21 0.12241509433962264 0.8899218750000001 0.030716981132075473 0.052515624999999996
20 0.15819811320754718 0.8913229166666666 0.03488679245283018 0.054328125
18 0.08558490566037735 0.8908281250000001 0.03518867924528302 0.05333854166666666
9 0.2000943396226415 0.882515625 0.0429433962264151 0.073921875
9 0.24691509433962266 0.884078125 0.043537735849056604 0.07375520833333334
11 0.42374528301886794 0.8890156250000001 0.04651886792452831 0.07210937499999999
11 0.37603773584905664 0.8884427083333333 0.04413207547169811 0.07655208333333333
10 0.33502830188679245 0.8870416666666666 0.03369811320754717 0.07111979166666667
10 0.2929811320754717 0.8832552083333333 0.04264150943396227 0.07671875