20 0.05288560885608856 0.2444375 0.0115079950799508 0.07735416666666667
20 0.0779138991389914 0.2506302083333333 0.008952029520295203 0.064203125
20 0.15993849938499385 0.237671875 0.008952029520295203 0.046796874999999995
18 0.08768757687576875 0.24405208333333334 0.010595325953259533 0.0595625
18 0.10221156211562116 0.24733854166666666 0.01114391143911439 0.06613541666666667
18 0.17710947109471095 0.23322395833333334 0.010777367773677738 0.049505208333333335
21 0.1221230012300123 0.241734375 0.014432964329643297 0.07116666666666666
19 0.13564083640836408 0.23554166666666668 0.0115079950799508 0.064203125
19 0.15089544895448953 0.23360937499999998 0.00803690036900369 0.05646875
24 0.20606642066420663 0.226453125 0.011325953259532595 0.08934375
24 0.26908979089790896 0.24134375 0.010961869618696187 0.06961979166666667
27 0.2263419434194342 0.22161979166666665 0.01570971709717097 0.09359895833333334
27 0.2870848708487085 0.24424479166666666 0.012238622386223863 0.081609375
8 0.3947749077490775 0.23747916666666666 0.017901599015990158 0.07658333333333332
7 0.45405658056580567 0.24946875000000002 0.011874538745387455 0.07580729166666668
6 0.41203936039360395 0.24250520833333333 0.01516359163591636 0.064203125
30 0.5239138991389914 0.2575989583333333 0.014054120541205412 0.08971354166666666
30 0.5093357933579336 0.25804166666666667 0.012585485854858547 0.09238020833333334
13 0.5736309963099631 0.26137499999999997 0.015313653136531366 0.0919375
5 0.762009840098401 0.25959895833333335 0.01657318573185732 0.09815625
5 0.743549815498155 0.25893229166666665 0.017412054120541205 0.09682291666666668
4 0.7256137761377613 0.25781770833333334 0.017621156211562114 0.10081770833333333
4 0.7077835178351783 0.25715625000000003 0.016782287822878227 0.09859895833333333
3 0.6901623616236163 0.258265625 0.016361623616236165 0.09904166666666667
3 0.6725412054120542 0.257375 0.017200492004920048 0.096375
14 0.8466543665436654 0.264703125 0.014265682656826569 0.09327083333333334
14 0.8318646986469865 0.2629270833333333 0.012376383763837638 0.09593229166666667
15 0.8201180811808119 0.25959895833333335 0.009020910209102092 0.097265625
15 0.8067970479704797 0.2607083333333333 0.013006150061500615 0.09238020833333334
15 0.7933726937269373 0.260484375 0.012585485854858547 0.09282291666666667
15 0.7793161131611316 0.258484375 0.013006150061500615 0.09415625
0 0.7555079950799508 0.09260416666666667 0.017830258302583026 0.08660416666666666
1 0.7357884378843789 0.09215625 0.017830258302583026 0.0919375
11 0.6741131611316113 0.08127604166666667 0.01657318573185732 0.07728125
13 0.5697515375153751 0.09571354166666667 0.014265682656826569 0.09548958333333334
13 0.5539138991389914 0.09571354166666667 0.015313653136531366 0.09282291666666667