18 0.06063888888888888 0.5064326872708224 0.06063888888888888 0.08903614457831326
18 0.12813888888888889 0.5094918805657412 0.06280555555555556 0.08617600838135149
15 0.3208888888888889 0.5070455735987428 0.05558333333333333 0.09434258774227344
4 0.3815277777777778 0.5078575170246202 0.06136111111111111 0.09679413305395496
3 0.4457777777777778 0.509083289680461 0.058472222222222224 0.09597695128339445
13 0.5078611111111111 0.5111262441068622 0.05702777777777778 0.09515976951283395
23 0.5685 0.512352016762703 0.05702777777777778 0.09352540597171294
26 0.6316666666666667 0.5133734939759036 0.059194444444444445 0.09393399685699319
27 0.6951944444444444 0.513986380303824 0.06063888888888888 0.09434258774227344
10 0.7601666666666667 0.5141906757464642 0.059194444444444445 0.09393399685699319
10 0.7920648148148147 0.6994709271870089 0.0610462962962963 0.09341540073336826
0 0.929787037037037 0.704117338920901 0.06358333333333334 0.0891304347826087
1 0.8574814814814815 0.7025248821372446 0.06076851851851851 0.08849135673127292
11 0.7269444444444445 0.699020429544264 0.05513888888888888 0.0897642744892614
23 0.6661851851851852 0.6955212152959664 0.05513888888888888 0.0948559455212153
22 0.6006296296296296 0.6934520691461498 0.0557037037037037 0.09262964903090624
12 0.542675925925926 0.6924986904138293 0.0557037037037037 0.0939025667888947
5 0.4776944444444444 0.6918596123624935 0.06188888888888889 0.0939025667888947
14 0.42621296296296296 0.6923363017286538 0.03769444444444445 0.09040335254059718
30 0.26866666666666666 0.6877213200628601 0.05682407407407407 0.09135673127291775
6 0.2059351851851852 0.6899528548978522 0.057388888888888885 0.08753797799895234
6 0.13785185185185184 0.689156626506024 0.05851851851851852 0.08849135673127292
5 0.3994814814814815 0.8748926139339969 0.06638888888888889 0.10345206914614982
4 0.2796388888888889 0.8471974855945521 0.05288888888888889 0.0939025667888947
3 0.3359074074074074 0.873457307490833 0.057388888888888885 0.1044054478784704
13 0.47403703703703703 0.8761655316919853 0.0602037037037037 0.10090623363017286