19 0.027122319688109162 0.16141011840688912 0.014627192982456141 0.08045748116254037
18 0.04310428849902534 0.16314854682454252 0.01635964912280702 0.08322927879440258
20 0.05963206627680312 0.16531754574811627 0.014685672514619883 0.08400968783638321
20 0.0764985380116959 0.16275565123789018 0.014651559454191034 0.08457481162540366
20 0.1482456140350877 0.15877825618945102 0.018835282651072125 0.10194294940796556
18 0.16644980506822613 0.15865446716899892 0.01820906432748538 0.1073735199138859
0 0.18528021442495127 0.1721420882669537 0.016269493177387913 0.07845532831001077
0 0.20269736842105263 0.17522066738428418 0.013701267056530214 0.0781324004305705
11 0.21719785575048733 0.1745317545748116 0.013735380116959064 0.08080731969860064
11 0.2320662768031189 0.1731108719052745 0.014502923976608188 0.08688374596340151
10 0.24717348927875243 0.17363832077502692 0.013913255360623782 0.09360602798708288
10 0.2719615009746589 0.14791711517761033 0.015087719298245615 0.0939989235737352
10 0.2873416179337232 0.1475941872981701 0.015414230019493177 0.09335306781485468
9 0.30489278752436644 0.14974165769644782 0.01567982456140351 0.09359526372443489
9 0.32021929824561407 0.14892895586652313 0.015531189083820663 0.09197524219590958
3 0.6096223196881091 0.11291173304628632 0.01767300194931774 0.09765877287405812
0 0.6472831384015594 0.09954790096878365 0.018089668615984406 0.08964477933261572
14 0.7327046783625731 0.09093649085037675 0.013372319688109162 0.1038697524219591
15 0.7491252436647173 0.08827771797631863 0.01740253411306043 0.10379440258342303
8 0.8889254385964912 0.12351991388589882 0.01966130604288499 0.09428417653390743
7 0.9074366471734893 0.12066738428417653 0.017214912280701756 0.099989235737352
9 0.9359746588693957 0.11833153928955867 0.014627192982456141 0.10466092572658774