20 0.21296840958605665 0.2008573236317621 0.08460239651416122 0.12005694400506169
20 0.26124183006535945 0.35341031319202787 0.07348583877995642 0.07832331540651694
18 0.12449891067538127 0.35452388484656755 0.06913398692810457 0.07683011705156596
18 0.19241830065359475 0.35229357798165134 0.05968409586056645 0.0783169882948434
6 0.4761546840958606 0.35496994621955075 0.07156318082788671 0.07296741537488137
15 0.6165904139433551 0.3374691553305916 0.052641612200435735 0.07303068649161658
14 0.6665250544662309 0.3350173995571022 0.04099128540305011 0.0734767478645998
4 0.7212581699346405 0.3389180639038279 0.059395424836601304 0.06641885479278709
4 0.7831644880174292 0.32825688073394493 0.058376906318082795 0.08848149319835495
3 0.8467864923747277 0.33713698196773173 0.05772331154684096 0.07295792470737109
3 0.9081753812636166 0.33687440683328057 0.05772331154684096 0.07422018348623853
23 0.9694989106753813 0.33401455235684907 0.05655773420479303 0.07325213540018982
8 0.31276143790849675 0.4794463777285669 0.0592156862745098 0.09087630496678266
13 0.5487200435729848 0.4738025941157862 0.05693899782135076 0.09398291679848149
13 0.6092755991285403 0.4414172730148687 0.03950435729847494 0.07958873774122113
9 0.753785403050109 0.4420721290730782 0.0593355119825708 0.08482442265105979
6 0.2941230936819172 0.7065643783612781 0.06117647058823529 0.09399873457766529
6 0.3643300653594771 0.7063777285669093 0.06165032679738562 0.09437519772223979
5 0.42903050108932467 0.7043562163872191 0.0601797385620915 0.1031255931667194
5 0.49194444444444446 0.7020025308446695 0.0590359477124183 0.09841822208161975
1 0.8426525054466231 0.8537836127807655 0.0663834422657952 0.087067383739323
0 0.9051851851851852 0.8506864916165771 0.057282135076252724 0.08417589370452389
0 0.9688507625272331 0.8501202151217969 0.05869825708061002 0.08606453653906992