0 0.38546296296296295 0.1367759269210102 0.07755555555555556 0.11880171950564213
1 0.469 0.1370660934981193 0.07483333333333332 0.1207254164427727
20 0.8191666666666667 0.1262009672219237 0.09986111111111111 0.14412681354110696
18 0.9221111111111111 0.12724341751746374 0.09317592592592593 0.13869962385814077
20 0.34343518518518523 0.341886082751209 0.07589814814814815 0.10882321332616873
18 0.42492592592592593 0.34344975819451906 0.07817592592592593 0.10899516389038151
21 0.5054444444444445 0.34407845244492213 0.07544444444444445 0.10312197743148845
19 0.5826574074074073 0.34616872649113384 0.07018518518518518 0.10552928533046749
20 0.6472222222222223 0.35653412144008595 0.055 0.08348737238044063
20 0.7068240740740741 0.35603976356797423 0.05637962962962963 0.08117678667383127
21 0.7655462962962962 0.35614185921547553 0.05566666666666666 0.08164965072541644
21 0.8246018518518519 0.35573347662547017 0.05655555555555555 0.08201504567436861