20 0.49449385052034056 0.29525520833333335 0.06919583727530748 0.11916145833333333
18 0.572724692526017 0.28860416666666666 0.07299905392620624 0.11986458333333333
18 0.6576442762535478 0.28483854166666667 0.0837937559129612 0.12458854166666668
20 0.10398297067171239 0.45685937499999996 0.038495742667928094 0.069640625
20 0.1466887417218543 0.45636458333333335 0.04315042573320719 0.07165104166666666
20 0.19386944181646168 0.45634375 0.048192999053926204 0.07203125
18 0.23910122989593188 0.45688020833333337 0.041579943235572375 0.07438541666666666
18 0.2875685903500473 0.4589947916666667 0.05153263954588458 0.075625
21 0.33836329233680223 0.4585677083333334 0.04905392620624409 0.07647916666666667
19 0.3916367076631977 0.4592291666666667 0.05308420056764428 0.07823437500000001
19 0.4458561967833491 0.46 0.05122989593188269 0.081484375
30 0.5047965941343425 0.4564739583333333 0.05650898770104068 0.08982291666666667
30 0.559356669820246 0.455984375 0.04989593188268685 0.09354166666666666
13 0.6862157048249764 0.45681770833333335 0.0648817407757805 0.09905729166666667
13 0.7674929044465468 0.4586145833333333 0.06700094607379375 0.1009375
12 0.8448438978240302 0.4599375 0.0694701986754967 0.10615625
5 0.42626300851466414 0.5893125 0.04758751182592242 0.08341145833333334
5 0.47691579943235574 0.593828125 0.0446073793755913 0.084234375
4 0.5284011352885525 0.5977239583333334 0.04887417218543046 0.08792708333333334
4 0.5803595080416273 0.6029531250000001 0.0522232734153264 0.08813020833333333
15 0.6336423841059603 0.6062864583333333 0.03772942289498581 0.09377604166666667
15 0.6870009460737937 0.6093645833333333 0.04572374645222327 0.09172395833333334
14 0.7420245979186377 0.6137708333333334 0.0459035004730369 0.09439062499999999
14 0.7942573320719016 0.6179270833333333 0.051665089877010406 0.09757291666666666
10 0.8564711447492904 0.622796875 0.062478713339640495 0.10013541666666666
11 0.9305865657521286 0.6265416666666667 0.06917691579943236 0.10659895833333333
7 0.330321665089877 0.7126197916666667 0.033339640491958374 0.07330729166666666
22 0.37515610217596973 0.7186302083333334 0.04867549668874172 0.078359375
23 0.42390728476821193 0.7244010416666666 0.04732261116367077 0.07727604166666667
24 0.47322611163670764 0.729125 0.04789025543992431 0.0810625
1 0.8470104068117312 0.78125 0.06758751182592242 0.08588541666666667
0 0.9263197729422895 0.7897031250000001 0.0740964995269631 0.08733333333333333