18 0.5626697674418605 0.44221354166666665 0.04974883720930232 0.06864583333333334
20 0.6207162790697675 0.44238020833333336 0.05093953488372093 0.06765104166666666
20 0.6766883720930233 0.44221354166666665 0.05389767441860465 0.06864583333333334
17 0.7862604651162791 0.44221354166666665 0.04916279069767442 0.06797916666666667
17 0.8428186046511628 0.44221354166666665 0.055674418604651166 0.06797916666666667
16 0.9011627906976745 0.442046875 0.05271627906976745 0.0683125
8 0.398306976744186 0.5627552083333334 0.05152558139534884 0.07030208333333333
7 0.7279162790697674 0.565078125 0.05093953488372093 0.06897395833333334
6 0.6737209302325582 0.5637500000000001 0.05034418604651163 0.06897395833333334
21 0.09891162790697675 0.5634166666666667 0.04974883720930232 0.06765104166666666
21 0.28992558139534885 0.57021875 0.03613023255813954 0.053390625000000004
19 0.15251162790697673 0.56325 0.05034418604651163 0.06665625
19 0.20582325581395347 0.5637500000000001 0.047972093023255814 0.06698437500000001
18 0.2508279069767442 0.5695520833333333 0.03613023255813954 0.054052083333333334
24 0.3707720930232558 0.6849583333333332 0.04856744186046512 0.07196354166666666
26 0.6192372093023255 0.684625 0.05507906976744186 0.071296875
25 0.7388744186046511 0.6839635416666667 0.0467906976744186 0.07461458333333333
14 0.2366139534883721 0.7880885416666668 0.037311627906976744 0.07328645833333333
15 0.1978232558139535 0.7882552083333334 0.03908837209302326 0.07229166666666667
30 0.3269395348837209 0.785765625 0.0461953488372093 0.07527604166666667
29 0.28133953488372093 0.7874270833333333 0.04264186046511628 0.07660416666666667
4 0.20996279069767443 0.925875 0.0456093023255814 0.07627083333333333
3 0.2594232558139535 0.9286927083333333 0.04738604651162791 0.07395312500000001
0 0.4957395348837209 0.933171875 0.04856744186046512 0.06765104166666666
12 0.3073953488372093 0.9296875 0.043832558139534884 0.07196354166666666
12 0.35300465116279073 0.9313489583333333 0.045013953488372095 0.072625
12 0.4009767441860465 0.9305208333333332 0.043832558139534884 0.07096875
13 0.44628837209302324 0.9308489583333334 0.04441860465116279 0.07229166666666667
1 0.6192372093023255 0.9345 0.05271627906976745 0.069640625
2 0.6746139534883722 0.9330052083333332 0.04974883720930232 0.07196354166666666