10 0.06309116809116809 0.14656233135456018 0.01528668091168091 0.13444684295736642
1 0.07877849002849004 0.15888289260658392 0.01394408831908832 0.12404749055585537
0 0.09462606837606836 0.15933621154883973 0.015302706552706552 0.12314624932541823
3 0.3464316239316239 0.15893685914732866 0.015787037037037037 0.13556934700485698
3 0.3628205128205128 0.1590339989206692 0.015320512820512822 0.1341662169454938
5 0.37868945868945864 0.15887749595250944 0.014902065527065527 0.1393362115488397
4 0.3938764245014245 0.15854290339989205 0.01239494301994302 0.13757150566648677
15 0.4834989316239316 0.16368051807879117 0.01355591168091168 0.137323259579061
14 0.49746972934472933 0.1649109552077712 0.01270477207977208 0.1287857528332434
30 0.5274501424501424 0.16411225040474905 0.013935185185185186 0.13044792228818133
12 0.5425854700854701 0.16669724770642202 0.012786680911680911 0.1335024284943335
13 0.5567147435897436 0.16807879114948732 0.012070868945868948 0.13308688613059905
7 0.6095886752136752 0.17695089044792228 0.016996082621082622 0.12202914193200216
8 0.6431232193732194 0.18457096600107933 0.014033119658119658 0.11631408526713438
20 0.8512998575498575 0.23058823529411762 0.01748397435897436 0.13062601187263898
20 0.8812660256410255 0.25492174851592014 0.013230056980056979 0.1108041014570966
18 0.8962197293447294 0.25823529411764706 0.01339031339031339 0.10667026443604964
21 0.9098824786324786 0.2643497031840259 0.012619301994301994 0.10073394495412843
19 0.925281339031339 0.2653588774959525 0.013073361823361824 0.10502428494333514
19 0.9391025641025641 0.27160280626011873 0.012241809116809117 0.10388019427954669