7 0.21840361445783135 0.10458333333333333 0.07894578313253012 0.10086111111111112
7 0.3941867469879518 0.11251851851851852 0.0738855421686747 0.09991666666666667
20 0.5372138554216868 0.10656481481481482 0.0702710843373494 0.11741666666666667
20 0.6190813253012049 0.1129537037037037 0.07963855421686747 0.11675925925925926
11 0.4867018072289157 0.2860277777777778 0.059774096385542166 0.10221296296296296
10 0.8811445783132531 0.30007407407407405 0.04356927710843374 0.10174074074074074
14 0.7756475903614457 0.460037037037037 0.05033132530120482 0.10074074074074074
13 0.8312951807228915 0.45705555555555555 0.05350903614457832 0.10142592592592593
9 0.8883584337349397 0.4573240740740741 0.044081325301204816 0.1019537037037037
15 0.7229518072289157 0.4549722222222222 0.045331325301204824 0.1077037037037037
18 0.5323644578313254 0.44955555555555554 0.07031626506024095 0.10921296296296297
20 0.4487650602409639 0.44707407407407407 0.07914156626506023 0.1099537037037037
19 0.6112048192771083 0.6194444444444445 0.06969879518072289 0.08858333333333333
19 0.6750602409638554 0.6173888888888889 0.050707831325301204 0.08956481481481482
21 0.7350602409638554 0.6201574074074074 0.0608433734939759 0.08852777777777777
18 0.824487951807229 0.6183888888888889 0.062243975903614454 0.09827777777777778
9 0.7770933734939759 0.7764537037037037 0.05343373493975903 0.09125925925925926
1 0.7166114457831325 0.7817314814814814 0.06094879518072289 0.0905462962962963
0 0.6519277108433735 0.78525 0.05844879518072289 0.08841666666666666
4 0.5910542168674698 0.7826851851851852 0.05754518072289157 0.10156481481481482
5 0.5297439759036144 0.7831574074074074 0.05929216867469879 0.10553703703703704
24 0.4694427710843373 0.7852777777777779 0.052424698795180726 0.10621296296296295
12 0.40917168674698795 0.7829444444444444 0.05724397590361446 0.10042592592592592
20 0.3076355421686747 0.8005462962962964 0.04625 0.07937962962962963
18 0.2590963855421687 0.80325 0.04950301204819277 0.07759259259259259
21 0.2049397590361446 0.8012870370370371 0.051400602409638556 0.0772962962962963