18 0.5551947194719472 0.4960277777777778 0.03389438943894389 0.12400925925925926
20 0.5192343234323432 0.49655555555555553 0.034066006600660066 0.11918518518518519
9 0.6734785478547856 0.6829907407407407 0.035392739273927394 0.11460185185185184
9 0.7244488448844885 0.6996944444444444 0.02867326732673267 0.1215
11 0.754871287128713 0.6983055555555555 0.03282508250825082 0.12003703703703703
1 0.6669504950495049 0.8609444444444445 0.03467986798679868 0.09010185185185185
1 0.6292739273927392 0.8613240740740741 0.03235643564356436 0.10067592592592593
1 0.5926798679867986 0.8636666666666667 0.0322046204620462 0.08465740740740742
0 0.5575577557755775 0.8651388888888889 0.031108910891089112 0.08214814814814815
0 0.519960396039604 0.8650833333333333 0.030495049504950498 0.07876851851851852
0 0.48367656765676564 0.8627407407407407 0.03718151815181518 0.08171296296296296
0 0.4441320132013201 0.8636111111111111 0.037346534653465345 0.0834537037037037
14 0.33687788778877886 0.8749814814814815 0.030653465346534653 0.09337962962962962
14 0.3036963696369637 0.8552314814814814 0.03238943894389439 0.12511111111111112
15 0.2761716171617162 0.8576666666666667 0.02928052805280528 0.1332037037037037
4 0.1506006600660066 0.8609814814814815 0.03435643564356435 0.1252685185185185