3 0.8326203703703704 0.36629400864731315 0.04353703703703704 0.08714638665843114
3 0.8794259259259259 0.36357010500308834 0.052472222222222226 0.08820877084620136
5 0.9320277777777778 0.36075972822730085 0.05076851851851852 0.08314391599752935
0 0.769962962962963 0.4655404570722669 0.04842592592592592 0.06322421247683756
0 0.7220740740740741 0.46495367510809144 0.042611111111111113 0.06063619518221124
15 0.29783333333333334 0.4687276096355775 0.036675925925925924 0.06253860407659048
15 0.33661111111111114 0.46827671402100063 0.03908333333333333 0.06657813465101915
15 0.37676851851851856 0.4702779493514515 0.03684259259259259 0.06634342186534897
14 0.4187314814814815 0.4701235330450896 0.04137037037037037 0.06603458925262508
14 0.4585092592592593 0.46806053119209384 0.03518518518518519 0.0626189005558987
14 0.4915277777777778 0.4660037059913527 0.030305555555555554 0.06485484867201977
8 0.07687962962962963 0.47441630636195187 0.06154629629629629 0.06685608400247066
26 0.8592222222222222 0.4627053736874614 0.05712037037037037 0.06751698579369982