14 0.12688888888888888 0.4234351851851852 0.03813675213675213 0.0690925925925926
14 0.18162393162393162 0.4224537037037037 0.049145299145299144 0.06944444444444445
15 0.2329059829059829 0.4186944444444444 0.04700854700854701 0.07697222222222222
5 0.4968034188034188 0.42765740740740743 0.05982905982905983 0.0763888888888889
5 0.5566324786324787 0.4233240740740741 0.05555555555555555 0.08043518518518519
4 0.616991452991453 0.4224537037037037 0.054495726495726496 0.08449074074074074
4 0.6784273504273505 0.4224537037037037 0.053418803418803416 0.08333333333333333
3 0.7355726495726496 0.4233240740740741 0.05663247863247864 0.08275925925925925
8 0.7975384615384615 0.42737037037037034 0.06090598290598291 0.07465740740740741
26 0.33066666666666666 0.5272037037037037 0.06088888888888888 0.07060185185185185
23 0.3894188034188034 0.5277777777777778 0.05663247863247864 0.07175925925925926
27 0.4471111111111111 0.5272037037037037 0.05663247863247864 0.07291666666666667
0 0.5849401709401709 0.5341481481481481 0.06304273504273504 0.06597222222222222
0 0.6447692307692308 0.5324074074074074 0.050222222222222224 0.07060185185185185
1 0.6992478632478633 0.5335648148148148 0.06302564102564102 0.06828703703703703