20 0.0684912854030501 0.05793659322944653 0.07720588235294118 0.11587318645889307
24 0.44057734204793025 0.06793659322944653 0.053507625272331154 0.13474476088124665
27 0.3855827886710239 0.06901665771090812 0.042990196078431374 0.13447608812466416
30 0.849433551198257 0.1441751746372918 0.048387799564270154 0.12001612036539494
11 0.9760130718954249 0.3224288017195056 0.023082788671023965 0.11245029554003225
10 0.9475054466230937 0.3259591617409995 0.029455337690631807 0.11156367544331006
1 0.9162690631808279 0.3281676518001075 0.024983660130718954 0.10008597528210639
0 0.8867538126361655 0.33041912950026864 0.029591503267973857 0.10617409994626545
12 0.853099128540305 0.32761418592154756 0.033175381263616556 0.11884470714669532
21 0.8149727668845316 0.3277270284793122 0.03746732026143791 0.11510478237506717
15 0.7767102396514161 0.3289844169801182 0.03504901960784313 0.11965072541644277
14 0.743235294117647 0.3304621171413219 0.03218409586056645 0.11933906501880709
6 0.6689869281045752 0.3319290703922622 0.038714596949891066 0.11715206878022569
8 0.6302287581699346 0.33554540569586244 0.03369281045751634 0.11961848468565288
26 0.5176252723311547 0.2702256851155293 0.030806100217864923 0.10420204191295002
21 0.11236383442265796 0.2701182160128963 0.05803921568627451 0.13419666845781839
20 0.16118736383442267 0.2755937667920473 0.034863834422657954 0.12765717356260076