30 0.030444444444444448 0.3320333512641205 0.059509259259259255 0.13161915008068856
12 0.12430555555555556 0.33213017751479285 0.0852037037037037 0.1265841850457235
15 0.20702777777777778 0.3337493275954815 0.06762962962962964 0.12721355567509415
15 0.4620648148148148 0.33382463690156 0.05715740740740741 0.12125874125874125
14 0.5579907407407407 0.3344271113501883 0.06147222222222222 0.12682625067240452
4 0.6199351851851852 0.3323722431414739 0.053148148148148146 0.12706831629908552
5 0.7805185185185185 0.33253899946207643 0.08800000000000001 0.1379505110274341
23 0.49512962962962964 0.5403926842388381 0.07448148148148148 0.11823023130715438
24 0.5748981481481481 0.5400968262506723 0.07744444444444444 0.12218934911242604
0 0.656037037037037 0.5435126412049489 0.07535185185185185 0.11536847767616998
1 0.7441111111111111 0.5423507261968801 0.08058333333333334 0.11684238838084993
10 0.9144814814814815 0.7338300161377085 0.07422222222222222 0.10892415277030662
11 0.8365833333333333 0.7367455621301775 0.07025925925925926 0.11315761161915008
18 0.5800092592592593 0.7330392684238838 0.08231481481481483 0.10733727810650887
14 0.18825925925925927 0.8843410435718128 0.05198148148148148 0.08384077461000539
14 0.24889814814814815 0.8807530930607853 0.0495925925925926 0.09102743410435718
15 0.3110833333333334 0.8806508875739646 0.05801851851851852 0.09421732114039806
3 0.38049074074074074 0.8838407746100053 0.06696296296296296 0.09282409897794514
3 0.5202222222222223 0.8932705755782678 0.06816666666666667 0.07395911780527166
13 0.44931481481481483 0.8928509951586875 0.06495370370370371 0.06683162990855299