20 0.12128526645768024 0.2336574074074074 0.08761755485893416 0.1123611111111111
20 0.20672413793103447 0.23887962962962964 0.07415360501567399 0.11839814814814816
18 0.10719435736677116 0.4010277777777778 0.0687460815047022 0.09706481481481481
15 0.31377742946708465 0.4005 0.05213166144200627 0.10187962962962963
3 0.37835423197492163 0.39885185185185185 0.06999999999999999 0.10562962962962963
4 0.451128526645768 0.40047222222222223 0.06750783699059561 0.10475
13 0.5133228840125392 0.4007962962962963 0.04884012539184953 0.10363888888888889
10 0.5731191222570533 0.40105555555555555 0.06512539184952977 0.10358333333333333
9 0.7147962382445141 0.40117592592592594 0.0583385579937304 0.10381481481481482
5 0.3931504702194358 0.5511759259259259 0.06890282131661442 0.10284259259259258
21 0.11468652037617555 0.5563333333333333 0.07200626959247648 0.09275
30 0.26300940438871473 0.5540092592592593 0.06343260188087774 0.10284259259259258
14 0.33031347962382446 0.552675925925926 0.045673981191222575 0.10203703703703704
12 0.46094043887147335 0.5528888888888889 0.05576802507836991 0.10557407407407407
26 0.5259404388714733 0.5549722222222222 0.06783699059561128 0.10042592592592592
27 0.5920219435736677 0.5527685185185185 0.05416927899686521 0.10036111111111111
11 0.6540909090909091 0.5544166666666667 0.06269592476489028 0.1005462962962963
9 0.7243887147335424 0.5537962962962963 0.06667711598746082 0.10427777777777779
20 0.13324451410658308 0.7119907407407408 0.07142633228840126 0.09793518518518518
19 0.2093103448275862 0.7063333333333334 0.061818181818181814 0.09832407407407408
7 0.279294670846395 0.7057685185185185 0.06017241379310345 0.10739814814814815
6 0.35344827586206895 0.703787037037037 0.0661912225705329 0.10425000000000001
14 0.435564263322884 0.707111111111111 0.05521943573667711 0.0989074074074074
22 0.5026959247648903 0.704962962962963 0.07235109717868338 0.09931481481481481
24 0.5744670846394985 0.7026203703703704 0.06344827586206896 0.09948148148148148
9 0.7789655172413793 0.7014074074074074 0.06600313479623825 0.09866666666666667
1 0.5545454545454546 0.8757962962962963 0.05804075235109718 0.09076851851851853
0 0.6234796238244513 0.8731296296296297 0.06938871473354233 0.0930462962962963