20 0.5114496717724288 0.32013020833333333 0.025815098468271333 0.08985416666666667
20 0.5391684901531729 0.3177083333333333 0.031318380743982493 0.08340624999999999
20 0.5408588621444201 0.43697916666666664 0.028780087527352297 0.07695833333333332
20 0.5106017505470459 0.43415625 0.027510940919037198 0.07615625
20 0.30873085339168493 0.4387916666666667 0.03851203501094092 0.08864583333333333
20 0.2736050328227571 0.43858854166666666 0.02666301969365427 0.09388020833333334
20 0.23847921225382931 0.4393958333333333 0.03512582056892779 0.09791145833333334
20 0.20462253829321664 0.44020312500000003 0.023276805251641136 0.09871875
20 0.17097374179431074 0.4389895833333333 0.03385667396061269 0.09791145833333334
5 0.19361597374179432 0.6176927083333333 0.02835339168490153 0.08139062500000001
4 0.15912472647702408 0.6215208333333333 0.030470459518599564 0.08340624999999999
3 0.22366520787746172 0.6164843750000001 0.030049234135667395 0.07816666666666668
14 0.12928884026258206 0.623734375 0.023276805251641136 0.08461458333333334
9 0.09945295404814004 0.6261510416666667 0.03385667396061269 0.08622916666666666
18 0.36861597374179433 0.6021770833333334 0.02962253829321663 0.06809375000000001
18 0.4742067833698031 0.5923072916666666 0.018200218818380746 0.062052083333333334
21 0.3976039387308534 0.598953125 0.024124726477024072 0.06567708333333333
19 0.42236323851203506 0.5963385416666667 0.020311816192560176 0.06527604166666666
20 0.4505032822757111 0.5957291666666666 0.024124726477024072 0.06326041666666667
19 0.5203336980306346 0.5890833333333333 0.023276805251641136 0.05963541666666667
21 0.4966356673960613 0.5912968749999999 0.02073851203501094 0.05761979166666666
21 0.5651969365426697 0.6890104166666667 0.018200218818380746 0.058020833333333334
21 0.5199124726477024 0.6946510416666667 0.02073851203501094 0.062859375
21 0.3664989059080963 0.7194322916666667 0.026236323851203502 0.06486979166666666
19 0.3937964989059081 0.7137916666666667 0.02666301969365427 0.060843749999999995
19 0.419398249452954 0.7073437499999999 0.024545951859956235 0.06406770833333333
19 0.542554704595186 0.692234375 0.020311816192560176 0.060437500000000005
21 0.6132056892778994 0.8246770833333333 0.03064551422319475 0.088171875
5 0.7170514223194748 0.6557864583333333 0.029961706783369804 0.09271354166666666
5 0.7344146608315099 0.7831822916666666 0.027921225382932166 0.08946875
5 0.7606564551422319 0.7780260416666667 0.022784463894967178 0.08844270833333333
4 0.7492669584245077 0.6495364583333333 0.028916849015317287 0.09094270833333334
3 0.6870459518599563 0.6622604166666667 0.028041575492341354 0.09636458333333334
3 0.657691466083151 0.6691458333333333 0.0262910284463895 0.09761979166666666
14 0.7847592997811816 0.7694739583333334 0.02103391684901532 0.0846875
15 0.6263621444201313 0.6762343749999999 0.027603938730853393 0.09761979166666666
12 0.7716137855579869 0.64515625 0.017527352297593 0.083015625
12 0.8077625820568928 0.7632187500000001 0.02147155361050328 0.08218229166666666
13 0.7950547045951859 0.6405677083333334 0.02672866520787746 0.08552083333333332
23 0.8195951859956236 0.6370208333333333 0.01971553610503282 0.07759374999999999
23 0.8509190371991248 0.7502864583333333 0.023659737417943107 0.07634375
24 0.8281345733041575 0.7563333333333334 0.017527352297593 0.07759374999999999
24 0.8408424507658643 0.6336822916666667 0.02015317286652079 0.07759374999999999
0 0.8864113785557987 0.6217968749999999 0.02103391684901532 0.066328125
1 0.8645021881838074 0.6305572916666667 0.024535010940919037 0.072171875
5 0.7253884026258206 0.9054739583333333 0.022346827133479213 0.07801041666666667
5 0.6988785557986871 0.9186145833333333 0.023659737417943107 0.08259895833333333