20 0.4586296296296296 0.12233088834555826 0.06684259259259259 0.14052974735126325
1 0.52025 0.12190709046454769 0.05289814814814815 0.1371393643031785
27 0.2768148148148148 0.30885085574572124 0.04947222222222222 0.11053789731051344
22 0.3279351851851852 0.3087530562347188 0.04722222222222222 0.11568867155664221
1 0.5684444444444444 0.3140342298288509 0.04937037037037037 0.1021515892420538
0 0.6223055555555556 0.31383863080684593 0.04650925925925926 0.10353708231458843
0 0.6742777777777778 0.31277098614506926 0.049 0.10765281173594132
0 0.7308703703703704 0.313039934800326 0.05159259259259259 0.1090953545232274
10 0.781962962962963 0.3117277913610432 0.04217592592592592 0.11271393643031785
30 0.32301851851851854 0.4712469437652812 0.04638888888888889 0.11288508557457212
13 0.36895370370370373 0.4738223308883456 0.03963888888888889 0.10996740016299919
13 0.40937962962962965 0.4793235533822331 0.035250000000000004 0.09752241238793806
12 0.45289814814814816 0.47957620211898944 0.04353703703703704 0.09925835370823147