11 0.04905811623246493 0.37815740740740744 0.03708416833667334 0.08946296296296297
0 0.11047094188376753 0.38308333333333333 0.03029058116232465 0.08783333333333333
0 0.1545991983967936 0.38399074074074074 0.03735470941883768 0.08214814814814815
1 0.1947695390781563 0.3875 0.03715430861723447 0.08335185185185184
1 0.2335170340681363 0.3887777777777778 0.03610220440881764 0.08711111111111111
18 0.2783066132264529 0.3814166666666667 0.04580160320641283 0.10749074074074075
21 0.3214529058116232 0.39549074074074075 0.03388777555110221 0.08662037037037036
19 0.35454909819639274 0.3946388888888889 0.03002004008016032 0.08492592592592592
19 0.39369739478957916 0.3960648148148148 0.03498997995991984 0.08837037037037036
10 0.47544088176352706 0.3978796296296296 0.040030060120240483 0.09442592592592593
4 0.8241182364729459 0.3876481481481482 0.03879759519038076 0.0945462962962963
15 0.8605210420841682 0.3889814814814815 0.03434869739478958 0.08994444444444445