18 0.42112037037037037 0.1627576902320561 0.04487037037037037 0.07282784673502428
18 0.47579629629629633 0.16119805720453317 0.045703703703703705 0.06807339449541285
19 0.5256203703703703 0.1592606583917971 0.04476851851851852 0.06598488936859147
19 0.578287037037037 0.1573178629249865 0.05156481481481481 0.06856988667026444
19 0.18291666666666667 0.31265515380464115 0.03198148148148148 0.06213707501349164
19 0.22689814814814815 0.31052347544522396 0.04036111111111111 0.060383162439287645
19 0.1894722222222222 0.47789530491095517 0.034351851851851856 0.05662169454937938
19 0.2329166666666667 0.4775175391257421 0.043805555555555556 0.05837560712358338
20 0.19291666666666665 0.5983648138154344 0.04123148148148148 0.05433890987587695
18 0.24625925925925923 0.5989908256880734 0.04122222222222222 0.056098219104155425
7 0.2886296296296297 0.6000593631948192 0.039064814814814816 0.05898003237992445
6 0.33228703703703705 0.5989314624932541 0.044648148148148145 0.05923367512142472
6 0.38499074074074074 0.5988667026443605 0.04249074074074074 0.060361575822989746
14 0.4708888888888889 0.5986832164058283 0.030518518518518518 0.06223421478683216
15 0.5100092592592592 0.5991797085806799 0.035500000000000004 0.06322180248246087
4 0.548675925925926 0.5992390717754993 0.03743518518518518 0.06458715596330275
13 0.5929074074074074 0.5990879654614139 0.03989814814814815 0.06489476524554776
27 0.6368148148148148 0.6004479222881813 0.04381481481481481 0.06266594711279007
24 0.6868703703703705 0.6013167835941716 0.04306481481481481 0.05944954128440367
10 0.8434722222222223 0.6051538046411225 0.05259259259259259 0.06712358337830544
18 0.2060925925925926 0.7165083648138154 0.03862962962962963 0.059487317862924986
21 0.25313888888888886 0.7169454937938479 0.04314814814814815 0.057781975175391256
8 0.29633333333333334 0.716092822450081 0.03553703703703704 0.06072854830005397
6 0.3341574074074074 0.7165623313545602 0.039342592592592596 0.06269293038316244
30 0.37610185185185185 0.7186292498650836 0.036314814814814814 0.06475984889368591
14 0.4235462962962963 0.7190933621154884 0.03010185185185185 0.06672423097679439
3 0.4569537037037037 0.7205936319481921 0.03127777777777778 0.06868861305990286
5 0.4913981481481482 0.7189368591473286 0.03543518518518519 0.06744738262277389
12 0.531537037037037 0.7206691851052348 0.03942592592592593 0.06729627630868862
22 0.5743703703703704 0.7241068537506745 0.04173148148148148 0.0653804641122504
11 0.7131203703703703 0.7231246627091203 0.039870370370370375 0.06651915812196438
9 0.7590185185185185 0.7243173232595791 0.04739814814814815 0.06992984349703185
20 0.176462962962963 0.8264166216945493 0.02761111111111111 0.047361036157582304
18 0.24997222222222223 0.8277010253642741 0.030453703703703705 0.050361575822989744
8 0.3243333333333333 0.8296330275229358 0.04138888888888889 0.0644954128440367
6 0.3721296296296296 0.823097679438748 0.04055555555555555 0.06427954668105774
30 0.4185185185185185 0.8262601187263896 0.03964814814814815 0.0695250944414463
14 0.5077962962962963 0.8279438747976255 0.029 0.07129519697787373
3 0.5491666666666667 0.831559633027523 0.044694444444444446 0.07049109552077712
13 0.5957685185185184 0.8333243389098759 0.04184259259259259 0.07081489476524555
27 0.6414166666666666 0.8360010793308148 0.044592592592592586 0.07188882892606584
1 0.855638888888889 0.8474042093901781 0.05148148148148148 0.06685375067458176
0 0.9111574074074074 0.8473772261198057 0.05137962962962963 0.0651969778737183