18 0.5808837209302325 0.41345312500000003 0.05676279069767442 0.06894270833333334
20 0.6363906976744186 0.412875 0.05564651162790698 0.06836458333333333
20 0.6894697674418604 0.4124166666666667 0.05373023255813953 0.068015625
16 0.7951906976744186 0.4119895833333333 0.05415813953488372 0.06886979166666667
17 0.8575441860465116 0.41124479166666666 0.06467906976744187 0.06909375
17 0.9211255813953488 0.410390625 0.0644186046511628 0.07080729166666666
21 0.1025860465116279 0.5379531249999999 0.05570232558139535 0.06659895833333333
19 0.15737674418604652 0.5370260416666667 0.053739534883720935 0.066046875
8 0.40673488372093025 0.5358802083333334 0.05356279069767442 0.07026041666666667
6 0.6882325581395349 0.5366510416666667 0.048706976744186045 0.069203125
7 0.7398883720930233 0.536109375 0.05748837209302325 0.07028645833333333
25 0.7786046511627907 0.658859375 0.05436279069767442 0.07202083333333334
26 0.6618976744186046 0.6559895833333333 0.05335813953488372 0.07583333333333334
24 0.4210232558139535 0.6528958333333333 0.0496 0.07527604166666667
14 0.2538232558139535 0.7615885416666667 0.03978604651162791 0.07318229166666666
14 0.29533953488372094 0.7608177083333333 0.03681860465116279 0.07424479166666667
30 0.3386139534883721 0.7631302083333333 0.046688372093023255 0.0710625
2 0.7066790697674418 0.9103854166666667 0.05305116279069767 0.06932291666666666
1 0.6550511627906976 0.9064479166666667 0.05127441860465116 0.071421875
0 0.5291255813953488 0.908359375 0.05506976744186047 0.07047916666666666
13 0.43362790697674414 0.9060468749999999 0.044586046511627904 0.07366145833333333
13 0.4781302325581395 0.9060572916666667 0.046837209302325586 0.07411979166666667
12 0.3445023255813953 0.90578125 0.04762790697674419 0.072265625
12 0.38968372093023257 0.9039270833333333 0.04424186046511628 0.07549479166666666
3 0.28449302325581394 0.9052291666666666 0.05232558139534884 0.07722916666666667