20 0.21349128540305012 0.21425181904460613 0.08212418300653594 0.1150079088895919
23 0.955119825708061 0.3498734577665296 0.06892156862745098 0.07686491616577032
3 0.8900381263616557 0.35310661183169884 0.06108932461873638 0.07158177791838026
3 0.8297331154684097 0.3533881683011705 0.06004901960784314 0.07161024992091111
4 0.7692538126361655 0.3575735526732047 0.0614161220043573 0.0650237266687757
4 0.7065958605664487 0.35991774754824424 0.06303376906318083 0.06329958873774122
14 0.6509967320261438 0.3559253400822524 0.04841503267973856 0.07187915216703575
19 0.33627450980392154 0.35166719392597273 0.07016884531590414 0.09167352103764631
20 0.26769607843137255 0.35878835811452076 0.06729302832244008 0.07920594748497312
18 0.20062091503267973 0.35950015817779185 0.06650871459694989 0.07956342929452705
18 0.13239651416122006 0.36113255298956026 0.06986928104575163 0.0774849731097754
21 0.0665958605664488 0.36285669092059475 0.062445533769063186 0.07879152167035748
8 0.3132843137254902 0.4893040177159127 0.06558278867102396 0.06991774754824423
10 0.6477505446623094 0.46763998734577666 0.05387799564270153 0.09069598228408732
11 0.7040958605664488 0.46765580512496047 0.060789760348583875 0.09125909522303069
5 0.535 0.6538816830117051 0.0629193899782135 0.10364125276811136
5 0.46925381263616556 0.6539860803543183 0.06663398692810457 0.10758620689655173
6 0.4023583877995643 0.6572951597595698 0.06344771241830065 0.09978171464726353
6 0.3311437908496732 0.6572192344194875 0.07369825708061002 0.10230306864916165
20 0.061476034858387804 0.8581524833913319 0.055882352941176466 0.07945270484024043
18 0.11708061002178649 0.8565928503638089 0.05303376906318083 0.0790066434672572
21 0.16959150326797387 0.8564283454602974 0.05228213507625272 0.07814615627965833
1 0.8505501089324619 0.8192407465991774 0.05845315904139433 0.07856058209427397
0 0.9079139433551199 0.8180828851629232 0.05820806100217865 0.07731414109459031
0 0.9653050108932462 0.8168364441632395 0.05894335511982571 0.07802594115786143