3 0.271000935453695 0.358328125 0.07599625818521982 0.09146875
4 0.3482132834424696 0.35876562500000003 0.07056127221702527 0.09308854166666666
5 0.42608044901777364 0.3579947916666667 0.07854069223573433 0.09379166666666668
1 0.5019831618334892 0.3628177083333333 0.06377923292797007 0.08248958333333332
1 0.5697474275023385 0.36250520833333333 0.06633302151543498 0.085609375
1 0.6463517305893358 0.36393749999999997 0.07177736202057998 0.08025
18 0.7291861552853134 0.3485052083333333 0.078933582787652 0.10696875
30 0.31188961646398505 0.515859375 0.06546304957904583 0.08160416666666667
29 0.3778016838166511 0.51809375 0.05556594948550047 0.076546875
28 0.4372310570626754 0.515234375 0.05741814780168382 0.08141145833333334
15 0.8295790458372311 0.5210208333333334 0.05550046772684752 0.06994270833333333
14 0.8885313376987839 0.5209322916666667 0.044780168381665104 0.071109375
6 0.4098596819457437 0.6603541666666667 0.055622076707203 0.07404166666666666
13 0.21109448082319926 0.8153333333333334 0.061758652946679135 0.07050000000000001
13 0.27056127221702525 0.8158958333333334 0.050916744621141256 0.08125520833333333
12 0.32421889616463984 0.8167239583333333 0.04768942937324602 0.08613020833333333
20 0.3865014031805426 0.81059375 0.06842843779232928 0.061557291666666666
18 0.4567539756782039 0.8072447916666667 0.061852198316183354 0.07359375
21 0.525622076707203 0.8209791666666667 0.06500467726847521 0.07643749999999999
19 0.5916089803554724 0.8120208333333333 0.061113189897100094 0.06523958333333334
16 0.6597100093545369 0.8127760416666666 0.06593077642656689 0.06431770833333333