27 0.12540852929453966 0.10698958333333333 0.030362694300518137 0.07636979166666666
24 0.1570346751693902 0.10929166666666666 0.028190514149063373 0.07841145833333334
6 0.29600637704264643 0.10669791666666667 0.02935432443204464 0.0749375
8 0.3466042247907533 0.10358333333333333 0.02455958549222798 0.07982291666666666
20 0.40422080510163416 0.10258333333333333 0.02266241530490235 0.07611979166666667
21 0.4340653646871263 0.13879166666666667 0.02804703068951774 0.07414583333333334
19 0.4659306496612196 0.13945833333333332 0.028310083698684735 0.073765625
20 0.5868712634515744 0.135546875 0.031127939418094858 0.09329166666666668
18 0.6195854922279792 0.136 0.031056197688322042 0.08753125
3 0.8578836189717018 0.10247395833333334 0.018413710641689916 0.062114583333333334
5 0.8796891191709844 0.10707291666666667 0.022040653646871262 0.06943229166666667
4 0.9042686329214826 0.10761458333333333 0.021315265045834992 0.07291666666666667
30 0.9272658429653249 0.11427604166666666 0.017923475488242326 0.06586458333333332
1 0.9484416102032682 0.1156875 0.01956556396970905 0.06304166666666668
1 0.9723435631725788 0.11747916666666666 0.021558389796731768 0.05944791666666667
1 0.8879354324432044 0.7719114583333333 0.021490633718612994 0.06638020833333333
0 0.9119888401753686 0.7729843750000001 0.02161817457154245 0.054703125
0 0.935532084495815 0.775546875 0.02113591072140295 0.05794791666666667
0 0.9589278597050617 0.7740885416666666 0.021801514547628537 0.05816666666666667