20 0.19719498910675382 0.35092766427388183 0.05426470588235294 0.12895085588072888
20 0.13415032679738562 0.5380618442849254 0.04596949891067539 0.08108779679734952
18 0.18185185185185185 0.5466703478741027 0.042385620915032673 0.09498619547211486
21 0.2265359477124183 0.5441800110436223 0.04340958605664488 0.08752070679182772
8 0.3111002178649237 0.5458365543898399 0.03829520697167756 0.09250138045278852
6 0.34959694989106754 0.5444892324682497 0.03431372549019608 0.08897294312534511
14 0.4135076252723312 0.5369188293760353 0.024700435729847495 0.08959138597459967
14 0.44929738562091504 0.5438155715074544 0.026748366013071897 0.09758144671452236
4 0.4838616557734205 0.5398233020430702 0.03043028322440087 0.09208172280508006
5 0.513202614379085 0.5400828271673109 0.026132897603485836 0.09260077305356156
5 0.5476089324618736 0.5419491993373827 0.031132897603485837 0.09301490889011595
21 0.1223202614379085 0.6923854224185533 0.04478213507625272 0.09305356156819437
19 0.1683061002178649 0.6884759801214798 0.04510348583877996 0.08523467697404749
7 0.2589106753812636 0.6932247377139702 0.037723311546840964 0.09473219215902816
30 0.29504901960784313 0.6891496410822749 0.031568627450980394 0.09283268912203203
30 0.32578976034858387 0.6892379900607399 0.028714596949891067 0.09122584207620099
15 0.36037581699346405 0.6904141358365543 0.030032679738562093 0.09446714522363336
12 0.3907788671023965 0.6867255659856434 0.02650871459694989 0.09066261733848702
13 0.4187962962962963 0.6848702374378796 0.02287037037037037 0.08847598012147984
10 0.49086056644880177 0.681882937603534 0.029379084967320262 0.07882937603533959
11 0.5237254901960784 0.6791717283268912 0.03137254901960784 0.07047487575924903
0 0.5580392156862745 0.6851408061844285 0.031187363834422655 0.07874102705687465
15 0.60869825708061 0.7248536720044174 0.028927015250544662 0.08840419657647708
12 0.6405664488017428 0.7229707344008834 0.03326797385620915 0.0875759249033683
13 0.6718028322440087 0.7169133075648813 0.02548474945533769 0.08867476532302596
10 0.7359967320261438 0.7048812810601878 0.03072984749455338 0.07783545002760905
11 0.77 0.700844837106571 0.03137799564270152 0.07489232468249586
0 0.8043137254901961 0.7052070679182773 0.03047385620915033 0.07994478188845941
1 0.8388126361655773 0.699144119271121 0.029204793028322438 0.07737161789066814
14 0.6572984749455337 0.5727443401435671 0.02258714596949891 0.09664273881833242
14 0.6919716775599128 0.5725400331308669 0.022892156862745098 0.0929320817228051
14 0.8204411764705882 0.5678520154610713 0.02562636165577342 0.0868580894533407
24 0.8841503267973856 0.5573495306460519 0.02715141612200436 0.07078961899503036
23 0.9142483660130719 0.562446162341248 0.02968409586056645 0.08427940364439536
4 0.7239978213507625 0.5730535615681943 0.031721132897603484 0.09396466040861402
5 0.751917211328976 0.568779679734953 0.022581699346405228 0.09118166758696852
5 0.7806481481481481 0.5662065157371619 0.028877995642701527 0.09014908890115958
3 0.8478050108932461 0.5586361126449476 0.02755446623093682 0.08160132523467697