5 0.28624756335282653 0.25243459690336356 0.023662280701754385 0.15020822210357715
4 0.30949317738791426 0.2516444207154298 0.021059941520467838 0.1454618259476775
14 0.5266642300194931 0.28415910304324615 0.014283625730994152 0.1298077949813134
14 0.5426535087719299 0.28510411105178857 0.015219298245614035 0.12537640149492793
15 0.5580653021442495 0.2862947143619861 0.017887426900584796 0.13565936999466097
13 0.6411963937621832 0.3147730912973839 0.019544346978557503 0.13567004805125468
12 0.6614839181286549 0.31674853176721834 0.01824074074074074 0.13171382808328883
1 0.7304653996101365 0.3260010678056594 0.02192007797270955 0.11700480512546717
9 0.7502144249512671 0.3202295782167645 0.01809941520467836 0.12602242391884677
10 0.7897392787524367 0.32149492792311796 0.0191812865497076 0.12222637479978644
10 0.8080774853801169 0.32284036305392416 0.015423976608187133 0.11700480512546717
11 0.8360136452241715 0.3233956219967966 0.02365009746588694 0.14500800854244528