18 0.13627766599597585 0.33636458333333336 0.02722334004024145 0.09042187500000001
21 0.16683299798792756 0.3385885416666667 0.02729979879275654 0.09140104166666667
23 0.2538108651911469 0.33891145833333336 0.02620523138832998 0.09726041666666667
24 0.28474849094567406 0.3388072916666667 0.02905835010060362 0.09965104166666668
9 0.31631388329979876 0.34043229166666666 0.028478873239436618 0.10290625
11 0.34619718309859154 0.3399479166666667 0.029895372233400407 0.102796875
10 0.3763782696177062 0.34092187500000004 0.02653923541247485 0.103015625
10 0.4042132796780684 0.34347395833333333 0.023191146881287726 0.101171875
0 0.4499637826961771 0.320453125 0.02836619718309859 0.08736979166666667
0 0.4771267605633803 0.31915104166666663 0.02263983903420523 0.08997916666666667
0 0.5029698189134809 0.31975 0.023561368209255532 0.08677083333333332
1 0.5303661971830986 0.31825 0.02635010060362173 0.08777083333333334
1 0.5571830985915492 0.31694791666666666 0.023641851106639838 0.08836979166666666
18 0.7535855130784709 0.12253125 0.035569416498993964 0.11338541666666666
20 0.7924748490945673 0.12573958333333332 0.03398792756539235 0.11280208333333334
5 0.9745633802816901 0.13720833333333332 0.02757344064386318 0.09828125