20 0.25630174291938995 0.09978757302177377 0.037745098039215684 0.09874137015400956
18 0.26327342047930286 0.24626659585767394 0.036546840958605664 0.08901752522570366
20 0.2293954248366013 0.24817312798725438 0.032538126361655775 0.08879447689856611
30 0.3693191721132898 0.37074349442379184 0.02679193899782135 0.07403611258629846
13 0.45107298474945534 0.3684333510355815 0.028883442265795208 0.07507169410515137
12 0.48096949891067536 0.3684333510355815 0.03072984749455338 0.07507169410515137
1 0.4714923747276688 0.48540095592140203 0.029983660130718952 0.0700955921402018
0 0.4409259259259259 0.48598513011152417 0.03131263616557734 0.06802973977695168
15 0.411421568627451 0.4806266595857674 0.024084967320261438 0.07426447158789166
14 0.3872058823529412 0.47887944768985663 0.02283769063180828 0.0723844928305895
8 0.3031917211328976 0.48130111524163566 0.02863834422657952 0.06754115772703134
7 0.2737527233115469 0.4810993096123207 0.027712418300653595 0.06794476898566118
23 0.4052342047930283 0.5907488050982476 0.030032679738562093 0.07224641529474243
24 0.27872549019607845 0.5833935209771641 0.02496732026143791 0.06711099309612321