20 0.3962568306010929 0.16564583333333335 0.059683060109289615 0.14781770833333333
20 0.4585737704918033 0.163484375 0.05823497267759562 0.1448125
19 0.3926065573770492 0.5328072916666666 0.04878688524590164 0.07705208333333333
21 0.44231147540983606 0.533078125 0.04487978142076503 0.07759374999999999
18 0.4908032786885246 0.5376510416666667 0.04212021857923497 0.06888020833333333
20 0.5399453551912569 0.5276354166666667 0.04691256830601093 0.086546875
20 0.617207650273224 0.5097968749999999 0.05015300546448088 0.09853125
8 0.6680983606557377 0.5099166666666667 0.046710382513661206 0.10303124999999999
7 0.7166502732240437 0.5121875 0.04455737704918033 0.104015625
6 0.7602568306010928 0.5107864583333334 0.034759562841530055 0.10050520833333333
15 0.10721311475409835 0.66596875 0.03524590163934426 0.083359375
15 0.14540983606557378 0.6665520833333333 0.03520765027322405 0.07698958333333333
14 0.1819016393442623 0.6683177083333334 0.03350819672131147 0.07717187499999999
14 0.21771584699453553 0.6668489583333332 0.032153005464480876 0.07914062499999999
3 0.25744262295081966 0.6661302083333334 0.03984153005464481 0.0770625
4 0.30218579234972676 0.6627708333333333 0.0456120218579235 0.08238020833333333
5 0.343224043715847 0.6636510416666667 0.03332786885245902 0.07780729166666665
30 0.4624043715846995 0.6626875 0.03949180327868852 0.07816145833333334
13 0.5020327868852459 0.6650572916666667 0.0333879781420765 0.07190104166666668
12 0.5429125683060109 0.665875 0.03972131147540983 0.07560416666666667
12 0.6276338797814207 0.6542760416666666 0.04189617486338798 0.074390625
12 0.6677814207650273 0.6542708333333334 0.03278688524590164 0.07438541666666666
9 0.7032896174863388 0.6517135416666666 0.03386885245901639 0.07339583333333333
24 0.7426775956284153 0.6505572916666666 0.04030601092896175 0.074234375
24 0.7860874316939891 0.6539479166666666 0.041344262295081965 0.07229166666666667
23 0.8260983606557377 0.6525572916666668 0.03330601092896175 0.07386458333333333
9 0.8635846994535519 0.7825572916666667 0.04149726775956284 0.06565104166666666
9 0.8197540983606558 0.7888541666666666 0.04174863387978142 0.052369791666666665
9 0.7762349726775957 0.7895 0.04002732240437158 0.0538125
11 0.7311639344262295 0.790890625 0.04360655737704918 0.050281250000000006
10 0.6882841530054644 0.78853125 0.03865027322404372 0.0455625
1 0.6434371584699453 0.7807968750000001 0.04137704918032787 0.059666666666666666
1 0.6051420765027323 0.780390625 0.03331147540983607 0.06624479166666666
1 0.554207650273224 0.7938541666666666 0.04261748633879781 0.060520833333333336
1 0.5075136612021858 0.7933802083333333 0.04487978142076503 0.06450520833333333
1 0.44674316939890707 0.7908854166666667 0.046153005464480874 0.06197916666666667
20 0.3061256830601093 0.792 0.031224043715846996 0.06667187499999999
20 0.2761803278688525 0.7876041666666667 0.024978142076502733 0.06589062500000001
18 0.18246994535519126 0.790203125 0.03469398907103825 0.06431250000000001
8 0.4335464480874317 0.9324427083333333 0.047437158469945354 0.09666145833333334
7 0.4828688524590164 0.9334375 0.03919672131147541 0.09540104166666666
20 0.5644972677595629 0.9317760416666666 0.03701092896174864 0.09079166666666666
20 0.6619672131147541 0.9151822916666668 0.03724043715846995 0.09133854166666668
18 0.7010601092896175 0.9129270833333333 0.03508743169398907 0.08877604166666667
21 0.7423661202185792 0.9156458333333333 0.04280874316939891 0.08838020833333333
20 0.791464480874317 0.9158645833333333 0.04841530054644808 0.09010937499999999