30 0.10871913580246914 0.1751284740429995 0.030385802469135803 0.11424750917671736
13 0.020324074074074074 0.17378605138961722 0.029598765432098766 0.11478238070267435
13 0.05465663580246913 0.1831725222863136 0.02091435185185185 0.09815941269008914
0 0.406466049382716 0.16520188778185632 0.022098765432098766 0.10298374410068169
0 0.45105709876543215 0.16627687467226007 0.03157021604938272 0.11049292081803881
0 0.48420524691358025 0.16520188778185632 0.029201388888888888 0.11156790770844258
3 0.6347569444444444 0.16359727320398532 0.028807870370370373 0.12444153120083902
3 0.6738233024691358 0.16600943890928158 0.029598765432098766 0.11961195595175668
18 0.747619598765432 0.15421080230728892 0.028016975308641976 0.10781331934976403
18 0.7772183641975309 0.15125852123754588 0.030385802469135803 0.10620346093340326
19 0.807800925925926 0.15152595700052437 0.028414351851851854 0.10030414263240692
10 0.8462770061728396 0.14642894598846357 0.028016975308641976 0.11156790770844258
24 0.8817939814814816 0.14562663869952805 0.028807870370370373 0.1099580492920818