20 0.3443627450980392 0.12488496522204387 0.03673202614379085 0.10204922418405564
18 0.38396514161220047 0.12488496522204387 0.03673202614379085 0.10317817014446228
12 0.7056590413943354 0.13108614232209737 0.029270152505446623 0.08738897806313538
13 0.7343572984749455 0.12995719636169073 0.025827886710239653 0.09189941144997324
30 0.7954847494553376 0.12911182450508293 0.029847494553376906 0.09246655965757089
14 0.8194607843137255 0.2848849652220439 0.023540305010893246 0.08605136436597112
15 0.8449291938997822 0.2843178170144462 0.025081699346405226 0.08795077581594435
5 0.7588779956427015 0.2816639914392723 0.02894335511982571 0.088705189941145
4 0.7256862745098038 0.28223113964686997 0.02894335511982571 0.08908507223113965
3 0.789553376906318 0.282043873729267 0.02778322440087146 0.09022471910112359
0 0.6973257080610021 0.28450508293204924 0.024694989106753815 0.08150347779561264
0 0.6670315904139434 0.2843178170144462 0.029716775599128543 0.0758159443552702
1 0.6344226579520696 0.2852648475120385 0.03318627450980392 0.08226324237560192
19 0.4868137254901961 0.28014446227929374 0.03203159041394336 0.07808988764044943
21 0.45227668845315905 0.2805243445692884 0.029330065359477124 0.07960941680042803
18 0.417739651416122 0.28109149277688605 0.03125816993464052 0.08074371321562332
20 0.38300653594771245 0.2805243445692884 0.029716775599128543 0.07808988764044943
7 0.24986928104575162 0.2793900481540931 0.029716775599128543 0.07808988764044943
8 0.1848474945533769 0.2788175494917068 0.03241830065359477 0.0792295345104334
27 0.10014161220043574 0.27559657570893525 0.03125816993464052 0.07808988764044943