15 0.024665523156089195 0.2829907407407407 0.049313893653516294 0.10069444444444445
15 0.07718696397941681 0.2847222222222222 0.05574614065180103 0.09722222222222222
30 0.137221269296741 0.2887777777777778 0.060034305317324184 0.10069444444444445
12 0.26051457975986275 0.2934074074074074 0.05789022298456261 0.09375
13 0.32054888507718693 0.29225 0.06646655231560893 0.09606481481481481
20 0.8469125214408233 0.2951388888888889 0.07718696397941681 0.1111111111111111
20 0.9283876500857633 0.2974537037037037 0.08147512864493997 0.1111111111111111
20 0.7890222984562607 0.46875 0.05574614065180103 0.08564814814814815
1 0.4631217838765009 0.45949074074074076 0.0686106346483705 0.08796296296296297
0 0.5317324185248714 0.4618055555555556 0.0686106346483705 0.08564814814814815
18 0.6035677530017153 0.46412037037037035 0.06646655231560893 0.08564814814814815
18 0.8908747855917667 0.47685185185185186 0.049313893653516294 0.07175925925925926
21 0.7246998284734134 0.46817592592592594 0.06432246998284734 0.08217592592592593
21 0.9412521440823327 0.47859259259259257 0.051457975986277875 0.06828703703703703