20 0.06732098765432099 0.26507166482910693 0.020314814814814817 0.1312568908489526
20 0.08937037037037036 0.2642888643880926 0.021656378600823045 0.13282249173098126
19 0.2429485596707819 0.27654355016538035 0.016781893004115228 0.10598676957001102
21 0.2616728395061728 0.276367144432194 0.018407407407407407 0.10912348401323042
21 0.28124485596707816 0.27549614112458654 0.017818930041152262 0.10389195148842338
20 0.020790123456790124 0.654090407938258 0.02355761316872428 0.12154906284454245
20 0.044127572016460906 0.6579162072767365 0.022646090534979426 0.1366979051819184
18 0.06727366255144032 0.6570948180815877 0.020236625514403292 0.13954796030871003
18 0.12538271604938273 0.6731422271223815 0.017777777777777778 0.10865490628445425
18 0.14472222222222222 0.6756174200661521 0.016709876543209875 0.1121058434399118
20 0.08815843621399176 0.669614112458655 0.01610493827160494 0.10009922822491732
20 0.10593209876543211 0.668941565600882 0.01638065843621399 0.10625137816979052
21 0.16390123456790123 0.668941565600882 0.016442386831275718 0.10625137816979052
21 0.1860679012345679 0.6709647188533628 0.0159917695473251 0.1118026460859978
14 0.3516522633744856 0.27212238147739803 0.01158641975308642 0.10845644983461963
14 0.3654135802469136 0.2732359426681367 0.012829218106995884 0.11809261300992283
14 0.38769135802469135 0.24257442116868796 0.011876543209876543 0.1179162072767365
14 0.40331893004115227 0.24211135611907386 0.013257201646090537 0.11884233737596472
14 0.41970781893004117 0.2430374862183021 0.012561728395061728 0.11550716648291069
14 0.43661522633744854 0.23859426681367144 0.014150205761316871 0.1229162072767365
14 0.4557366255144033 0.6672546857772879 0.01297119341563786 0.12608048511576628
14 0.471917695473251 0.6683682469680265 0.014905349794238682 0.13571664829106947
15 0.4897489711934156 0.667045203969129 0.013699588477366255 0.12552921719955898
15 0.5056172839506173 0.6705788313120177 0.014800411522633746 0.12766813671444321
15 0.5220679012345679 0.6713175303197354 0.012775720164609055 0.12750275633958102
6 0.4871440329218107 0.45454244762954793 0.018907407407407407 0.11749173098125688
6 0.510119341563786 0.45716648291069456 0.019516460905349794 0.11617971334068357
7 0.5605802469135802 0.4559371554575524 0.019458847736625512 0.10288313120176405
13 0.591858024691358 0.6674421168687983 0.01782716049382716 0.12563947078280044
13 0.6079958847736626 0.6725964718853362 0.014559670781893005 0.12622381477398015
13 0.6258765432098766 0.6734729878721059 0.017674897119341566 0.12603087100330762
12 0.6429958847736625 0.6761907386990077 0.016512345679012344 0.12369900771775082
12 0.6603662551440329 0.6765821389195148 0.017742798353909465 0.1244762954796031
0 0.7736543209876543 0.4723208379272326 0.02030246913580247 0.12083792723263505
10 0.8172160493827161 0.46519294377067255 0.020473251028806583 0.12439911797133407
10 0.8383703703703703 0.4661576626240353 0.014045267489711934 0.13077728776185227
10 0.8636790123456789 0.4748401323042999 0.01703292181069959 0.12410143329658214
10 0.8858847736625514 0.47588202866593166 0.018246913580246917 0.1220231532524807
11 0.9092304526748971 0.4767695700110254 0.019522633744855966 0.12380374862183022
11 0.9325164609053498 0.47855016538037487 0.016806584362139918 0.12143329658213892
11 0.9523559670781893 0.47766262403528115 0.01716255144032922 0.11965270121278943
30 0.7682818930041152 0.6819018743109151 0.016718106995884774 0.1302425578831312
30 0.7859197530864198 0.6858158765159867 0.016664609053497943 0.13669239250275633
30 0.8034300411522634 0.6872546857772878 0.01686625514403292 0.13271775082690188
3 0.8846954732510288 0.692954796030871 0.017078189300411523 0.14000551267916206
3 0.9042283950617285 0.6913120176405733 0.018969135802469134 0.13670893054024255