6 0.34368392370572204 0.16917585784313727 0.06565122615803815 0.09293811274509804
6 0.41238692098092644 0.1684375 0.06326975476839236 0.09441176470588236
20 0.09817983651226157 0.4745373774509804 0.07790735694822888 0.11521139705882354
20 0.2195040871934605 0.48 0.06892643051771118 0.0907720588235294
20 0.29048501362397816 0.48018382352941175 0.062359673024523166 0.09408700980392158
21 0.4058092643051771 0.4837469362745098 0.06932970027247956 0.09924938725490196
21 0.47046321525885554 0.4766237745098039 0.058844686648501364 0.09384191176470588
21 0.5374059945504087 0.4831341911764706 0.07040871934604905 0.09802083333333333
16 0.649574931880109 0.4850980392156862 0.057106267029972756 0.08917892156862745
17 0.7186702997275204 0.48415747549019605 0.06375476839237057 0.08912071078431372
17 0.7875367847411445 0.4837530637254902 0.06869209809264305 0.08903186274509804
4 0.36166212534059944 0.6692003676470588 0.0372425068119891 0.08342830882352942
3 0.4220326975476839 0.6718137254901961 0.058817438692098094 0.08295343137254901
28 0.8466049046321525 0.6865716911764705 0.04732970027247956 0.07341911764705882
29 0.7999945504087194 0.685765931372549 0.04412534059945504 0.0778921568627451
30 0.7518528610354224 0.6859252450980392 0.04328065395095368 0.07440870098039216
14 0.3870735694822888 0.7842401960784314 0.03754768392370573 0.07067095588235293
14 0.4269536784741145 0.7846047794117647 0.03537329700272479 0.06945159313725491
15 0.468441416893733 0.7944914215686274 0.03989100817438692 0.07751225490196079
13 0.6294931880108992 0.8008363970588235 0.0391008174386921 0.07068321078431372
12 0.6727683923705722 0.8020802696078431 0.04162942779291553 0.06965686274509804
12 0.7173787465940055 0.801859681372549 0.046130790190735696 0.0696078431372549
1 0.7874277929155313 0.8029105392156862 0.04874659400544959 0.06897365196078431
0 0.83941689373297 0.8031280637254902 0.04926430517711172 0.06511948529411765
2 0.8933569482288828 0.803658088235294 0.0495149863760218 0.0677420343137255
2 0.9467411444141689 0.8033425245098039 0.04865940054495913 0.0678890931372549
26 0.5457384196185285 0.9174417892156863 0.0448283378746594 0.07687806372549019
26 0.6387520435967302 0.9226133578431372 0.04736784741144414 0.07276960784313725
25 0.6892697547683924 0.9222702205882353 0.05002179836512262 0.07158394607843137
23 0.7422343324250681 0.9221752450980393 0.053122615803814714 0.07488664215686275