7 0.9239904306220096 0.4684635416666667 0.05751196172248804 0.07784895833333333
8 0.8614736842105263 0.46574479166666666 0.04951196172248804 0.08275
6 0.8122105263157895 0.46479166666666666 0.045014354066985646 0.08738020833333333
0 0.6494162679425837 0.46901041666666665 0.04851674641148326 0.07458333333333332
0 0.5906507177033493 0.46928125 0.05501435406698565 0.07621875
27 0.5318851674641148 0.467375 0.05251674641148325 0.07948437500000001
24 0.4748708133971292 0.46696875000000004 0.05251674641148325 0.07703645833333334
11 0.3583444976076555 0.46669791666666666 0.04851674641148326 0.08084375
10 0.41711004784688993 0.46655729166666665 0.05400956937799043 0.07948437500000001
20 0.18504306220095695 0.46832812500000004 0.059014354066985644 0.07267708333333332
18 0.2445645933014354 0.46805729166666665 0.053014354066985646 0.073765625
21 0.2998277511961722 0.46941666666666665 0.05051674641148325 0.07648958333333335
5 0.18779904306220097 0.29752083333333335 0.04851674641148326 0.08275
5 0.1320382775119617 0.29466145833333335 0.05400956937799043 0.08519791666666668
4 0.07702392344497608 0.2945260416666667 0.04901435406698564 0.08383854166666667
4 0.026258373205741627 0.29425520833333335 0.04551196172248804 0.08438541666666667
9 0.24205741626794258 0.29725 0.053014354066985646 0.08492708333333333
20 0.3678468899521531 0.292484375 0.06551196172248804 0.09336458333333333
18 0.44086124401913873 0.2926197916666667 0.06451674641148325 0.09472916666666667