3 0.756 0.5118439337252806 0.08213888888888889 0.1239604489577766
5 0.8434166666666667 0.511336183858899 0.0827037037037037 0.12497594869053982
30 0.9267314814814814 0.5117904863709246 0.08680555555555555 0.12045430251202566
12 0.07163888888888889 0.6957990379476215 0.0821851851851852 0.11976483164083379
10 0.16611111111111113 0.6961945483698556 0.09685185185185184 0.12621058257616247
15 0.25255555555555553 0.6961945483698556 0.06805555555555555 0.12621058257616247
15 0.3250092592592593 0.6952912880812401 0.06725925925925925 0.12440406199893105
21 0.6077685185185185 0.7098717263495458 0.06569444444444444 0.10157135221806521
0 0.7481574074074074 0.6986851950828434 0.08721296296296296 0.12666488508818813
0 0.8424351851851852 0.6965900587920898 0.09443518518518518 0.12361304115446285
0 0.9430740740740741 0.6984553714591127 0.09990740740740742 0.13073222875467663