30 0.3520758661887694 0.20609299839657938 0.028832138590203105 0.15042757883484767
12 0.3813679808841099 0.20545163014430784 0.02681899641577061 0.14569748797434529
14 0.40855734767025087 0.2052966328166756 0.022374551971326165 0.14121859967931588
15 0.43287933094384706 0.2084339925173704 0.022443249701314217 0.14097808658471406
2 0.46089605734767025 0.21045964724746125 0.03051373954599761 0.14175841795831107
0 0.49601553166069295 0.20545163014430784 0.02910394265232975 0.12523249599144842
1 0.5286140979689367 0.2090700160342063 0.027514934289127838 0.13246926777124532
20 0.5921953405017921 0.13442544094067344 0.044020310633213856 0.19583645109567077
11 0.9673835125448029 0.4647300908605024 0.03408900836320191 0.1258898984500267
19 0.8647281959378734 0.48393907001603426 0.03675328554360812 0.13768572955638697
19 0.8278554360812425 0.48112773917691076 0.035952807646356034 0.12308391234633885
21 0.7909318996415771 0.4871191876002138 0.03444145758661888 0.12427578834847676
19 0.7584289127837515 0.4196044895777659 0.029722222222222223 0.13595403527525388
21 0.7243309438470729 0.4198770710849813 0.034468339307048984 0.13300908605024053
18 0.6882974910394265 0.42443078567610903 0.03474014336917563 0.13158738642437198
20 0.6517293906810036 0.42149652592196685 0.034543010752688175 0.1278727952966328
6 0.6162126642771804 0.4182576162479957 0.03223715651135006 0.1451309460181721
7 0.5820818399044205 0.4213415285943346 0.03209677419354839 0.14375200427578833
27 0.5560095579450418 0.4218813468733298 0.016117084826762246 0.14267236771779795