13 0.07708413001912046 0.22721354166666666 0.05616634799235182 0.08333333333333333
12 0.12966539196940727 0.22395833333333334 0.0489961759082218 0.08333333333333333
0 0.3698661567877629 0.228515625 0.06333652007648184 0.07942708333333333
1 0.4349904397705545 0.22721354166666666 0.05975143403441682 0.078125
10 0.5467304015296367 0.22526041666666666 0.06333652007648184 0.08723958333333333
11 0.6100669216061185 0.22558854166666667 0.05616634799235182 0.083984375
14 0.09022944550669215 0.3697916666666667 0.0394359464627151 0.07552083333333333
15 0.1344455066921606 0.3704427083333333 0.04182600382409178 0.07421875
3 0.18522944550669215 0.37011979166666664 0.052581261950286805 0.080078125
4 0.24617590822179733 0.3697916666666667 0.05736137667304015 0.078125
5 0.3053346080305927 0.3704427083333333 0.05855640535372849 0.07942708333333333
5 0.3686711281070746 0.3707708333333333 0.06333652007648184 0.07877604166666667
20 0.43439770554493307 0.375 0.06094646271510516 0.07421875
21 0.49952198852772467 0.375328125 0.05975143403441682 0.072265625
20 0.5556883365200764 0.3811875 0.04541108986615679 0.059244791666666664
18 0.6052868068833652 0.3811875 0.0489961759082218 0.055338541666666664
18 0.6596558317399618 0.383140625 0.04780114722753346 0.059244791666666664