20 0.27053571428571427 0.47572916666666665 0.030178571428571426 0.06271354166666666
18 0.3008035714285714 0.47484375 0.024386160714285714 0.05971875
21 0.3265234375 0.4754375 0.022633928571428572 0.06397395833333333
11 0.4847823660714286 0.47507812499999996 0.025887276785714286 0.06877604166666668
10 0.5162834821428571 0.47700000000000004 0.029129464285714286 0.068328125
5 0.6029799107142857 0.31625520833333337 0.027622767857142856 0.10428645833333333
5 0.6387220982142857 0.31547395833333336 0.04034598214285714 0.10344791666666667
5 0.6858258928571429 0.31687499999999996 0.040223214285714286 0.09903645833333334
4 0.7283258928571429 0.31863541666666667 0.036300223214285714 0.10111979166666667
4 0.7649051339285714 0.31881770833333334 0.03136160714285714 0.10076041666666667
4 0.8012220982142857 0.32071875 0.037505580357142854 0.09878125
29 0.8353292410714286 0.321296875 0.02603236607142857 0.09368749999999999
29 0.8637890625000001 0.32207291666666665 0.028141741071428573 0.091546875
29 0.8897600446428572 0.3226145833333333 0.01991629464285714 0.09105208333333333
30 0.9176395089285715 0.3241822916666666 0.02963169642857143 0.08732812499999999
30 0.9509151785714286 0.3255416666666667 0.03377232142857143 0.086359375
30 0.9843470982142858 0.3248697916666667 0.026796875 0.087125
6 0.028515625 0.581921875 0.03200892857142857 0.06514583333333333
6 0.06487165178571429 0.583 0.02955357142857143 0.06889062500000001
10 0.3502232142857143 0.7892552083333333 0.03183035714285714 0.08541666666666667
11 0.3232087053571429 0.9093125000000001 0.028777901785714287 0.068859375
10 0.3544308035714286 0.9047447916666667 0.028710937500000002 0.081046875
21 0.6328236607142858 0.8868645833333333 0.03629464285714286 0.07671875
21 0.6709375 0.8802395833333333 0.0377734375 0.07259895833333332
29 0.5993861607142856 0.762140625 0.022488839285714286 0.07906770833333333
29 0.6284430803571429 0.755578125 0.032098214285714285 0.08433854166666667
29 0.6601283482142858 0.749625 0.0280078125 0.08445833333333333
29 0.6890345982142857 0.7423385416666667 0.026707589285714286 0.083328125
29 0.7200055803571429 0.7401979166666667 0.031043526785714287 0.08603645833333333
29 0.7503683035714286 0.7363333333333333 0.02657924107142857 0.08051562500000001
30 0.7774832589285714 0.7299322916666667 0.02396205357142857 0.077609375
30 0.8048716517857143 0.7270677083333333 0.024933035714285713 0.07470833333333333
30 0.8315457589285715 0.7244739583333334 0.023705357142857143 0.07518229166666666
30 0.8581808035714286 0.7203489583333333 0.025435267857142858 0.07400520833333334
30 0.8861830357142857 0.716671875 0.024084821428571428 0.07585416666666665
21 0.5268638392857142 0.799359375 0.028214285714285716 0.061390625000000004
21 0.4960491071428571 0.7964635416666667 0.027142857142857142 0.064171875
20 0.4426450892857143 0.7974583333333333 0.029949776785714286 0.06044791666666667
13 0.6200334821428571 0.47308333333333336 0.03983816964285714 0.09597395833333335
13 0.6583816964285714 0.472546875 0.03183035714285714 0.09095833333333332
13 0.6900223214285715 0.47134895833333335 0.02625 0.09049479166666667
13 0.7194308035714286 0.4688697916666667 0.029296875 0.09260416666666667
13 0.7492578125 0.4671927083333333 0.026283482142857143 0.09310416666666667
13 0.7793694196428572 0.46803125 0.02728236607142857 0.08643229166666666
13 0.8085435267857143 0.46528125000000004 0.027103794642857143 0.08479166666666667
13 0.8365680803571429 0.46425 0.025301339285714288 0.08400520833333333
13 0.8658761160714287 0.46166145833333333 0.026757812500000002 0.082046875
13 0.8927678571428571 0.46014583333333337 0.02200892857142857 0.08222395833333333
13 0.9164508928571429 0.45830729166666667 0.02185825892857143 0.08304687499999999
13 0.9444754464285714 0.4576822916666667 0.0286328125 0.08501041666666667
13 0.9742912946428571 0.4546458333333333 0.025658482142857143 0.08536979166666667