5 0.02739969135802469 0.18423837520042757 0.03876157407407407 0.1592410475681454
0 0.06966820987654321 0.19048637092463921 0.04176697530864198 0.15229823623730623
0 0.11260802469135803 0.19535008017103153 0.03942901234567901 0.1453554249064671
1 0.1580516975308642 0.19719935863174773 0.04076774691358025 0.14905932656333512
1 0.2011574074074074 0.19951362907536077 0.038094135802469134 0.1564671298770711
6 0.5257793209876543 0.16363976483164083 0.043773148148148144 0.16618385889898452
8 0.5730632716049383 0.163174772848744 0.0441087962962963 0.1698877605558525
7 0.6203433641975309 0.16363976483164083 0.04577932098765432 0.16803848209513628
14 0.8604282407407408 0.19951362907536077 0.029405864197530864 0.1527632282202031
12 0.823341049382716 0.19858898984500267 0.03475308641975309 0.15461250668091928
20 0.9020331790123457 0.18470336718332442 0.049787808641975316 0.18516301443078567
20 0.9833449074074074 0.2073864243719936 0.033310185185185186 0.14905932656333512
20 0.9469753086419753 0.20923570283270979 0.03274691358024691 0.15090860502405132