1 0.35004991680532443 0.37422222222222223 0.06955074875207987 0.0938888888888889
1 0.41913477537437605 0.37407407407407406 0.059567387687188014 0.0905462962962963
1 0.4784193011647254 0.3747592592592593 0.053427620632279536 0.0903888888888889
18 0.9145257903494176 0.3607037037037037 0.055806988352745425 0.10983333333333334
3 0.06083194675540766 0.5371944444444444 0.061264559068219634 0.09737962962962964
4 0.12990016638935106 0.5338148148148149 0.06740432612312812 0.10007407407407408
11 0.35635607321131446 0.52825 0.061514143094841926 0.09403703703703704
11 0.42450915141430945 0.5260648148148148 0.06321131447587355 0.09258333333333332
13 0.5115640599001664 0.5231574074074073 0.06086522462562396 0.09257407407407407
20 0.8453910149750415 0.5101296296296297 0.04881863560732113 0.07671296296296296
18 0.907603993344426 0.5099537037037037 0.04777038269550749 0.07416666666666666