5 0.04967320261437909 0.09377368706009745 0.0567755991285403 0.13120736329182459
5 0.10993464052287581 0.0967677314564158 0.05933006535947713 0.12827287493232267
4 0.16942810457516339 0.0976610720086627 0.05009259259259259 0.127509474824039
19 0.5145098039215686 0.110979967514889 0.05252178649237473 0.1055387114239307
21 0.13322984749455338 0.2983757444504602 0.05179738562091503 0.1075798592311857
20 0.19382897603485838 0.2933622089875474 0.0482843137254902 0.11983757444504602
6 0.3696786492374728 0.2955170546832702 0.05110021786492374 0.12554953979426095
8 0.4257244008714597 0.2949648077964266 0.05108932461873638 0.12443421765024365
26 0.6216938997821351 0.2622956145100162 0.054057734204793026 0.13069301570113698
24 0.6811492374727668 0.2657769355711965 0.05191176470588235 0.13153221440173254
14 0.8488779956427015 0.26668651867893883 0.03987472766884531 0.13194910665944776
0 0.896797385620915 0.27274499187872225 0.04602941176470589 0.12317812669193286
1 0.9535403050108933 0.27378992961559284 0.04461873638344227 0.12665944775311316