6 0.38878703703703704 0.27775476839237057 0.10780555555555556 0.15726975476839236
11 0.6330648148148148 0.4907138964577657 0.0940462962962963 0.13904632152588556
10 0.7305462962962963 0.49408719346049046 0.09175 0.13904632152588556
18 0.3142407407407407 0.49712806539509535 0.10780555555555556 0.13432152588555857
5 0.2683611111111111 0.7036730245231607 0.09862962962962962 0.12217438692098093
4 0.37100925925925926 0.6979346049046322 0.09289814814814815 0.12554768392370572
29 0.46906481481481477 0.6959128065395095 0.08257407407407408 0.11609809264305176
30 0.5608055555555556 0.6894986376021799 0.08027777777777778 0.12217438692098093
30 0.6571481481481481 0.690174386920981 0.08257407407407408 0.11811989100817438
11 0.32778703703703704 0.8727302452316077 0.0874074074074074 0.13596185286103543
10 0.454212962962963 0.8809972752043598 0.10925925925925926 0.09554223433242506