6 0.3883819095477387 0.3041759259259259 0.03735678391959799 0.12202777777777778
7 0.4541206030150754 0.30730555555555555 0.032994974874371856 0.12112962962962963
11 0.9152663316582915 0.4977129629629629 0.05094472361809045 0.11219444444444444
11 0.8635979899497487 0.4957037037037037 0.046572864321608044 0.11353703703703705
15 0.7554070351758794 0.495037037037037 0.03687437185929648 0.11398148148148148
12 0.6838492462311557 0.4919074074074074 0.04221105527638191 0.10862037037037037
13 0.6401809045226131 0.4896666666666667 0.0392964824120603 0.10503703703703704
13 0.6045226130653266 0.4898981481481482 0.03008040201005025 0.10012037037037036
4 0.5264120603015076 0.4691111111111111 0.037839195979899494 0.09341666666666666
3 0.4842010050251256 0.4715648148148148 0.039778894472361805 0.08492592592592592
0 0.20788944723618089 0.46620370370370373 0.05384924623115578 0.08671296296296296
1 0.1528241206030151 0.4592777777777778 0.042693467336683416 0.09252777777777778
23 0.10696482412060303 0.45889814814814817 0.04516582914572864 0.09651851851851852