20 0.27350746268656717 0.11203125 0.06404850746268656 0.08824479166666667
18 0.3363805970149254 0.116953125 0.0546455223880597 0.07512500000000001
10 0.39660447761194034 0.116953125 0.05640858208955224 0.07906250000000001
7 0.45388992537313433 0.12138020833333334 0.05229477611940299 0.07676562499999999
7 0.5041324626865671 0.12597395833333333 0.04230410447761194 0.068234375
30 0.596669776119403 0.11973958333333333 0.04289179104477612 0.08529687500000001
30 0.5505503731343284 0.12203645833333333 0.044654850746268654 0.07676562499999999
20 0.26263992537313435 0.41220312499999995 0.058759328358208955 0.08955729166666666
20 0.3296268656716418 0.41384375 0.06111007462686568 0.09021354166666667
18 0.4486007462686567 0.415484375 0.05229477611940299 0.08955729166666666
8 0.6804011194029851 0.6884270833333334 0.04818097014925373 0.0738125
7 0.5775746268656716 0.6882604166666667 0.044654850746268654 0.072171875
0 0.524990671641791 0.6851458333333333 0.04759328358208956 0.07446875
0 0.47152052238805975 0.6864583333333333 0.04876865671641791 0.07446875
1 0.42245335820895524 0.6871145833333333 0.04818097014925373 0.07315625
21 0.3704570895522388 0.6858020833333334 0.05229477611940299 0.07053124999999999
21 0.31287313432835817 0.6851458333333333 0.05347014925373134 0.07184375
30 0.8287593283582089 0.6877708333333333 0.04641791044776119 0.07578125
30 0.7817537313432835 0.6871145833333333 0.04171641791044776 0.07446875
27 0.8181809701492537 0.7940572916666666 0.05229477611940299 0.07315625
1 0.7614832089552238 0.79078125 0.04818097014925373 0.07709375
12 0.7115391791044776 0.7938958333333334 0.045830223880597015 0.08267187499999999
13 0.6615951492537313 0.7914375 0.04230410447761194 0.07643749999999999
5 0.5141138059701492 0.7875 0.03995335820895522 0.07906250000000001
4 0.5622947761194029 0.7896302083333333 0.04700559701492538 0.075453125
4 0.6184141791044777 0.788484375 0.0405410447761194 0.07775
9 0.40335820895522384 0.91871875 0.045242537313432835 0.07578125
10 0.4541884328358209 0.919375 0.04818097014925373 0.0738125
11 0.5053078358208956 0.9188854166666667 0.05170708955223881 0.07282812500000001
22 0.6933208955223881 0.918390625 0.049356343283582085 0.0711875