20 0.091296 0.11816666666666667 0.078336 0.09475925925925927
20 0.169488 0.122 0.068384 0.0994074074074074
18 0.245552 0.11419444444444445 0.069776 0.0807962962962963
21 0.317312 0.11837037037037038 0.070336 0.08613888888888889
20 0.063712 0.2565462962962963 0.080144 0.0879537037037037
18 0.142176 0.2551574074074074 0.06944 0.08712962962962963
18 0.21622399999999997 0.26199999999999996 0.07672000000000001 0.09110185185185185
21 0.29217600000000005 0.2647777777777778 0.071056 0.09084259259259259
21 0.36492800000000003 0.2670740740740741 0.065696 0.0915462962962963
7 0.8774559999999999 0.2698888888888889 0.05816 0.08943518518518519
21 0.09472 0.4036574074074074 0.051632000000000004 0.06205555555555555
21 0.041184 0.4022037037037037 0.045392 0.06497222222222222
28 0.528096 0.3960740740740741 0.05008 0.08957407407407407
29 0.583104 0.3937314814814815 0.0528 0.09072222222222223
30 0.697216 0.3932962962962963 0.05305599999999999 0.0898425925925926
13 0.6421279999999999 0.3922777777777778 0.053536 0.09362962962962963
12 0.758 0.3932962962962963 0.047248000000000005 0.0898425925925926
15 0.8984 0.39187962962962963 0.049776 0.09089814814814814
6 0.266416 0.5378148148148149 0.069744 0.08412962962962962
7 0.33408000000000004 0.5358981481481482 0.06667200000000001 0.08168518518518518
8 0.464896 0.5395092592592592 0.058704 0.082
3 0.027472000000000003 0.7877037037037037 0.049024 0.08005555555555555
3 0.08643200000000001 0.786425925925926 0.066544 0.07887037037037038
3 0.151632 0.7827685185185185 0.06256 0.08247222222222221
3 0.215104 0.7837314814814814 0.05985599999999999 0.08302777777777778
4 0.276752 0.7821759259259259 0.062928 0.07992592592592591
4 0.33648 0.7809074074074074 0.052736 0.07875
0 0.516736 0.7777407407407407 0.04784 0.07514814814814814
0 0.578752 0.7752314814814815 0.058736000000000003 0.07148148148148148
0 0.6478079999999999 0.7741203703703703 0.057744000000000004 0.07743518518518518
1 0.7074239999999999 0.7725925925925926 0.052032 0.07303703703703704