5 0.1596887159533074 0.2891927083333333 0.06660505836575875 0.08053125
10 0.810535019455253 0.7394270833333334 0.0700875486381323 0.10111979166666667
11 0.659805447470817 0.740109375 0.0791147859922179 0.09896875000000001
8 0.2978015564202334 0.7408333333333333 0.06289883268482489 0.09830208333333333
6 0.36589494163424124 0.7415208333333333 0.07146887159533073 0.09615104166666667
20 0.06998054474708171 0.7419895833333333 0.0782295719844358 0.09286458333333333
18 0.1478988326848249 0.7418541666666666 0.07883268482490273 0.09470312500000001
21 0.2258560311284047 0.74234375 0.08082684824902724 0.09216145833333332
20 0.05069066147859922 0.9268489583333334 0.07912451361867705 0.10052604166666666
18 0.12502918287937742 0.927984375 0.07519455252918288 0.101390625
21 0.20098249027237355 0.9283541666666667 0.07974708171206225 0.10142708333333333
11 0.753715953307393 0.9259479166666666 0.07486381322957197 0.10858854166666668
10 0.8956322957198444 0.927984375 0.07321984435797665 0.10843229166666667