3 0.21506631299734746 0.3274814814814815 0.026319628647214852 0.08308333333333334
20 0.3232758620689655 0.3347222222222222 0.026359416445623344 0.0918611111111111
20 0.3744164456233422 0.3439907407407407 0.019748010610079577 0.06986111111111111
18 0.39619363395225465 0.33955555555555555 0.019084880636604774 0.06375
26 0.6168567639257294 0.15096296296296297 0.03049071618037135 0.10842592592592593
26 0.645106100795756 0.16006481481481483 0.025026525198938995 0.11482407407407408
27 0.6750331564986738 0.16099074074074074 0.028541114058355438 0.12159259259259259
8 0.7466379310344828 0.1802222222222222 0.032327586206896554 0.11385185185185184
7 0.7875198938992042 0.18225000000000002 0.031717506631299734 0.11594444444444445
11 0.8183753315649867 0.1791851851851852 0.025125994694960213 0.11962962962962961
10 0.8494031830238727 0.17376851851851852 0.0336604774535809 0.11569444444444445
1 0.8862798408488064 0.18391666666666667 0.032075596816976124 0.11139814814814815
0 0.9262798408488063 0.1847777777777778 0.03391246684350133 0.11213888888888889
20 0.6180305039787799 0.3775 0.022201591511936337 0.08112962962962963
18 0.646054376657825 0.3747685185185185 0.0251657824933687 0.07567592592592592
21 0.6705238726790451 0.3736851851851852 0.02039787798408488 0.0735
4 0.7533090185676392 0.37766666666666665 0.028600795755968172 0.10587962962962963
5 0.7832427055702919 0.37395370370370373 0.02789787798408488 0.10457407407407407
3 0.814708222811671 0.37695370370370374 0.02899867374005305 0.1062037037037037
9 0.8393037135278515 0.3743333333333333 0.021744031830238725 0.11318518518518518