1 0.7882882385422418 0.1009375 0.05046383213694092 0.13648958333333333
20 0.02827167310877968 0.3002239583333333 0.054113749309773605 0.13591666666666666
20 0.0896797349530646 0.2987916666666666 0.05897846493649917 0.13648958333333333
24 0.6219988956377692 0.48632291666666666 0.048641634456101604 0.110109375
20 0.06231916068470458 0.49234374999999997 0.0431695196024296 0.096921875
21 0.10944229707344008 0.4920572916666667 0.044991717283268916 0.09978645833333334
18 0.15534511319712865 0.49091145833333333 0.041954721148536725 0.09749479166666666
19 0.08755383765875208 0.63084375 0.044991717283268916 0.075703125
19 0.13467697404748757 0.6282656249999999 0.040734400883489785 0.06709895833333333
19 0.17692987299834348 0.6325625 0.03891220320265047 0.06422916666666666
8 0.2720872446162341 0.63571875 0.04559911651021535 0.06136458333333333
6 0.22131419105466593 0.633140625 0.03891220320265047 0.0619375
5 0.4547929320817228 0.7446822916666667 0.03769740474875759 0.08889062499999999
5 0.49400883489784647 0.745828125 0.032225289895085586 0.07856770833333333
26 0.6061899503036996 0.7504166666666666 0.041347321921590276 0.08430208333333335
26 0.5657537272225289 0.74496875 0.035875207067918274 0.08143750000000001
26 0.5286692435118718 0.748125 0.033440088348978464 0.08659895833333334
9 0.7198840419657648 0.7461145833333334 0.03769740474875759 0.08602604166666666
11 0.7715681943677526 0.6199479166666666 0.029182771949199337 0.09749479166666666
27 0.7028602981778024 0.8633958333333334 0.0340474875759249 0.07513020833333334
27 0.6207785753727223 0.8708541666666666 0.03283268912203203 0.07283333333333333
27 0.6606073992269463 0.8808854166666666 0.03830480397570404 0.05161458333333333
27 0.5721369409166207 0.8725729166666666 0.03648260629486471 0.05333333333333334
5 0.49309773605742685 0.859953125 0.03161789066813915 0.077421875
5 0.46056874654886804 0.8568020833333333 0.032225289895085586 0.075703125
7 0.29397570403092216 0.7478385416666666 0.03709000552181115 0.087171875
30 0.37457205963556045 0.745953125 0.032192159028161235 0.08694791666666667
30 0.3390944229707344 0.7438802083333333 0.032921038100496965 0.080046875
12 0.4100552181115406 0.7424999999999999 0.03438431805632248 0.08280729166666667