20 0.36037798408488064 0.23594444444444443 0.030251989389920422 0.1115
20 0.3912599469496021 0.2361111111111111 0.027393899204244034 0.10851851851851853
4 0.7738328912466844 0.3909074074074074 0.026651193633952252 0.09983333333333333
5 0.7975397877984085 0.3906851851851852 0.022579575596816975 0.10167592592592593
3 0.8235344827586207 0.39099074074074075 0.026843501326259945 0.0996574074074074
9 0.8503514588859415 0.3908148148148148 0.025842175066312995 0.09930555555555555
6 0.7223143236074271 0.2098611111111111 0.027944297082228117 0.10299074074074074
7 0.7485278514588859 0.21074074074074073 0.023348806366047747 0.10279629629629629
7 0.7759549071618038 0.21258333333333335 0.02743368700265252 0.1006574074074074
7 0.8053978779840849 0.21171296296296296 0.028614058355437663 0.10085185185185186
11 0.8372214854111406 0.20850000000000002 0.02757957559681698 0.10649074074074075
10 0.8695557029177718 0.20758333333333334 0.03244031830238727 0.10911111111111112
1 0.9022015915119364 0.21306481481481482 0.028892572944297083 0.10357407407407407
0 0.938183023872679 0.21171296296296296 0.03201591511936339 0.09697222222222222