20 0.31768194070080863 0.16489062499999999 0.03478314138691497 0.14355729166666667
18 0.3535113942661113 0.16186979166666668 0.03248468512619456 0.14330729166666664
21 0.6427321734868904 0.38833333333333336 0.020985052683165892 0.10920833333333334
18 0.5996201911296252 0.39060937500000004 0.029375153148738054 0.11534375000000001
20 0.5705023278608183 0.39182812499999997 0.025476598872825287 0.11857291666666667
20 0.5432271502082823 0.38751041666666663 0.024143592256799806 0.11621875
11 0.4662803234501348 0.3933177083333333 0.02724332271502083 0.139140625
11 0.41749816221514335 0.40340624999999997 0.021761823082577802 0.14093750000000002
10 0.3924969370252389 0.387828125 0.02535898064199951 0.11402083333333332
6 0.3608429306542514 0.38963020833333334 0.029968145062484686 0.11197395833333333
8 0.32514579759862783 0.38735416666666667 0.02902474883606959 0.11025
8 0.25820877235971573 0.38855729166666664 0.029578534672874295 0.11741145833333334
7 0.22644694927713796 0.40294791666666663 0.030181328105856407 0.14280729166666667
7 0.19825777995589317 0.40091666666666664 0.02354569958343543 0.14097916666666668
0 0.16921097770154372 0.3864635416666667 0.0260132320509679 0.111
0 0.14013477088948786 0.39084895833333333 0.027755452095074736 0.11754166666666667
1 0.11060524381279098 0.38760937500000003 0.02659152168586131 0.11223958333333334