8 0.46709178743961355 0.32440625 0.16444444444444442 0.22255729166666666
7 0.26766183574879227 0.3178072916666667 0.15395169082125604 0.22632812500000002
21 0.08310144927536232 0.31544791666666666 0.16619323671497585 0.24047395833333332
21 0.10846376811594204 0.6502291666666667 0.12596135265700484 0.18011979166666667
12 0.3761256038647343 0.6558854166666667 0.11895652173913043 0.20086979166666669
13 0.24316908212560387 0.6596614583333333 0.11545893719806763 0.18955208333333334
30 0.5082028985507246 0.6606041666666667 0.12070531400966185 0.19520833333333334
15 0.8169758454106281 0.6573020833333333 0.10146859903381641 0.18672395833333333
14 0.7032657004830918 0.6577708333333334 0.10146859903381641 0.18578124999999998
4 0.9391014492753623 0.6492864583333334 0.12179710144927536 0.19898437500000002
0 0.3551304347826087 0.9147552083333333 0.12246376811594203 0.15466145833333333
1 0.49596135265700486 0.9119218750000001 0.13120772946859904 0.15843229166666667
21 0.11545893719806763 0.9194687500000001 0.09797101449275362 0.11882291666666665
20 0.03411594202898551 0.9029635416666667 0.06823188405797102 0.1273125