30 0.1701929012345679 0.12945728103170337 0.03136574074074074 0.1245566899516389
14 0.2810146604938272 0.1324986566362171 0.022727623456790122 0.12117678667383126
15 0.30689814814814814 0.1351101558301988 0.02195216049382716 0.12272971520687803
3 0.33728395061728395 0.1322514777001612 0.030652006172839506 0.12414830736163353
5 0.3698804012345679 0.13488447071466952 0.030358796296296297 0.1231166039763568
4 0.4019058641975309 0.1341590542718968 0.02971064814814815 0.12721117678667385
4 0.4334799382716049 0.13984416980118217 0.028881172839506173 0.12112842557764641
12 0.5601736111111111 0.14556689951638901 0.025910493827160493 0.11564750134336378
13 0.5887770061728395 0.14730252552391188 0.028016975308641976 0.1176947877485223
27 0.825162037037037 0.3130091348737238 0.025810185185185186 0.10805480924234283
27 0.7969444444444443 0.3113863514239656 0.02451003086419753 0.11036539494895217
27 0.6940702160493827 0.32924234282643744 0.027233796296296298 0.09850080601826974
27 0.6677199074074074 0.32877485222998387 0.020142746913580246 0.10591617409994628
18 0.5511805555555556 0.3295647501343364 0.030358796296296297 0.09664696399785062
20 0.5190393518518518 0.3315099408919936 0.028993055555555557 0.10387963460505105
20 0.4882445987654321 0.3290865126276195 0.029128086419753087 0.09568511552928533
21 0.457554012345679 0.32447071466953253 0.02766975308641975 0.10398173025255239
19 0.4292438271604938 0.3265824825362708 0.024378858024691356 0.1006931757119828
19 0.3867438271604938 0.32535196131112304 0.026871141975308644 0.10407307898979044
1 0.2976118827160494 0.3236378291241268 0.029575617283950615 0.10565287479849543
0 0.2657445987654321 0.3257925846319183 0.029367283950617287 0.10598065556152605
10 0.23305555555555557 0.3211606663084363 0.02871141975308642 0.1115475550779151
11 0.20094521604938273 0.32102632993014507 0.028005401234567903 0.11295002686727565
6 0.13483024691358025 0.31739924771628153 0.02823688271604938 0.11076840408382589