18 0.030712962962962966 0.2343733189887036 0.06142592592592593 0.09934373318988704
18 0.1174537037037037 0.23485207100591715 0.07886111111111112 0.10030661646046261
21 0.3536203703703704 0.23919311457773 0.06973148148148148 0.10320064550833781
21 0.4279074074074074 0.24039806347498655 0.06724074074074074 0.09885960193652502
21 0.5001296296296296 0.23991931145777298 0.06889814814814814 0.10079074771382464
19 0.5731759259259259 0.24281334050564818 0.06225925925925926 0.09885960193652502
19 0.6482962962962963 0.24281334050564818 0.07138888888888888 0.09789671866594944
6 0.4196111111111111 0.4053308230231307 0.06889814814814814 0.09596557288864982
7 0.5524259259259259 0.40388380849919314 0.06225925925925926 0.09596557288864982
7 0.6250555555555555 0.4043625605164067 0.06973148148148148 0.09403980634749866
8 0.04191666666666667 0.4043625605164067 0.06724074074074074 0.10079074771382464
24 0.24570370370370373 0.5478321678321678 0.0664074074074074 0.09741258741258742
23 0.39719444444444446 0.5454222700376546 0.06391666666666666 0.09355567509413662
23 0.5432962962962963 0.5456643356643357 0.06557407407407406 0.09596557288864982
23 0.6134351851851851 0.5461430876815492 0.06308333333333332 0.09403980634749866
25 0.8578981481481481 0.5413232920925228 0.057277777777777775 0.09693383539537385
25 0.7981296296296296 0.5439752555137171 0.057277777777777775 0.09548682087143626
25 0.7358796296296296 0.543733189887036 0.060592592592592594 0.09307154384077461
25 0.6756944444444445 0.5444593867670791 0.05478703703703704 0.09451855836471222
14 0.1739074074074074 0.684792899408284 0.050638888888888886 0.09741258741258742
14 0.22744444444444442 0.6831038192576655 0.04814814814814815 0.09789671866594944
15 0.28223148148148147 0.6790048413125336 0.04814814814814815 0.10030661646046261
30 0.33867592592592594 0.6818988703604089 0.05644444444444444 0.09451855836471222
5 0.03901851851851852 0.8362183969876278 0.06475 0.09741258741258742
4 0.3216574074074074 0.8301882732651963 0.05893518518518518 0.09693383539537385
3 0.3872407407407408 0.8294674556213018 0.06557407407407406 0.09838084991931145
3 0.45364814814814813 0.8294674556213018 0.057277777777777775 0.09548682087143626
12 0.5158981481481482 0.8294674556213018 0.05229629629629629 0.09548682087143626
12 0.5740092592592592 0.8272942442173211 0.05229629629629629 0.09114577729962345
12 0.6296203703703703 0.824884346422808 0.05229629629629629 0.09500268961807425
13 0.6860740740740741 0.8246422807961269 0.05229629629629629 0.09644970414201184
0 0.7491574074074074 0.824884346422808 0.06225925925925926 0.09210866057019902
1 0.8130740740740741 0.8229532006455083 0.053953703703703705 0.09210866057019902
1 0.8807222222222222 0.8236793975255514 0.05976851851851851 0.08873587950511028
2 0.9475462962962963 0.8200591715976332 0.057277777777777775 0.08728886498117268