20 0.13032407407407406 0.2507222517259692 0.08032407407407408 0.12374402549123738
20 0.3180925925925926 0.4335581518852894 0.07512962962962963 0.11033457249070631
20 0.2574259259259259 0.6446468401486988 0.06414814814814815 0.08502389803505045
18 0.33167592592592593 0.6396016994158258 0.06334259259259259 0.08664896441848115
8 0.3969814814814815 0.6336059479553903 0.06321296296296296 0.08527881040892193
30 0.6273796296296297 0.6216887944768986 0.05017592592592592 0.08704195432819968
13 0.6771203703703703 0.6191290493892724 0.04351851851851852 0.08761019649495486
12 0.7254814814814815 0.617052575677111 0.04599074074074074 0.08402549123738715
1 0.8344166666666666 0.61429102496017 0.049574074074074076 0.07679766330323952
1 0.8883796296296297 0.6128412108337759 0.05432407407407407 0.07560276155071695
0 0.9429444444444445 0.6097663303239512 0.052333333333333336 0.07628252788104088
21 0.2757222222222222 0.8128199681359533 0.06468518518518518 0.07663303239511418
19 0.35132407407407407 0.8066064790228359 0.057490740740740745 0.07597450876261286
8 0.4183425925925926 0.8017950079660117 0.05522222222222222 0.08345724907063197
6 0.545074074074074 0.7896176314391927 0.05999074074074075 0.08360063728093467
14 0.5976388888888889 0.7841795007966011 0.04327777777777778 0.08640467339352097
15 0.6448518518518519 0.7795326606479023 0.03724074074074074 0.08359532660647902
12 0.6916388888888889 0.7776208178438662 0.04916666666666667 0.08337758895379713
1 0.7451481481481481 0.7770472650026554 0.050694444444444445 0.07934678704195433
1 0.7991574074074075 0.7747742963356347 0.053203703703703704 0.07696760488582051
1 0.851712962962963 0.7703451938396176 0.046537037037037036 0.07602761550716941
5 0.20619444444444443 0.937052575677111 0.05890740740740741 0.08749336165693043
5 0.2683055555555555 0.9292458842272968 0.059194444444444445 0.08617631439192779
3 0.32762037037037034 0.923425385023898 0.053898148148148146 0.08460966542750929
4 0.38633333333333336 0.9183696229421137 0.059194444444444445 0.08422729686670206
10 0.4474537037037037 0.9115560276155071 0.054564814814814816 0.08261816250663834
30 0.5029259259259259 0.9071800318640467 0.04747222222222223 0.07749336165693042
30 0.5536018518518518 0.9017419012214551 0.04703703703703704 0.07889006903876793
30 0.602287037037037 0.8969994689325544 0.04703703703703704 0.08125862984599043