7 0.40842056074766353 0.083515625 0.057186915887850465 0.0836875
7 0.35414018691588783 0.08842187500000001 0.045130841121495326 0.07619270833333333
9 0.6347289719626168 0.22895312499999998 0.05276635514018692 0.08029687499999999
10 0.7961308411214953 0.22284895833333335 0.05829906542056075 0.08168229166666667
11 0.8527757009345794 0.22632812500000002 0.048448598130841125 0.07318229166666666
3 0.08691588785046729 0.35262499999999997 0.04263551401869159 0.07529166666666667
3 0.1319626168224299 0.35096875 0.04407476635514018 0.07746354166666666
4 0.18394392523364486 0.35128125000000004 0.05278504672897196 0.07855208333333333
5 0.23679439252336448 0.3517395833333333 0.049289719626168224 0.07764062499999999
5 0.28646728971962615 0.352828125 0.04355140186915888 0.07889583333333333
18 0.37863551401869155 0.3613177083333333 0.04152336448598131 0.06019270833333333
18 0.4185046728971963 0.3603177083333333 0.036691588785046726 0.058192708333333336
20 0.45981308411214955 0.360546875 0.037196261682242986 0.06002083333333333
20 0.5015420560747663 0.36014583333333333 0.041018691588785045 0.05967708333333333
21 0.5842990654205608 0.3585729166666667 0.037401869158878505 0.058817708333333336
1 0.6351495327102804 0.3513958333333333 0.05535514018691588 0.07375
1 0.6923084112149532 0.34976562499999997 0.05144859813084112 0.07414583333333334
0 0.7504953271028038 0.34896354166666665 0.0561588785046729 0.07575