6 0.33911748483177057 0.2864583333333333 0.03520132377275234 0.097671875
20 0.6387369001654716 0.30466145833333336 0.051213458356315494 0.11920312500000001
20 0.6936183121897408 0.30050000000000004 0.04853281853281853 0.1198125
20 0.7455488141202428 0.29890625 0.046260341974627694 0.11859895833333334
20 0.7970435741864313 0.2950989583333333 0.04942084942084942 0.12290104166666667
19 0.9424986210700497 0.4536145833333334 0.041891891891891894 0.07278645833333333
19 0.8974572531715388 0.45827083333333335 0.04217870932156646 0.07911979166666666
18 0.8509321566464424 0.45788541666666666 0.04476006618863762 0.07438020833333334
18 0.7994760066188638 0.45336458333333335 0.042724765581908436 0.09113541666666666
20 0.7569718698290128 0.4528125 0.03547710976282405 0.09003645833333333
20 0.715019305019305 0.45483854166666665 0.03985107556536128 0.086140625
21 0.6670601213458357 0.4556927083333333 0.04480970766685052 0.09281770833333333
20 0.5542857142857143 0.4303177083333333 0.0336403750689465 0.060921875
20 0.5101213458356315 0.43329166666666663 0.03777716492002206 0.05893229166666667
20 0.47196911196911195 0.4327708333333333 0.030832873690016548 0.058875000000000004
20 0.43633204633204636 0.43574999999999997 0.027859900717043574 0.05888020833333333
20 0.40323221180364033 0.4382395833333333 0.031020408163265307 0.06683333333333333
20 0.3699007170435742 0.4344375 0.02740761169332598 0.06618229166666666
9 0.3347490347490347 0.42330208333333336 0.03697186982901269 0.09947395833333333
11 0.30118036403750686 0.4228854166666667 0.029729729729729728 0.09864583333333334
0 0.26311638168781026 0.4245104166666666 0.03871483728626585 0.10090104166666666
0 0.21885824600110315 0.42310416666666667 0.038472145615002756 0.09709895833333333
0 0.17653061224489797 0.4236875 0.036839492553778275 0.09529166666666668
12 0.13677330391616105 0.43347916666666664 0.03508549365692223 0.08014062500000001
13 0.09896856039713182 0.44367708333333333 0.038284611141753994 0.060843749999999995
15 0.06371207942636514 0.4453333333333333 0.02520683949255378 0.05841145833333334