20 0.06321150097465887 0.4769878242456326 0.03614522417153996 0.1698888300688195
20 0.10003898635477583 0.4774325039703547 0.029714912280701757 0.17077289571201693
20 0.12968810916179338 0.4955849655902594 0.025838206627680313 0.1344732662784542
18 0.16244395711500972 0.49680254102699845 0.02308235867446394 0.13203282159872948
21 0.19137914230019493 0.49713605082053997 0.023891325536062376 0.13491265219692958
21 0.21715643274853802 0.4979089465325569 0.024500487329434696 0.13867654843832714
26 0.27509746588693956 0.47399682371625196 0.02524122807017544 0.13512969825304394
27 0.300567738791423 0.47588141874007417 0.021569200779727096 0.13668078348332452
8 0.46379385964912284 0.4840709370037056 0.030728557504873293 0.13977766013763898
3 0.6447636452241716 0.4894706193753309 0.019739278752436647 0.11407093700370566
5 0.666608187134503 0.4901852832186342 0.01951754385964912 0.11550555849655902
14 0.6884868421052632 0.4917310746426681 0.016064814814814816 0.1102488088935945
15 0.7089863547758284 0.4942985706723134 0.015896686159844055 0.11179989412387506
12 0.7489254385964913 0.49584436209634725 0.01892056530214425 0.11489147697194282
11 0.833620857699805 0.47050820539968236 0.024181286549707602 0.13219692959237692
1 0.8607066276803119 0.47541556379036526 0.024183723196881092 0.12446797247220752
0 0.8873075048732944 0.4767496029645315 0.02374269005847953 0.12455796717840127