19 0.04303703703703703 0.6102530963920302 0.0651111111111111 0.08349488422186323
5 0.5146018518518518 0.6097199784598816 0.060731481481481484 0.0943834141087776
5 0.5803611111111111 0.6097792137856758 0.06072222222222222 0.09331179321486269
3 0.6434537037037037 0.6095422724824987 0.059472222222222225 0.09283252557889067
4 0.71025 0.6102584814216478 0.06562962962962962 0.09426494345718903
12 0.7735462962962962 0.6107377490576199 0.05246296296296296 0.09522347872913302
13 0.8335555555555556 0.6090630048465266 0.057388888888888885 0.101437802907916
6 0.03225 0.7538233710285406 0.05792592592592593 0.07777598276790523
8 0.10048148148148148 0.7544211093161013 0.0628425925925926 0.08136241249326871
7 0.17056481481481484 0.7560958535271943 0.05913888888888889 0.07992460958535272
7 0.24393518518518517 0.7566343564889606 0.06199999999999999 0.07980613893376413
30 0.41759259259259257 0.7560958535271943 0.051694444444444446 0.08470651588583737
30 0.4759629629629629 0.758066774367259 0.05333333333333334 0.08267635971997846
15 0.5299074074074074 0.7561550888529888 0.05229629629629629 0.08363489499192246
1 0.5860185185185185 0.759025309639203 0.05187037037037037 0.07980613893376413
1 0.6455462962962963 0.7593807215939689 0.059537037037037034 0.07813677975228864
0 0.7204537037037038 0.7612924071082391 0.05931481481481482 0.08196015078082929
0 0.7867314814814814 0.7604577275175014 0.06649999999999999 0.08267635971997846
11 0.18149074074074073 0.8867528271405493 0.05112962962962963 0.07761443187937533
10 0.24419444444444446 0.8847980613893376 0.05528703703703704 0.08416801292407108
27 0.7718796296296296 0.4413516424340334 0.07308333333333333 0.10006462035541196
24 0.846 0.44299407646742056 0.06845370370370371 0.10229402261712439