20 0.34763262599469497 0.2525833333333333 0.028567639257294428 0.10074074074074074
20 0.3772347480106101 0.25237037037037036 0.027685676392572946 0.1011574074074074
20 0.4047214854111406 0.2642777777777778 0.023222811671087536 0.07496296296296295
7 0.5409946949602122 0.22196296296296297 0.031631299734748014 0.10033333333333333
7 0.5704045092838196 0.22169444444444444 0.023322281167108754 0.09952777777777777
7 0.6062732095490716 0.22210185185185186 0.027572944297082225 0.10343518518518519
11 0.6315915119363396 0.22236111111111112 0.020484084880636605 0.10507407407407408
10 0.657553050397878 0.22375 0.02526525198938992 0.10402777777777777
1 0.6873342175066313 0.2273888888888889 0.027141909814323607 0.09264814814814815
10 0.7441710875331565 0.23327777777777778 0.03339522546419098 0.1160462962962963
1 0.7774535809018568 0.23626851851851852 0.029966843501326258 0.09873148148148148
0 0.8115384615384615 0.23426851851851851 0.03231432360742705 0.09852777777777777
15 0.4269297082228116 0.3878148148148148 0.01943633952254642 0.09666666666666668
12 0.45104774535809017 0.38987037037037037 0.025881962864721487 0.09914814814814815
13 0.47678381962864724 0.39370370370370367 0.02358090185676393 0.11006481481481482
30 0.5039323607427055 0.39312037037037034 0.026810344827586208 0.09863888888888889
4 0.5592705570291777 0.39366666666666666 0.028726790450928383 0.0951574074074074
5 0.5865318302387268 0.3943240740740741 0.02230769230769231 0.0974351851851852
9 0.6315915119363396 0.3965 0.025351458885941643 0.09803703703703703
9 0.7303779840848806 0.42564814814814816 0.024151193633952257 0.10522222222222222