20 0.6626111111111112 0.2382051282051282 0.0874537037037037 0.14282051282051283
20 0.7649444444444444 0.23972610722610724 0.09456481481481481 0.14362470862470864
20 0.8648611111111111 0.24173076923076922 0.08207407407407408 0.14346736596736598
20 0.11044444444444444 0.6733741258741258 0.07526851851851853 0.1126981351981352
20 0.1997962962962963 0.6733741258741258 0.07576851851851851 0.1126981351981352
20 0.28749074074074077 0.6766608391608392 0.07550000000000001 0.11125874125874124
20 0.37340740740740735 0.6758566433566433 0.07675925925925926 0.11286130536130536
21 0.4607222222222222 0.6778613053613054 0.07317592592592592 0.11526806526806528
21 0.5370925925925926 0.67490675990676 0.06553703703703703 0.11416083916083916
21 0.6228796296296296 0.6785139860139859 0.06908333333333333 0.1107983682983683
21 0.7063703703703703 0.6783508158508158 0.06296296296296296 0.10983682983682982
18 0.7816296296296296 0.6794522144522145 0.07323148148148148 0.1117132867132867
18 0.8666203703703704 0.680483682983683 0.06889814814814814 0.10815268065268066
19 0.9521203703703703 0.6803438228438229 0.06709259259259259 0.11068181818181819
9 0.10203703703703704 0.8910314685314685 0.06671296296296296 0.12233100233100232
9 0.17979629629629632 0.8891608391608391 0.07325925925925926 0.12233100233100232
9 0.2528611111111111 0.8734032634032634 0.06296296296296296 0.12082750582750583
0 0.3278611111111111 0.8964743589743589 0.0774074074074074 0.10695221445221445
0 0.410462962962963 0.8934265734265734 0.07187962962962963 0.1092948717948718
0 0.4857592592592593 0.8921561771561772 0.07141666666666666 0.11332750582750582
1 0.566675925925926 0.8901864801864802 0.07443518518518519 0.10376456876456877
13 0.6426481481481481 0.886486013986014 0.06191666666666667 0.11041958041958042
13 0.7058055555555556 0.8854079254079253 0.05713888888888889 0.11107808857808858
13 0.7713518518518518 0.8852214452214452 0.060703703703703704 0.11445221445221446
12 0.8345092592592592 0.8830594405594405 0.061879629629629625 0.11201631701631702
12 0.9037777777777778 0.8832051282051282 0.056805555555555554 0.11323426573426573