24 0.42241192411924117 0.4000833333333333 0.031177356218006626 0.13541666666666666
23 0.4531556760012045 0.40005729166666665 0.03056007226738934 0.13452604166666668
21 0.818515507377296 0.613015625 0.029744052996085516 0.116390625
19 0.8479945799457995 0.6125 0.030024089129780183 0.11366145833333333
19 0.877991568804577 0.6111354166666667 0.030355314664257754 0.11263020833333333
20 0.6955254441433304 0.6031458333333333 0.03657031014754592 0.14740104166666665
18 0.7317012947907257 0.6031927083333334 0.03704305931948208 0.1491875
30 0.6383739837398373 0.6139583333333333 0.025934959349593494 0.12672395833333333
13 0.6124932249322493 0.6151302083333333 0.025519421860885277 0.12907291666666668
12 0.5867901234567902 0.6164687499999999 0.026925624811803675 0.12921354166666668
4 0.5306835290575128 0.62271875 0.030602228244504665 0.12986979166666665
5 0.5003733815115929 0.6214270833333334 0.028175248419150856 0.131515625
3 0.47475459199036435 0.6202500000000001 0.02289972899728997 0.12916666666666668
14 0.4196627521830774 0.6226458333333333 0.022740138512496236 0.12719270833333335
15 0.44419753086419755 0.6216145833333333 0.025844625112917796 0.13019791666666666
7 0.23016260162601626 0.631953125 0.029560373381511594 0.1255
8 0.26072869617585065 0.6318802083333334 0.03201144233664559 0.12282291666666666
6 0.29315567600120446 0.6334791666666667 0.031830773863294186 0.12432291666666666
0 0.1730563083408612 0.6325364583333334 0.03368262571514604 0.12244270833333333
10 0.08761517615176152 0.6314583333333333 0.03199337548931045 0.132125
11 0.11668774465522433 0.6314791666666667 0.0265672990063234 0.133015625