20 0.06413168724279836 0.22093164277839028 0.02225102880658436 0.1401819184123484
20 0.08750205761316872 0.2167034178610805 0.02144650205761317 0.14055678059536936
19 0.2485699588477366 0.22628996692392503 0.017823045267489714 0.11936604189636163
21 0.26847942386831275 0.22389195148842336 0.019043209876543208 0.11709481808158766
21 0.2906275720164609 0.2269845644983462 0.021440329218106995 0.11697353914002205
14 0.3650082304526749 0.22262954796030873 0.012030864197530864 0.1145755237045204
14 0.3889238683127572 0.22717199558985665 0.014199588477366257 0.11861080485115766
14 0.4046213991769547 0.22944321940463064 0.014055555555555556 0.12315325248070563
14 0.4194485596707819 0.22938257993384786 0.014524691358024693 0.11924476295479604
11 0.940962962962963 0.4680154355016538 0.02053909465020576 0.11277839029768467
11 0.9184423868312758 0.47368798235942666 0.01938477366255144 0.12206174200661521
11 0.8979999999999999 0.4707497243660419 0.018152263374485597 0.12133958103638369
10 0.8744012345679013 0.46904630650496143 0.019074074074074073 0.12309261300992282
10 0.8534588477366256 0.4668302094818082 0.016841563786008228 0.11762403528114664
10 0.8267798353909466 0.45986769570011027 0.019689300411522632 0.12742006615214993
10 0.8035082304526749 0.4583186328555678 0.018569958847736625 0.12638919514884234
0 0.7617160493827161 0.462497243660419 0.01929423868312757 0.11721058434399118
1 0.7413539094650206 0.46038037486218303 0.01937448559670782 0.11813671444321941
9 0.7046481481481481 0.43598125689084893 0.019878600823045267 0.09512679162072768
9 0.6787037037037037 0.44640573318632853 0.018804526748971193 0.11390297684674752
9 0.6589753086419753 0.4540407938257993 0.01823045267489712 0.12917309812568908
7 0.5459691358024691 0.44501102535832415 0.01973045267489712 0.10596471885336273
10 0.017191358024691357 0.628561190738699 0.02269753086419753 0.14185777287761853
10 0.04067078189300411 0.6276736493936053 0.0233559670781893 0.14008820286659315
18 0.06489506172839506 0.6164498346196251 0.021644032921810698 0.11763506063947078
15 0.4761748971193416 0.6614112458654906 0.015440329218106997 0.13327453142227122
15 0.49212551440329216 0.6604024255788313 0.016709876543209875 0.1312568908489526
15 0.5087345679012345 0.6583792723263506 0.01552880658436214 0.13226571113561192
13 0.57859670781893 0.6583186328555678 0.016236625514403292 0.12835170893054024
13 0.595111111111111 0.6548401323042999 0.016751028806584363 0.12518743109151048
13 0.6110144032921812 0.649470782800441 0.01698559670781893 0.11571664829106945
12 0.6278353909465021 0.6595148842337375 0.017641975308641974 0.13705622932745315
12 0.6452469135802469 0.663489525909592 0.015236625514403291 0.12607497243660418
3 0.8726378600823046 0.6824862183020948 0.020411522633744857 0.1383792723263506
3 0.89209670781893 0.6824862183020948 0.01871604938271605 0.14291069459757444
5 0.9107736625514402 0.6815766262403529 0.01757201646090535 0.14563395810363838
4 0.93 0.6857717750826902 0.018372427983539098 0.1426901874310915
4 0.9483600823045267 0.6845259095920617 0.017864197530864195 0.13792723263506063