3 0.039712962962962964 0.2410415570752236 0.07941666666666666 0.11311415044713309
5 0.11955555555555555 0.24201998947922146 0.07325 0.11390846922672278
15 0.4809907407407408 0.24779063650710154 0.05868518518518519 0.10607048921620199
15 0.5468425925925926 0.24859547606522883 0.06230555555555556 0.10259337190952131
15 0.6122222222222222 0.24743293003682273 0.05909259259259259 0.10368227248816413
14 0.6771296296296296 0.24667017359284588 0.059861111111111115 0.10831141504471331
12 0.7445925925925926 0.25213571804313517 0.06473148148148147 0.11477117306680695
12 0.8167592592592593 0.24833245660178851 0.07113888888888889 0.10436086270384008
12 0.8883425925925925 0.2482851130983693 0.06259259259259259 0.10445554971067858
13 0.9577407407407407 0.2504260915307733 0.06457407407407408 0.11135718043135191
18 0.06322222222222222 0.4006522882693319 0.09028703703703704 0.12317201472908995
20 0.31846296296296295 0.4181956864807996 0.08244444444444445 0.08961599158337717
18 0.39992592592592596 0.41911099421357184 0.07260185185185185 0.09007364544976328
21 0.47772222222222227 0.4182903734876381 0.07715740740740741 0.09323513940031562
19 0.5524907407407408 0.4211572856391373 0.06111111111111111 0.09246186217780117
8 0.39372222222222225 0.7421462388216727 0.06964814814814815 0.09841136244082063
6 0.4701574074074074 0.7425828511309838 0.07710185185185185 0.0997264597580221
1 0.0483425925925926 0.9083798001052078 0.0630462962962963 0.09079431877958968
1 0.12449074074074074 0.9117780115728563 0.06306481481481481 0.09017359284587059
0 0.19037037037037036 0.9127774855339296 0.06211111111111111 0.09298264071541294
0 0.2594537037037037 0.9152130457653866 0.0653888888888889 0.09085744345081535
9 0.3280648148148148 0.9129615991583377 0.06337962962962963 0.09192004208311416
11 0.38875925925925925 0.9174066280904787 0.05126851851851852 0.0850867964229353
11 0.44896296296296295 0.9154708048395581 0.05934259259259259 0.08827985270910046
10 0.5119444444444444 0.8965018411362441 0.052972222222222226 0.06276170436612309