18 0.1714 0.5294375 0.0699 0.08370833333333333
13 0.7304299999999999 0.6590729166666667 0.04746 0.07253645833333335
12 0.6805 0.66003125 0.047810000000000005 0.071859375
30 0.63163 0.6586562499999999 0.04295 0.07094270833333334
14 0.58824 0.6606822916666667 0.04439 0.073609375
14 0.54383 0.6609999999999999 0.04011 0.07385416666666668
15 0.5031100000000001 0.6599010416666666 0.037840000000000006 0.07205729166666666
15 0.46124 0.6600677083333333 0.04172 0.074390625
6 0.4151 0.6593489583333334 0.04475 0.07255208333333334
8 0.36993 0.660046875 0.04125 0.07154166666666667
21 0.31751 0.663828125 0.054020000000000006 0.064296875
20 0.26017 0.6607395833333333 0.054619999999999995 0.066921875
20 0.20624 0.6646302083333333 0.04975 0.06269270833333333
18 0.14794 0.66496875 0.05536 0.06177083333333333
19 0.09989 0.6625364583333333 0.031100000000000003 0.06895312499999999
7 0.25726 0.7823697916666668 0.05336 0.06945312499999999
5 0.36052 0.7803645833333334 0.052840000000000005 0.07346354166666667
4 0.41263 0.7847447916666667 0.04069 0.07989062499999999
3 0.45861 0.7815833333333334 0.04438 0.07346875
14 0.5077200000000001 0.7818489583333333 0.04172 0.07546875
30 0.5548 0.7823854166666667 0.04391 0.07288541666666666
24 0.7631699999999999 0.7828333333333333 0.05847 0.07441666666666666
10 0.82001 0.7827083333333333 0.04813 0.07671875
11 0.8701599999999999 0.7828489583333333 0.04796 0.07360416666666666
1 0.90242 0.903765625 0.055729999999999995 0.07014583333333334
0 0.84208 0.9030625000000001 0.052829999999999995 0.06938020833333333
0 0.78586 0.903484375 0.05393 0.07240104166666667
9 0.7343 0.8995416666666666 0.04349 0.0766875