12 0.9662025827280064 0.26445833333333335 0.02805084745762712 0.10601041666666666
5 0.8785593220338984 0.2551041666666667 0.029192897497982245 0.11638541666666667
4 0.8499152542372882 0.25169270833333335 0.023494753833736885 0.11800000000000001
3 0.8215778853914447 0.253203125 0.02858353510895884 0.11914583333333333
6 0.5942574656981436 0.20093750000000002 0.031008878127522198 0.12621354166666668
20 0.37408797417271994 0.11594791666666666 0.05355125100887812 0.18225520833333334
21 0.3263317191283293 0.158359375 0.02852300242130751 0.115140625
20 0.2645601291364003 0.16697916666666668 0.0263317191283293 0.11455729166666666
18 0.022893462469733655 0.19911979166666666 0.027679580306698953 0.10288541666666666
19 0.04935835351089588 0.19742708333333334 0.02320419693301049 0.1041875
19 0.07562550443906377 0.193390625 0.02559322033898305 0.11018229166666667