10 0.1691457586618877 0.186045197740113 0.0233363201911589 0.1285141242937853
10 0.19636499402628432 0.18868926553672316 0.027075866188769417 0.1261581920903955
10 0.22018817204301078 0.19044067796610167 0.01667562724014337 0.11879661016949153
9 0.26569295101553164 0.18812994350282486 0.025271804062126643 0.11939548022598871
4 0.29048088410991635 0.189045197740113 0.018882915173237754 0.12318079096045198
4 0.31245519713261644 0.1908587570621469 0.019982078853046596 0.12140677966101694
4 0.3426553166069295 0.1843728813559322 0.028139187574671445 0.12387570621468925
14 0.36716547192353644 0.18848022598870057 0.01898446833930705 0.11629943502824859
14 0.38764635603345277 0.1905762711864407 0.018309438470728794 0.1141412429378531
14 0.40755675029868577 0.19648022598870055 0.01716547192353644 0.10435593220338983
14 0.4310573476702509 0.19146327683615819 0.018506571087216248 0.11845762711864406
7 0.45509856630824375 0.19477966101694916 0.026087216248506573 0.11119774011299435
14 0.5666367980884109 0.18796045197740113 0.01752090800477897 0.11796045197740113
14 0.5822192353643967 0.19510169491525423 0.0117831541218638 0.10969491525423729
14 0.597547789725209 0.19203954802259887 0.017458183990442057 0.12183050847457626
6 0.06961170848267623 0.6412485875706214 0.026929510155316607 0.13366666666666666
7 0.0989426523297491 0.6381581920903955 0.027951015531660694 0.13278531073446329
8 0.12584826762246115 0.6438926553672316 0.024868578255675032 0.12837853107344632
11 0.2177658303464755 0.6412485875706214 0.024970131421744323 0.12661016949152543
1 0.24275985663082436 0.6455706214689266 0.02272700119474313 0.12643502824858757
1 0.27297491039426525 0.6465367231638417 0.02347072879330944 0.12308474576271188
0 0.2999253285543608 0.6420395480225989 0.027010155316606933 0.11937853107344633
0 0.3371833930704899 0.6383333333333333 0.02411290322580645 0.12255367231638417
9 0.3617562724014337 0.6332203389830509 0.02196236559139785 0.12996045197740114
30 0.5286170848267623 0.6283672316384181 0.02551672640382318 0.12554802259887005
12 0.5570669056152927 0.617954802259887 0.017132616487455198 0.12236723163841808
13 0.5795908004778972 0.6161920903954803 0.02580047789725209 0.12589830508474575
15 0.6063172043010753 0.6160169491525423 0.018635005973715653 0.12201694915254237
14 0.6244563918757466 0.6162768361581921 0.0166726403823178 0.12431073446327684
14 0.6426881720430107 0.6131016949152542 0.016762246117084826 0.12501694915254238
5 0.6684378733572282 0.6109887005649718 0.026290322580645162 0.1278361581920904
4 0.6926851851851852 0.608954802259887 0.018826164874551972 0.1290734463276836
3 0.7136589008363202 0.6085141242937853 0.02160095579450418 0.12289830508474577