0 0.24949074074074074 0.618606777837547 0.06216666666666667 0.08827326519634211
9 0.48037037037037034 0.6086390532544379 0.055268518518518515 0.09096288327057557
7 0.5354166666666667 0.6052931683700915 0.05271296296296296 0.08184507799892415
20 0.6002314814814815 0.5990962883270575 0.06275 0.0920817643894567
15 0.6028333333333333 0.4905164066702528 0.045703703703703705 0.07124260355029585
14 0.6528888888888889 0.4932329209252286 0.04569444444444445 0.06293706293706294
4 0.8809537037037036 0.48281871974179663 0.06532407407407408 0.07083378160301237
6 0.9419537037037037 0.48165142549757933 0.05087037037037037 0.06885422270037654
21 0.09350925925925925 0.764308768154922 0.06864814814814815 0.08559440559440559
11 0.17087962962962963 0.7644432490586336 0.06347222222222222 0.08748251748251748
19 0.26621296296296293 0.750656266810113 0.059444444444444446 0.08415277030661646
4 0.4396481481481481 0.7397471759010221 0.05865740740740741 0.08010220548682087
5 0.49592592592592594 0.7360892953200646 0.047453703703703706 0.08167294244217321
1 0.6923981481481482 0.7221463152232384 0.048231481481481486 0.07721893491124261
1 0.7428148148148148 0.7193598708983324 0.04753703703703704 0.07488434642280796
1 0.7840277777777778 0.711888111888112 0.04174074074074074 0.07690155997848305
18 0.031546296296296295 0.48313071543840774 0.06310185185185185 0.10170521785906401