5 0.8957962962962963 0.5892552617377227 0.040601851851851854 0.07370750134916353
30 0.8475185185185186 0.5910037776578522 0.04694444444444445 0.07386940097139773
15 0.8014814814814815 0.5889800323799245 0.03981481481481482 0.07008634646519159
14 0.7627777777777778 0.5874635725849973 0.031824074074074074 0.07154344306529951
10 0.7211481481481482 0.5897085806799784 0.048212962962962964 0.06651915812196438
11 0.6801666666666667 0.5853750674581759 0.026694444444444444 0.07308148947652454
22 0.5849722222222222 0.587927684835402 0.044148148148148145 0.07016729627630869
24 0.536861111111111 0.5897733405288721 0.04309259259259259 0.06452239611440906
27 0.481212962962963 0.5896276308688613 0.04798148148148148 0.06481381543443065
6 0.43046296296296294 0.5872962763086886 0.047657407407407405 0.06364813815434431
7 0.3815648148148148 0.5883000539665407 0.04502777777777778 0.06553157042633567
20 0.16798148148148148 0.590296815974096 0.05256481481481482 0.06672962763086887
20 0.22089814814814815 0.5909713977334052 0.04916666666666667 0.06093901780895845
19 0.27264814814814814 0.588062601187264 0.04759259259259259 0.059266055045871555
19 0.322 0.5892444684295736 0.043898148148148144 0.06266594711279007
18 0.17806481481481481 0.7154830005396654 0.04902777777777778 0.058569886670264436
18 0.22839814814814813 0.7101025364274149 0.04639814814814815 0.0605990286022666
21 0.27744444444444444 0.7128710199676201 0.04591666666666667 0.06248246087425796
8 0.32325000000000004 0.7097517539125743 0.038953703703703706 0.06930383162439287
6 0.3690833333333333 0.7111710739341608 0.0427962962962963 0.065876956287102
30 0.4119814814814815 0.7124932541824069 0.03270370370370371 0.06903939557474366
12 0.48700000000000004 0.7143658931462493 0.042027777777777775 0.06703723691311386
14 0.5279166666666667 0.7140690771721533 0.03336111111111111 0.06960064759848894
5 0.6672314814814815 0.7125256341068538 0.04287037037037037 0.07085806799784135
9 0.7656666666666666 0.7152887209929844 0.04742592592592593 0.07066918510523475
0 0.8481851851851852 0.8340474905558554 0.053759259259259264 0.07483540205072854
0 0.8001296296296296 0.8292066918510523 0.037722222222222226 0.07028062601187263
4 0.6290925925925925 0.8305666486778197 0.0457962962962963 0.07143550998381004
6 0.4015833333333333 0.8209120345385861 0.048074074074074075 0.07104155423637344
8 0.3536388888888889 0.8175121424716675 0.039064814814814816 0.0642471667566109