18 0.1233165439752034 0.4862083333333333 0.03852770244091437 0.10927083333333334
18 0.16076327005036808 0.48747395833333335 0.036625339015885314 0.10976041666666667
20 0.20112746997287873 0.48871875000000004 0.0397675319643549 0.10953125000000001
20 0.23965904688105383 0.49254687500000005 0.035772956218519954 0.10564583333333334
21 0.2710964742347927 0.49477604166666667 0.027923285548237115 0.10873958333333333
21 0.3013870592793491 0.496828125 0.03191398682681131 0.10538020833333334
21 0.3451414180550174 0.500375 0.03556373498643937 0.10228125
20 0.39654397520340956 0.5119166666666667 0.026718326230143353 0.08597916666666668
27 0.6778419217357613 0.1765625 0.03660596667958156 0.11533854166666666
23 0.7227353738860907 0.07144791666666667 0.02860906625339016 0.09957291666666666
23 0.7520999612553274 0.07150520833333333 0.03037969779155366 0.10171875000000001
30 0.8202130956993413 0.07363020833333334 0.029500193723363037 0.10122916666666668
7 0.9213173188686555 0.08110416666666667 0.03008523827973654 0.08703645833333334
0 0.9175862068965517 0.24689583333333334 0.03080201472297559 0.09609375
1 0.8825416505230531 0.24619791666666666 0.033688492832235566 0.096734375
22 0.8479930259589307 0.24297916666666666 0.0316350251840372 0.103171875
11 0.784633862843859 0.24210416666666665 0.030426191398682682 0.10277083333333333
4 0.7483882216195273 0.38576041666666666 0.03203022084463386 0.10889062499999999
4 0.7804416892677256 0.389453125 0.032119333591631154 0.10000520833333333
12 0.8120069740410694 0.389265625 0.02821387059279349 0.09963020833333333
12 0.839046881053855 0.38689062500000004 0.027353738860906623 0.10437500000000001
30 0.913665246028671 0.3898854166666667 0.027892289810151103 0.09613020833333333