0 0.8658442265795208 0.09587585481325618 0.04321895424836601 0.09987375065754867
1 0.9088834422657952 0.0972382956338769 0.0384041394335512 0.09978432403997896
1 0.9513779956427015 0.09710678590215675 0.03612200435729847 0.09741714886901631
6 0.1216285403050109 0.23711730668069436 0.046492374727668845 0.076964755391899
8 0.17425925925925925 0.238563913729616 0.041279956427015256 0.07599684376643871
7 0.26546296296296296 0.245528669121515 0.04676470588235294 0.08528143082588112
13 0.3114978213507625 0.2484797475013151 0.03876361655773421 0.10742240925828511
12 0.3489596949891068 0.24807469752761704 0.03228213507625272 0.10606522882693319
30 0.3868790849673202 0.24618095739084692 0.03619281045751634 0.10854813256180958
14 0.5400708061002178 0.23843766438716463 0.028355119825708062 0.07895844292477643
3 0.6365196078431373 0.2414045239347712 0.045228758169934644 0.11250394529195161
3 0.6812037037037038 0.24418726985796949 0.041873638344226576 0.1122409258285113
3 0.7230010893246188 0.24538137822198844 0.038229847494553375 0.10985796948974225