26 0.915626767200754 0.5661388888888889 0.031187558906691802 0.08954629629629629
26 0.8802827521206409 0.5672592592592592 0.03338360037700283 0.08575925925925926
27 0.54440150801131 0.5595462962962963 0.043147973609802076 0.09230555555555556
26 0.493449575871819 0.5573425925925926 0.04748350612629595 0.09768518518518518
23 0.6587087653157399 0.5614444444444444 0.03691800188501414 0.08370370370370371
23 0.36364750235626764 0.5607777777777778 0.03611687087653157 0.08225
25 0.9520358152686146 0.5686851851851852 0.03527803958529689 0.08487962962962962
24 0.23523091423185674 0.5619259259259259 0.035475966069745526 0.08455555555555555
14 0.18080113100848258 0.6714629629629629 0.025702167766258246 0.08499074074074074
15 0.20768143261074457 0.6705648148148149 0.024703110273327052 0.08239814814814814
13 0.44865221489161167 0.6748703703703703 0.027841658812441092 0.08377777777777778
13 0.4192742695570217 0.6757777777777778 0.028652214891611686 0.0782962962962963
12 0.3887181903864279 0.6735185185185185 0.028086710650329878 0.08428703703703704
12 0.3587747408105561 0.6775925925925925 0.02704052780395853 0.07396296296296295
12 0.6552214891611687 0.6784074074074073 0.026729500471253533 0.07158333333333333
12 0.6845523091423186 0.6786666666666668 0.029010367577756834 0.07691666666666666
13 0.7141753063147974 0.6744166666666667 0.026974552309142318 0.08468518518518518
13 0.7446371347785108 0.6762037037037036 0.03069745523091423 0.08402777777777778
29 0.6260980207351555 0.6740370370370371 0.026305372290292176 0.08325925925925926
29 0.6003675777568331 0.6725092592592592 0.0217813383600377 0.08700925925925926
29 0.32937794533459 0.6719907407407407 0.026145146088595663 0.08597222222222221
29 0.299076343072573 0.6704074074074073 0.028652214891611686 0.08432407407407407
5 0.09020735155513666 0.8117129629629629 0.03165881244109331 0.08725925925925926
4 0.12441093308199812 0.8130740740740741 0.034118755890669185 0.08881481481481482
3 0.16120640904806785 0.813212962962963 0.03576814326107446 0.08908333333333333
0 0.36304429783223374 0.8174814814814815 0.0341564561734213 0.09232407407407407
0 0.4017436380772856 0.8212037037037037 0.03361922714420358 0.08327777777777777
0 0.44091423185673895 0.8225185185185185 0.031611687087653155 0.0811851851851852
1 0.5544392082940622 0.8229444444444444 0.029698397737983037 0.08247222222222221
1 0.5155419415645618 0.8240462962962963 0.032789820923656926 0.08187962962962964
1 0.47647502356267674 0.8245555555555555 0.030791705937794536 0.08407407407407406
1 0.8433176248821866 0.8292314814814815 0.034655984919886904 0.08542592592592593
1 0.8044674835061263 0.8281574074074074 0.03651272384542884 0.08328703703703703
1 0.7679641847313854 0.83 0.035409990574929315 0.08131481481481481
0 0.7294156456173421 0.8255648148148148 0.03692742695570217 0.08846296296296297
0 0.6907068803016023 0.821388888888889 0.029773798303487278 0.08996296296296295
0 0.6544863336475023 0.8205740740740741 0.03855796418473138 0.09073148148148148
2 0.881856738925542 0.8303425925925926 0.03407163053722903 0.08576851851851851
2 0.9197737983034873 0.8299351851851853 0.034081055607917056 0.08400925925925927
2 0.9580018850141376 0.8329259259259258 0.036098020735155514 0.0805925925925926
28 0.942507068803016 0.6863796296296296 0.03360980207351555 0.07758333333333334
28 0.9107257304429783 0.6814537037037037 0.026154571159283695 0.08368518518518518
8 0.1331856738925542 0.42195370370370366 0.037756833176248825 0.08890740740740741
6 0.34469368520263904 0.4213240740740741 0.035523091423185674 0.08801851851851852
6 0.6392554194156456 0.42330555555555555 0.036220546654099905 0.08691666666666667
7 0.7183977379830349 0.42537962962962966 0.03764373232799246 0.08560185185185186
7 0.422808671065033 0.42442592592592593 0.03650329877474081 0.08680555555555555
18 0.08405278039585297 0.2761574074074074 0.04019792648444863 0.08903703703703704
20 0.21730442978322337 0.27623148148148147 0.03651272384542884 0.08616666666666667
20 0.2563713477851084 0.27409259259259255 0.0384071630537229 0.08633333333333333
20 0.9146277097078228 0.28607407407407404 0.03202639019792648 0.06975925925925926
18 0.5631573986804901 0.27991666666666665 0.027898209236569275 0.07249074074074074
18 0.850631479736098 0.287 0.028030160226201695 0.06860185185185186
21 0.3348444863336475 0.2739537037037037 0.037389255419415644 0.0898888888888889
21 0.29348727615457115 0.2755648148148148 0.036578699340245054 0.09010185185185185
21 0.6267200754005655 0.2747222222222222 0.03713477851083883 0.08766666666666667
19 0.3736003770028275 0.27612962962962967 0.03819981149858624 0.08472222222222223
19 0.41436380772855796 0.27428703703703705 0.03660697455230914 0.08668518518518518
19 0.7080490103675777 0.27721296296296294 0.03451460885956644 0.08596296296296296
19 0.668416588124411 0.27585185185185185 0.03645617342130066 0.08698148148148148
21 0.5294910461828464 0.2813611111111111 0.027181903864278982 0.07133333333333335
16 0.4562205466540999 0.27193518518518517 0.03846371347785109 0.08906481481481482
16 0.746880301602262 0.2773611111111111 0.03555136663524976 0.08925
17 0.7877474081055608 0.27767592592592594 0.03902921771913289 0.09228703703703704
17 0.4948067860508954 0.2720462962962963 0.03597549481621112 0.08975000000000001
21 0.8210084825636192 0.28470370370370374 0.026032045240339304 0.06844444444444445
19 0.8818378887841659 0.28558333333333336 0.02879359095193214 0.06905555555555555