18 0.5532843137254903 0.2633898305084746 0.03370370370370371 0.0946582832148715
18 0.5121459694989107 0.2608529250956807 0.0351525054466231 0.09393657736468015
20 0.3164488017429194 0.27372334609076 0.027374727668845314 0.07826681246582833
21 0.6237091503267974 0.2631875341716785 0.04292483660130719 0.09951339529797704
21 0.2839052287581699 0.274516129032258 0.029052287581699348 0.07559322033898305
21 0.25084967320261436 0.2754018589393111 0.030582788671023965 0.08040459267359212
18 0.21949891067538127 0.27319846910880263 0.026688453159041396 0.0807545106615637
18 0.18919934640522876 0.27346637506834337 0.02876906318082789 0.07972115910333516
16 0.7064651416122004 0.2635155822854019 0.037870370370370374 0.10058501913613997
16 0.6654575163398693 0.26346637506834336 0.036459694989106756 0.09826134499726627
17 0.7480283224400872 0.26455440131219243 0.04251089324618736 0.09947512301804265
17 0.7947058823529412 0.26586112629852376 0.042009803921568625 0.09782941498086387
13 0.18506535947712416 0.8512957900492072 0.02782135076252723 0.07598687807545106
12 0.21345315904139434 0.851951886276654 0.027118736383442265 0.07992345544013123
12 0.2410893246187364 0.8510442864953526 0.026486928104575164 0.08125751776927283
28 0.3102342047930283 0.8566921815199563 0.027598039215686276 0.07609075997813011
6 0.4119880174291939 0.41765445598687806 0.034983660130718956 0.08794423182066703
6 0.45187363834422656 0.4174412247129579 0.03557734204793028 0.08837069436850738
14 0.651764705882353 0.5624220885729907 0.030996732026143788 0.09109349371241116
14 0.6807080610021786 0.5627938764352104 0.024956427015250544 0.09270639693821761
14 0.7092374727668845 0.5642536905412794 0.027598039215686276 0.09215418261344997
15 0.7662418300653594 0.5648879168944779 0.026710239651416123 0.09168398031711318
15 0.7382788671023965 0.5659103335155823 0.026072984749455335 0.09199562602515035
2 0.775375816993464 0.8567523236741389 0.033823529411764704 0.07465828321487152
0 0.7420697167755992 0.850595954073264 0.03215141612200436 0.07354291962821213
1 0.7049618736383442 0.8523892837616184 0.03301742919389978 0.07458720612356479
30 0.3672984749455338 0.8599835975943139 0.028050108932461872 0.07842536905412793
30 0.39728758169934636 0.8604100601421543 0.02801742919389978 0.07757791142700929
23 0.5326797385620915 0.7268234007654455 0.029863834422657953 0.08446692181519956
24 0.4640032679738562 0.7241607435757245 0.029705882352941176 0.08065062875888464
26 0.43617647058823533 0.7180317113176599 0.02675925925925926 0.07950792782941497
25 0.49804466230936817 0.7220995079278294 0.03443355119825708 0.0861071623838163
5 0.7805119825708061 0.7229579004920722 0.0345479302832244 0.08258611262985238
4 0.7099400871459696 0.720781848004374 0.031704793028322444 0.08326954620010936
3 0.7446786492374727 0.7179004920721705 0.036040305010893246 0.08354291962821214
29 0.4290686274509804 0.858529250956807 0.027837690631808278 0.07323127392017496
20 0.46777233115468414 0.2588026243849098 0.039417211328976035 0.0912465828321487