20 0.27042356565267617 0.17070370370370372 0.034262610704659226 0.20922222222222223
18 0.30172121678860225 0.17158333333333334 0.029745860608394303 0.20304629629629628
0 0.8698228725452445 0.2201574074074074 0.0272737774355025 0.13087962962962962
1 0.897639584135541 0.22783333333333333 0.027893723527146707 0.13168518518518518
9 0.9246707739699653 0.22103703703703703 0.026403542549095108 0.15116666666666667
13 0.5475779745860608 0.4824259259259259 0.023565652676164808 0.15207407407407408
12 0.5712629957643435 0.48352777777777783 0.023053523296110896 0.15083333333333335
15 0.5232268001540239 0.4850555555555556 0.020604543704274163 0.14873148148148146
14 0.5025298421255294 0.48348148148148146 0.020300346553715827 0.14901851851851852
14 0.483461686561417 0.4809259259259259 0.017535618020793224 0.14649074074074075
30 0.46309973045822106 0.48037037037037034 0.022911051212938006 0.1514074074074074
3 0.33544089333846744 0.47250000000000003 0.029510974201001156 0.15284259259259259
5 0.3624412783981517 0.4734074074074074 0.026341932999614938 0.15293518518518517
4 0.39161725067385444 0.47309259259259256 0.02358875625721987 0.15833333333333333
21 0.24619175972275703 0.47475 0.026465152098575282 0.1360185185185185
18 0.21063149788217173 0.47094444444444444 0.022722371967654986 0.12840740740740741
20 0.18681170581440124 0.47011111111111115 0.02677705044281864 0.13102777777777777
19 0.1589757412398922 0.471462962962963 0.025641124374278016 0.13116666666666665
21 0.1347246823257605 0.4836296296296297 0.01914131690412014 0.10412962962962963
18 0.1151251443973816 0.48205555555555557 0.019499422410473623 0.10293518518518519
20 0.09564497497112052 0.4810925925925926 0.01901424720831729 0.10557407407407407
7 0.02962649210627647 0.45940740740740743 0.028929534077782055 0.13581481481481483
6 0.05558336542164035 0.46137962962962964 0.023685021178282632 0.13911111111111113