20 0.036182846371347784 0.17989814814814814 0.055871819038642793 0.14077777777777778
20 0.08816211121583413 0.17975 0.041790763430725734 0.13874074074074075
20 0.05814326107445806 0.5250185185185186 0.04568331762488219 0.09893518518518518
18 0.1048444863336475 0.5248425925925926 0.04324222431668238 0.10017592592592592
18 0.14877474081055608 0.5251018518518519 0.03933081998114986 0.09432407407407407
19 0.1904995287464656 0.5222037037037037 0.04074458058435438 0.09570370370370371
30 0.36576814326107443 0.5179259259259259 0.036333647502356264 0.09539814814814815
30 0.40523091423185675 0.5173518518518518 0.03591894439208294 0.0965462962962963
3 0.444684260131951 0.5098796296296296 0.03894439208294062 0.10617592592592592
5 0.4907257304429783 0.5077777777777778 0.0425636192271442 0.10595370370370372
14 0.07013195098963242 0.6571018518518518 0.03637134778510839 0.10626851851851851
14 0.1075306314797361 0.656462962962963 0.034260131950989633 0.10161111111111111
15 0.14238454288407162 0.6675277777777777 0.02950989632422243 0.07594444444444444
6 0.17999057492931197 0.6679722222222222 0.04002827521206409 0.07683333333333334
8 0.22215834118755892 0.6626296296296296 0.03726672950047125 0.07334259259259258
7 0.30878416588124413 0.6501481481481481 0.043383600377002826 0.09465740740740741
3 0.39419415645617345 0.6434722222222222 0.038840716305372294 0.10172222222222223
3 0.43348727615457117 0.6489814814814815 0.03746465598491989 0.08649074074074074
5 0.4740810556079171 0.6482592592592593 0.03883129123468426 0.08312962962962964
4 0.5154288407163053 0.6451203703703704 0.03787935909519321 0.08887037037037038
13 0.23923656927426956 0.7785185185185185 0.03417530631479736 0.08856481481481482
13 0.2729406220546654 0.7747407407407407 0.02994344957587182 0.08857407407407407
12 0.3056927426955702 0.7725925925925926 0.02893496701225259 0.08786111111111111
12 0.33848256361922713 0.770712962962963 0.03268614514608859 0.08853703703703704
18 0.07836003770028276 0.9124166666666667 0.028982092365692744 0.0708425925925926
20 0.13385485391140434 0.9134907407407408 0.02947219604147031 0.06902777777777777
21 0.16475023562676722 0.9113703703703704 0.029095193213949107 0.06762037037037037
10 0.33319509896324223 0.8944074074074074 0.04042412818096136 0.08128703703703705
11 0.37057492931196984 0.8919166666666667 0.027954759660697454 0.07887962962962963
11 0.40838831291234684 0.8909351851851852 0.03479736098020735 0.08824074074074074
1 0.6339302544769087 0.379 0.04609802073515551 0.09485185185185185
1 0.6761262959472196 0.3837962962962963 0.035475966069745526 0.0965
1 0.7144109330819981 0.3898333333333333 0.037511781338360035 0.09408333333333334
1 0.7549481621112158 0.3947962962962963 0.03692742695570217 0.09460185185185185
1 0.7946559849198869 0.3988425925925926 0.03818096135721018 0.09455555555555556
1 0.8336003770028275 0.4010925925925926 0.03611687087653157 0.09487962962962963
1 0.8704429783223374 0.4076388888888889 0.03497643732327992 0.09061111111111111
1 0.9069462770970782 0.4106574074074074 0.032148916116870874 0.08860185185185185
1 0.9407163053722903 0.4156018518518519 0.03002827521206409 0.08835185185185185
1 0.9769745523091422 0.4197037037037037 0.0365315739868049 0.08658333333333333