9 0.7919627906976744 0.30844270833333337 0.07309767441860465 0.11838020833333333
20 0.878660465116279 0.3132604166666667 0.08392558139534884 0.11845833333333333
18 0.9627162790697675 0.3208854166666667 0.07456744186046511 0.10685416666666667
3 0.25776744186046513 0.48341666666666666 0.06817674418604652 0.09580208333333333
4 0.3294232558139535 0.4844375 0.06625116279069768 0.09890625
4 0.40132093023255816 0.485609375 0.06577674418604651 0.102328125
5 0.48200930232558137 0.49122916666666666 0.07332093023255813 0.09965625
5 0.5509860465116279 0.49521354166666665 0.062223255813953486 0.10709375
15 0.6309116279069767 0.49684895833333337 0.0606046511627907 0.106078125
15 0.6927906976744186 0.5003489583333333 0.05823255813953489 0.10719791666666666
14 0.7508837209302326 0.4998958333333333 0.054027906976744186 0.1046875
14 0.8140372093023256 0.50615625 0.055162790697674415 0.10115625
14 0.8759441860465116 0.5091249999999999 0.056688372093023257 0.10548958333333333
0 0.14143255813953487 0.6397135416666667 0.06966511627906977 0.08622916666666666
0 0.2144093023255814 0.642640625 0.06995348837209303 0.08307812499999999
1 0.2892093023255814 0.646578125 0.06785116279069767 0.08420312499999999
1 0.36229767441860466 0.653234375 0.07035348837209301 0.07726562499999999
6 0.43594418604651164 0.65809375 0.06594418604651163 0.077
8 0.596139534883721 0.6538177083333333 0.07186046511627907 0.09319791666666667
7 0.6691813953488372 0.6657447916666667 0.06021395348837209 0.08105208333333333
10 0.9197023255813953 0.9415364583333333 0.06426046511627907 0.08905729166666668
10 0.8516465116279069 0.9402864583333332 0.06402790697674418 0.08103645833333334
10 0.7910697674418604 0.9423958333333334 0.0528 0.07072916666666668