0 0.8667211328976034 0.08243029984218832 0.04265250544662309 0.07232509205681222
1 0.9110348583877996 0.09806943713834824 0.04105664488017429 0.0923250920568122
1 0.9557516339869281 0.09857969489742241 0.037598039215686274 0.08925302472382955
6 0.06804466230936819 0.2425039452919516 0.04427015250544662 0.08874276696475539
8 0.11355664488017429 0.24083640189374012 0.037096949891067536 0.082845870594424
8 0.15402505446623094 0.24711730668069437 0.04107298474945534 0.092845870594424
7 0.19953703703703704 0.25013150973172016 0.04450980392156863 0.0899000526038927
13 0.2444281045751634 0.2495476065228827 0.038502178649237474 0.09542346133613888
12 0.28313180827886714 0.24986849026827984 0.03284858387799564 0.09606522882693319
15 0.39284313725490194 0.25324039978958446 0.03133442265795207 0.09639137296159916
4 0.6358932461873639 0.2270384008416623 0.04546840958605665 0.11011046817464493
4 0.6886764705882353 0.23228826933193056 0.040386710239651416 0.1086638611257233
4 0.7327342047930283 0.23417148869016308 0.03868736383442266 0.1074066280904787
3 0.777244008714597 0.23555497106785903 0.04700980392156863 0.10765912677538138