21 0.6434166666666666 0.11134873723804406 0.06139814814814815 0.08314347125201504
21 0.5820185185185186 0.11246641590542719 0.0639537037037037 0.08240193444384739
18 0.5167777777777778 0.11097796883396023 0.06907407407407407 0.08240193444384739
15 0.758537037037037 0.27651800107469104 0.046046296296296294 0.07794734013970983
14 0.7118518518518518 0.2757764642665234 0.052444444444444446 0.0838850080601827
30 0.6600462962962963 0.2772649113379903 0.04861111111111111 0.085368081676518
0 0.787962962962963 0.5808758731864588 0.04861111111111111 0.07200429876410532
0 0.7374351851851851 0.5790220311660398 0.05756481481481482 0.06977968833960237
1 0.6779537037037038 0.574938205265986 0.05628703703703704 0.06903815153143471
1 0.6223055555555556 0.5756797420741536 0.052444444444444446 0.07052122514777003
11 0.5692222222222222 0.5716012896292316 0.04861111111111111 0.07423428264373992
11 0.5174166666666666 0.5734551316496508 0.055 0.07497581945190758
10 0.46049999999999996 0.5723428264373993 0.051166666666666666 0.07275120902740462
10 0.4080462962962963 0.5708543793659322 0.051166666666666666 0.07720042987641053