3 0.2693358278765201 0.34308333333333335 0.07698783910196445 0.09490104166666667
4 0.34863423760523854 0.341859375 0.07453695042095417 0.09517187499999999
5 0.42366697848456497 0.34213541666666664 0.0806267539756782 0.10115104166666668
1 0.5034518241347054 0.34369791666666666 0.06939195509822264 0.08389583333333334
1 0.5785968194574368 0.3452604166666667 0.07328344246959775 0.08838020833333333
1 0.6576520112254444 0.34396875 0.07521983161833488 0.0844375
18 0.7417305893358278 0.32827604166666663 0.08474275023386342 0.11147395833333333
14 0.9182974742750234 0.5006354166666667 0.049027128157156215 0.07638020833333334
15 0.8575584658559402 0.5013697916666666 0.05394761459307765 0.07100520833333333
28 0.44623012160898035 0.49990625000000005 0.06170252572497661 0.07784895833333333
29 0.38452759588400376 0.5028385416666666 0.06293732460243218 0.07980729166666665
30 0.3236950420954163 0.501859375 0.06242282507015903 0.07784895833333333
16 0.6792142188961646 0.7924635416666667 0.06241347053320861 0.06181770833333333
19 0.6176800748362956 0.7946145833333333 0.06049579045837231 0.07003125
20 0.40699719363891484 0.7863072916666667 0.06047708138447147 0.0739375
12 0.3464172123479888 0.7980364583333334 0.06221702525724977 0.08176041666666665
13 0.28637979420018705 0.7990156249999999 0.054499532273152476 0.08371354166666665
13 0.23406922357343313 0.7976458333333334 0.055210477081384476 0.07706770833333333