3 0.3476953125 0.12138020833333334 0.040859374999999996 0.09608854166666667
4 0.3886216517857143 0.12195312500000001 0.0334765625 0.095828125
4 0.42397879464285715 0.12108854166666667 0.027929687499999998 0.09400520833333334
5 0.4589174107142857 0.12204166666666666 0.035948660714285714 0.092984375
0 0.4980970982142857 0.12476041666666667 0.03709263392857143 0.08221875000000001
1 0.5373493303571428 0.12373958333333333 0.03580915178571429 0.08159374999999999
30 0.6312834821428571 0.11655208333333333 0.03665178571428572 0.09142708333333333
13 0.7099553571428572 0.11377083333333333 0.03184709821428571 0.09165104166666667
12 0.7433984375 0.11126041666666667 0.02923549107142857 0.090453125
14 0.9243470982142857 0.108453125 0.027371651785714286 0.08804687500000001
15 0.9563560267857143 0.10823437500000001 0.031339285714285715 0.08759895833333334