20 0.46370370370370373 0.11207008964955174 0.05748148148148148 0.13518337408312958
18 0.5259074074074074 0.10836185819070905 0.05692592592592592 0.14451507742461286
27 0.2759814814814815 0.2987041564792176 0.04610185185185185 0.1138875305623472
22 0.3229814814814815 0.2969111654441728 0.04772222222222222 0.11747351263243683
1 0.5723796296296296 0.3015729421352893 0.043916666666666666 0.11006519967400163
1 0.6317407407407407 0.30312958435207826 0.051240740740740746 0.11078239608801957
0 0.6881111111111111 0.3011002444987775 0.0515 0.10910350448247759
0 0.7410833333333333 0.30229013854930725 0.04986111111111111 0.10671556642216788
10 0.8004351851851852 0.3043276283618582 0.05719444444444445 0.10838630806845967
13 0.41762037037037036 0.47076609616951914 0.04101851851851852 0.09970660146699267
12 0.46287962962962964 0.4714506927465363 0.04440740740740741 0.09834555827220864