0 0.5565136612021858 0.11608854166666666 0.04772131147540983 0.112625
0 0.5107431693989071 0.10297395833333334 0.04225136612021858 0.11136458333333334
0 0.46935519125683056 0.09523958333333334 0.052404371584699454 0.11372916666666667
0 0.4229289617486339 0.09109375 0.049360655737704914 0.11197395833333333
5 0.04586885245901639 0.05975520833333334 0.05985792349726776 0.11825520833333333
4 0.0933497267759563 0.059041666666666666 0.05191803278688525 0.11808854166666666
14 0.37911475409836065 0.08317187499999999 0.03907103825136612 0.128828125
6 0.7012786885245901 0.34019791666666666 0.04724043715846995 0.10372916666666666
7 0.7893497267759563 0.33666666666666667 0.04127868852459017 0.09546875
8 0.8353989071038251 0.33534375 0.047300546448087434 0.09758333333333334
19 0.8776393442622951 0.3361354166666667 0.03414754098360656 0.09441145833333334
20 0.9217978142076503 0.3325677083333333 0.04173224043715847 0.08727083333333334
21 0.9639945355191256 0.33142708333333337 0.04380874316939891 0.08796354166666666