0 0.3228611111111111 0.22839050131926122 0.05540740740740741 0.07212137203166226
0 0.38076851851851856 0.22727704485488126 0.055824074074074075 0.0749023746701847
0 0.43538888888888894 0.22776253298153035 0.05405555555555556 0.07337203166226912
0 0.4904907407407408 0.22736147757255937 0.05325925925925926 0.07194722955145119
1 0.5481296296296296 0.2260580474934037 0.054231481481481485 0.07121372031662268
1 0.6058611111111112 0.22589973614775724 0.054296296296296294 0.07152506596306069
1 0.6607500000000001 0.22722427440633244 0.051972222222222225 0.07166754617414248
1 0.7178333333333333 0.22548284960422166 0.054046296296296294 0.07069129287598945
19 0.15293518518518517 0.39775725593667544 0.05187037037037037 0.07198416886543535
20 0.0945 0.40010554089709766 0.0602962962962963 0.06728759894459103
18 0.10378703703703704 0.5582321899736147 0.05248148148148148 0.07160422163588391
21 0.15751851851851853 0.5585435356200528 0.054425925925925926 0.07097625329815303
14 0.39579629629629626 0.6766807387862797 0.04020370370370371 0.07674406332453826
15 0.4415 0.6784010554089709 0.04649074074074074 0.07831134564643799
4 0.4880833333333333 0.6781424802110818 0.045148148148148146 0.07716094986807388
5 0.5349722222222222 0.6781583113456464 0.051 0.08158311345646438
3 0.5876944444444445 0.6772189973614775 0.05203703703703704 0.0784485488126649
4 0.49284259259259255 0.817952506596306 0.050277777777777775 0.07805277044854882
5 0.5448611111111111 0.8172401055408971 0.04880555555555555 0.07613720316622691
3 0.5962777777777778 0.817065963060686 0.050509259259259254 0.07815831134564645
23 0.7886388888888889 0.8231081794195251 0.05497222222222222 0.07833245382585752
26 0.8430740740740741 0.825335092348285 0.050638888888888886 0.07777836411609498
3 0.5942685185185185 0.9214722955145119 0.04711111111111111 0.08025857519788919
5 0.5494259259259259 0.9200791556728232 0.046935185185185184 0.07747757255936676
4 0.4996944444444444 0.9199736147757256 0.04968518518518518 0.07601055408970976
9 0.9038518518518518 0.9304538258575198 0.05460185185185185 0.08068601583113456
15 0.4539166666666667 0.9210765171503958 0.041666666666666664 0.0807282321899736
14 0.4117037037037037 0.9226965699208444 0.0440462962962963 0.07582058047493404
21 0.1595925925925926 0.9233034300791557 0.03661111111111111 0.06012137203166227
10 0.7402222222222222 0.9267862796833773 0.04716666666666666 0.07210026385224275
18 0.10987037037037037 0.811825857519789 0.05036111111111111 0.07268073878627967
21 0.1625 0.8149920844327178 0.05450925925925926 0.07024802110817942
6 0.21802777777777776 0.8121213720316622 0.04797222222222222 0.07264907651715038
7 0.2656203703703704 0.814575197889182 0.04753703703703704 0.0744221635883905
14 0.40125925925925926 0.8150817941952506 0.04186111111111111 0.07731398416886542
15 0.44470370370370366 0.8169445910290237 0.04191666666666667 0.07916094986807387
10 0.7402777777777778 0.8228390501319262 0.04837962962962963 0.07403693931398417
10 0.7265092592592592 0.6815197889182059 0.059305555555555556 0.07765699208443272