20 0.1648425925925926 0.2356654195617317 0.05913888888888889 0.10876002137894175
20 0.2766388888888889 0.5457776590058792 0.054740740740740736 0.07449492250133619
20 0.32737037037037037 0.5432282202030999 0.03509259259259259 0.07350614644575093
18 0.3676203703703703 0.5439871726349546 0.03721296296296296 0.07502939604489578
21 0.4181944444444444 0.5479957242116515 0.052675925925925925 0.07687867450561198
21 0.47677777777777774 0.5493105291288081 0.043250000000000004 0.08028861571352218
19 0.5268055555555556 0.5553768038482094 0.04767592592592593 0.07764831640833779
7 0.6978518518518518 0.5594548369855692 0.06385185185185184 0.09280064136825227
30 0.7686111111111111 0.5589310529128808 0.0680185185185185 0.10419561731694281
14 0.8313055555555555 0.5609620523784072 0.049296296296296296 0.11062533404596472
15 0.8974166666666668 0.5642490646712988 0.07127777777777779 0.10899518973810797
3 0.3332685185185185 0.6723303046499198 0.032157407407407405 0.0786798503474078
5 0.3758425925925926 0.6816996258685195 0.04142592592592593 0.08305718866916088
12 0.41841666666666666 0.6870336718332443 0.03202777777777778 0.08008017103153395
22 0.5443148148148148 0.7072688401924104 0.046203703703703705 0.09541956173169429
11 0.5968055555555555 0.7151042223409941 0.05164814814814815 0.0917049706039551
0 0.8199814814814815 0.7487119187600213 0.06756481481481481 0.1043345804382683
1 0.8962222222222221 0.7653019775521113 0.07075925925925926 0.10304649919828969
2 0.968675925925926 0.7686477819347943 0.06264814814814815 0.10830571886691608
22 0.579324074074074 0.8581239978621058 0.051537037037037034 0.08690005344735435