24 0.2811296296296296 0.622600106780566 0.04644444444444444 0.07600640683395622
23 0.40598148148148144 0.6216924719701015 0.047824074074074074 0.07745328350240256
23 0.45867592592592593 0.6218793379604912 0.049222222222222216 0.07782701548318206
26 0.5765648148148149 0.6203416978109985 0.05236111111111111 0.07867592098238121
25 0.9014907407407408 0.6181046449546183 0.04268518518518519 0.07194340630005339
15 0.20019444444444445 0.7678750667378538 0.0422962962962963 0.0689642285104111
14 0.24463888888888888 0.7650453817405233 0.037750000000000006 0.07391350774159103
14 0.2893611111111111 0.7626641751201282 0.03512962962962963 0.07545114789108381
28 0.3292962962962963 0.7636839295248266 0.0470462962962963 0.0809183128670582
28 0.37844444444444447 0.7639241857981847 0.044861111111111115 0.07757608115323011
30 0.42524074074074075 0.7617191671115857 0.04297222222222222 0.07591564335290978
2 0.8593055555555555 0.9046609717031501 0.046564814814814816 0.0696476241324079
2 0.8099074074074074 0.905408435664709 0.045564814814814815 0.07177789642285104
1 0.7563611111111112 0.9086759209823813 0.04837962962962963 0.07509343299519487
13 0.6103240740740741 0.9091564335290977 0.04006481481481482 0.07776294714361986
12 0.5621666666666667 0.908611852642819 0.04558333333333333 0.08351308061932727
5 0.47337962962962965 0.913667912439936 0.04794444444444444 0.07651895355045381
4 0.4211944444444444 0.912242391884677 0.044425925925925924 0.08507207688200748
3 0.37119444444444444 0.9161398825413775 0.042833333333333334 0.08608649225840898
3 0.31669444444444445 0.9163747997864388 0.05293518518518519 0.08250934329951948
6 0.5367592592592593 0.49779498131340094 0.049851851851851856 0.0694874532835024
7 0.4793148148148148 0.5001281366791244 0.052925925925925925 0.07702616123865456
7 0.4265648148148148 0.5009556860651361 0.04962962962962963 0.07580352375867591
21 0.06418518518518518 0.3639081687132942 0.04615740740740741 0.07437800320341698
21 0.12242592592592592 0.36782167645488517 0.05801851851851852 0.08017618793379604
18 0.18414814814814814 0.3685744794447411 0.05510185185185185 0.08087560064068339
20 0.24530555555555555 0.36807261078483716 0.05664814814814815 0.07784303256807262
20 0.3070833333333333 0.3705445808862787 0.060148148148148145 0.079145755472504
19 0.3850925925925926 0.3694020288307528 0.04908333333333333 0.07038974906567005
19 0.43674999999999997 0.37232781633742656 0.04919444444444444 0.07705285638013881
19 0.49248148148148146 0.3722957821676455 0.05393518518518518 0.07859583555792846
17 0.5523333333333333 0.37150026695141486 0.05288888888888889 0.07502402562733583
16 0.6231018518518519 0.3690977042178324 0.05612037037037037 0.06694607581420181
18 0.9223981481481482 0.3788681260010678 0.0467037037037037 0.05167111585691404
18 0.8779814814814815 0.3843619861185264 0.03721296296296296 0.05982381206620395
21 0.8402407407407407 0.3838921516284036 0.035444444444444445 0.05928990923651895
21 0.7987314814814814 0.38270688734650293 0.03737962962962963 0.06056059797116925
20 0.756212962962963 0.3827869727709557 0.03869444444444444 0.0611318739989322
5 0.048157407407407406 0.0786865990389749 0.05415740740740741 0.08500266951414844
3 0.1090462962962963 0.08036839295248265 0.05465740740740741 0.08552055525894288
3 0.16973148148148148 0.08260010678056594 0.05558333333333333 0.08712226374799786
3 0.2294351851851852 0.08614522156967432 0.05619444444444444 0.08565403096636412
22 0.8543796296296297 0.6175760811532301 0.044861111111111115 0.07231179925253604
29 0.47358333333333336 0.7616070475173519 0.04384259259259259 0.07466097170315003