20 0.06509259259259259 0.2993914916532041 0.03860021786492375 0.12951534733441034
20 0.11132897603485839 0.30269251480883147 0.05240740740740741 0.12870220786214323
20 0.16645969498910676 0.3034464189553043 0.04747821350762527 0.12835756596661282
4 0.8706644880174291 0.4717232094776521 0.03705337690631808 0.10380183091007
3 0.9096459694989106 0.46889068389876143 0.03634531590413943 0.10368336025848142
20 0.08128540305010894 0.6129186860527733 0.036465141612200436 0.09007539041464728
18 0.11696623093681917 0.6138395261173937 0.034155773420479305 0.08931610123855682
21 0.15928649237472767 0.6170920840064621 0.03898148148148148 0.08281637049003769
19 0.2047276688453159 0.6103123317178244 0.038654684095860564 0.090942380183091
7 0.252140522875817 0.6073882606354335 0.03613289760348584 0.09029079159935378
7 0.29182461873638343 0.6164404954227248 0.03832788671023966 0.08844911147011308
7 0.3351851851851852 0.6069520732364028 0.03909041394335512 0.09115778136779752
8 0.3768954248366013 0.6092837910608508 0.0374400871459695 0.09408723747980614
6 0.4182244008714597 0.616709746903608 0.03503267973856209 0.08031771674744212
15 0.4540795206971678 0.6102046311254712 0.03306644880174292 0.0976628971459343
14 0.4844553376906318 0.6074421109316102 0.025403050108932464 0.09126548196015077
14 0.5136111111111111 0.6100430802369412 0.02846949891067538 0.09473882606354335
7 0.6092592592592592 0.6029940764674205 0.03558823529411765 0.09364566505115779
8 0.6484531590413943 0.6035379644588045 0.03854575163398693 0.09039849219170705
6 0.6863779956427015 0.6117232094776521 0.0372276688453159 0.07728056004308023
15 0.7234912854030501 0.600016155088853 0.03426470588235294 0.09201938610662358
14 0.7513398692810458 0.5990953150242326 0.024188453159041393 0.08844372644049543
14 0.7791830065359476 0.5986591276252019 0.029880174291938996 0.09364566505115779
30 0.8473148148148149 0.6036995153473343 0.032837690631808275 0.08464728056004307
30 0.8825054466230937 0.6014216478190629 0.03305555555555555 0.09136779752288637
13 0.9170370370370371 0.6085245018847604 0.034586056644880174 0.08042541733979537
12 0.9538180827886711 0.6011523963381799 0.031846405228758166 0.09516424340333872
7 0.06886165577342049 0.905223478729133 0.04223311546840959 0.0982444803446419
0 0.12385076252723311 0.9022132471728594 0.04705882352941177 0.0987237479806139
1 0.16934640522875818 0.9004038772213246 0.04021241830065359 0.0987237479806139
9 0.9421132897603486 0.8814593430263866 0.030446623093681915 0.1031933225632741
24 0.9797331154684096 0.8940549273021001 0.04053921568627451 0.10138395261173937