20 0.1458714596949891 0.25557874762808347 0.07157952069716775 0.1132764073371284
20 0.06736928104575163 0.25464895635673623 0.06817538126361655 0.1151359898798229
20 0.05940087145969499 0.6315812776723593 0.07050653594771242 0.0834471853257432
21 0.14087690631808278 0.6387507906388362 0.06571350762527234 0.07424414927261226
18 0.2134967320261438 0.6351676154332702 0.05611655773420479 0.08312776723592663
19 0.2918409586056645 0.636021505376344 0.05980392156862745 0.07627767235926629
14 0.34742374727668845 0.6354870335230867 0.03825163398692811 0.08162871600253005
15 0.4023529411764706 0.6370398481973434 0.05224945533769063 0.07509803921568628
5 0.6953485838779957 0.6480139152435167 0.05574618736383442 0.09597722960151803
4 0.786868191721133 0.6462460468058191 0.052619825708061 0.10207779886148007
0 0.7938725490196078 0.8159582542694497 0.05925381263616558 0.0797280202403542
27 0.7324945533769063 0.8109803921568628 0.05078431372549019 0.08368753953194182
15 0.6801525054466231 0.8123181530676787 0.041944444444444444 0.08529411764705883
15 0.6319498910675381 0.8101771030993044 0.046928104575163394 0.08101201771030994
6 0.4614433551198257 0.8005439595192917 0.057984749455337686 0.08743200506008854
8 0.3997875816993464 0.7986685641998734 0.05449346405228758 0.08689753320683112
7 0.33868736383442266 0.7995793801391524 0.05579520697167756 0.08336495888678053
7 0.2633769063180828 0.909920936116382 0.05449346405228758 0.06429158760278304
7 0.3289978213507625 0.9047280202403543 0.06038126361655773 0.0806672991777356
11 0.39332244008714595 0.9041397849462365 0.05263071895424836 0.05701138519924099
27 0.549177559912854 0.9113630613535737 0.06018518518518518 0.059690069576217586
27 0.6253921568627451 0.9228716002530044 0.05224945533769063 0.06236875395319418
27 0.6808714596949891 0.9242631246046806 0.04892156862745098 0.058728652751423145
23 0.7370915032679738 0.9299905123339659 0.05443899782135076 0.05840923466160658
24 0.7917429193899783 0.92865275142315 0.04392701525054467 0.05680265654648957