20 0.021930041152263373 0.14198600645855758 0.01572222222222222 0.07958019375672767
18 0.05353086419753087 0.14163616792249734 0.014917695473251029 0.09283638320775027
21 0.08112962962962963 0.14469321851453174 0.014113168724279836 0.08672766415500538
20 0.14159876543209876 0.1371044133476857 0.016368312757201645 0.10469321851453176
18 0.1594238683127572 0.13545748116254036 0.015224279835390946 0.10851991388589881
0 0.1751934156378601 0.1493972012917115 0.0129320987654321 0.08041442411194832
11 0.18940329218106997 0.1451130247578041 0.012547325102880659 0.08920344456404737
11 0.2138312757201646 0.14642088266953715 0.013526748971193414 0.09535522066738428
11 0.24550411522633747 0.14171151776103338 0.012477366255144033 0.09770721205597416
10 0.26434362139917694 0.14043595263724434 0.012633744855967077 0.09712055974165769
10 0.2792962962962963 0.14200753498385363 0.0121440329218107 0.10025834230355221
9 0.2915102880658436 0.14460710441334768 0.01142798353909465 0.0966307857911733
9 0.30451234567901236 0.14328310010764264 0.01153909465020576 0.10085037674919267
24 0.44825720164609056 0.15003229278794403 0.013382716049382718 0.09258880516684607
24 0.4627962962962963 0.14625941872981701 0.012948559670781894 0.09111410118406889
23 0.4769897119341564 0.14404736275565122 0.013477366255144034 0.09276103336921421
23 0.49189711934156377 0.14044671689989235 0.01311522633744856 0.09510226049515608
27 0.5054670781893005 0.1438805166846071 0.01165432098765432 0.09006458557588805
27 0.52030658436214 0.13868137782561896 0.012458847736625514 0.09417653390742733
4 0.6445679012345679 0.13882669537136705 0.014076131687242798 0.09682992465016146
3 0.6589032921810699 0.1382400430570506 0.013185185185185185 0.09613024757804091
5 0.6735843621399177 0.1382669537136706 0.015125514403292182 0.09757265877287405
30 0.7179279835390947 0.10901506996770721 0.013456790123456791 0.09636706135629709
13 0.7310864197530864 0.10890204520990313 0.012063786008230453 0.09659849300322927
12 0.743872427983539 0.10845532831001076 0.012703703703703705 0.0952475780409042
14 0.7557057613168724 0.10913347685683532 0.009660493827160494 0.09613562970936491
15 0.7673786008230453 0.10687298170075349 0.01181275720164609 0.09953175457481163