20 0.049739278752436646 0.5375330862890418 0.033511208576998054 0.19025939650608786
20 0.08522417153996101 0.5373266278454208 0.034325048732943474 0.18176813128639493
20 0.11732699805068227 0.5547061937533085 0.03098684210526316 0.1451985177342509
18 0.14885477582846005 0.5560084700899947 0.03213206627680312 0.14984118581259925
21 0.1811135477582846 0.5574801482265749 0.03098196881091618 0.14870831127580733
21 0.2140229044834308 0.5565166754896771 0.030197368421052632 0.14882477501323452
14 0.6473684210526316 0.5489730015881419 0.019488304093567253 0.11979883536262573
15 0.6689156920077973 0.5497882477501324 0.019244639376218325 0.12025939650608787
10 0.7813036062378167 0.5508046585494971 0.02137914230019493 0.12346214928533615
11 0.8051827485380116 0.5511646373742721 0.019844054580896685 0.12065113816834304
11 0.8257139376218323 0.4380518793012176 0.01973196881091618 0.15217575436739014
1 0.8495175438596492 0.4436739015352038 0.025087719298245614 0.1398835362625728
0 0.8801827485380117 0.444854420328216 0.031164717348927878 0.13752779248279515
20 0.9081262183235868 0.4567866596082583 0.021500974658869396 0.11784542085759662
18 0.930921052631579 0.4607728957120169 0.022132066276803117 0.11405505558496558
21 0.9549658869395711 0.45704605611434623 0.023633040935672513 0.11836950767601906