20 0.16617971334068357 0.149890625 0.07643329658213892 0.18431770833333333
20 0.08697353914002205 0.15884895833333335 0.07373759647188532 0.19583333333333333
20 0.02349503858875413 0.15548958333333335 0.04699007717750826 0.19871354166666666
20 0.060303197353914005 0.6045 0.05604189636163175 0.09072916666666667
18 0.1159316427783903 0.6079635416666667 0.04767364939360529 0.09157812500000001
21 0.16963065049614112 0.60778125 0.05345093715545755 0.09972395833333333
21 0.21792171995589857 0.6104531249999999 0.043280044101433296 0.09534895833333333
8 0.32436052921719954 0.603890625 0.03620727673649394 0.10166666666666666
7 0.37606394707828 0.6148906249999999 0.047001102535832416 0.09328645833333334
6 0.426289966923925 0.6126406249999999 0.043263506063947084 0.09000000000000001
30 0.6087486218302095 0.6145833333333334 0.03902976846747519 0.11211458333333332
30 0.5660474090407938 0.6142187499999999 0.035948180815876515 0.10409375000000001
27 0.7599503858875413 0.7701458333333334 0.03786659316427784 0.10484375
24 0.7152535832414554 0.7784114583333334 0.039807056229327446 0.09706770833333334
11 0.6729382579933848 0.7804166666666668 0.04007166482910694 0.09986458333333334
10 0.6246471885336273 0.781390625 0.039950385887541344 0.10180729166666666
3 0.424625137816979 0.7723333333333334 0.03865490628445425 0.09463541666666667
5 0.38179713340683574 0.7731875 0.043031973539140025 0.10363020833333333
4 0.3367199558985667 0.7731250000000001 0.04162624035281147 0.099859375
12 0.29594266813671444 0.7683229166666667 0.04110804851157662 0.098765625
13 0.2526626240352811 0.7734270833333333 0.03815325248070562 0.08953125
1 0.5129327453142227 0.9091145833333333 0.03519294377067255 0.08747395833333332
0 0.5673373759647189 0.9147031250000001 0.03852811466372657 0.08893229166666666
0 0.6326736493936054 0.9203541666666666 0.035429988974641675 0.0844375
0 0.674928335170893 0.9145208333333333 0.036323042998897465 0.09221354166666668