18 0.04744444444444445 0.22770306616460464 0.08286111111111111 0.10431414739107046
20 0.1355925925925926 0.21693921463152233 0.08720370370370371 0.1292038730500269
20 0.22746296296296295 0.2164873587950511 0.08510185185185185 0.12124798278644433
21 0.3842222222222222 0.22972027972027972 0.07382407407407408 0.0992684238838085
21 0.4590092592592593 0.23221624529316837 0.06706481481481483 0.09315761161915008
21 0.5323981481481481 0.23246906939214632 0.06968518518518518 0.09467455621301775
19 0.6018148148148148 0.2332867132867133 0.05978703703703703 0.09118343195266272
19 0.6722870370370371 0.23388380849919313 0.06555555555555555 0.0913986013986014
19 0.7380185185185185 0.2351586874663798 0.057249999999999995 0.08812264658418505
7 0.6489537037037038 0.39188273265196344 0.06180555555555556 0.08610543302850995
7 0.5829444444444445 0.3939913932221624 0.06137962962962964 0.08946207638515331
6 0.45842592592592596 0.3960462614308768 0.07247222222222222 0.08785906401291017
8 0.07307407407407407 0.39716514254975793 0.07853703703703703 0.0970414201183432
24 0.28812037037037036 0.5408714362560516 0.06778703703703703 0.09209252286175362
26 0.5853333333333333 0.5309144701452394 0.06337962962962963 0.09223238300161378