8 0.08186813186813187 0.1592685185185185 0.042135989010989014 0.16753703703703704
7 0.13893543956043955 0.15818518518518518 0.04320054945054945 0.16393518518518518
7 0.2378708791208791 0.15423148148148147 0.040535714285714286 0.18478703703703703
6 0.1885370879120879 0.16178703703703703 0.04426510989010989 0.16393518518518518
24 0.4010782967032967 0.15782407407407406 0.04586538461538461 0.16897222222222222
14 0.4896153846153846 0.1427314814814815 0.030934065934065932 0.17185185185185184
15 0.452815934065934 0.14237037037037037 0.03839972527472527 0.17400925925925925
12 0.6173489010989011 0.13697222222222222 0.04426510989010989 0.17616666666666667
13 0.6648214285714286 0.13769444444444445 0.04 0.17760185185185184
13 0.8170879120879121 0.14668518518518517 0.04160027472527473 0.1725648148148148
12 0.7706868131868131 0.1492037037037037 0.042664835164835165 0.17328703703703704
0 0.8328228021978021 0.40553703703703703 0.04853708791208791 0.14955555555555555
1 0.8850892857142858 0.4073333333333333 0.04746565934065934 0.1545925925925926
0 0.6728159340659341 0.4008611111111111 0.04746565934065934 0.15171296296296297
22 0.7384203296703298 0.4012222222222222 0.03253434065934066 0.15818518518518518
22 0.5810851648351648 0.39366666666666666 0.03253434065934066 0.1632222222222222
5 0.5112156593406594 0.3922314814814815 0.046401098901098906 0.1704074074074074
4 0.5493475274725275 0.3940277777777778 0.028798076923076923 0.16825
3 0.46801510989010986 0.39511111111111114 0.034670329670329667 0.16753703703703704
30 0.3690796703296703 0.4044537037037037 0.04480082417582418 0.15890740740740741
29 0.3256112637362637 0.40625 0.03893543956043956 0.15675
20 0.27680631868131866 0.4109259259259259 0.05013736263736264 0.1502777777777778
21 0.22880494505494506 0.4120092592592593 0.04160027472527473 0.15100000000000002
18 0.18000686813186811 0.4109259259259259 0.046401098901098906 0.1531574074074074