7 0.5132684067004285 0.13228125 0.0779703934553954 0.25528125
4 0.5984417608102844 0.13116666666666668 0.0810323334631866 0.26233333333333336
3 0.6743280093494352 0.13116666666666668 0.0669731203739774 0.26233333333333336
5 0.7679703934553954 0.15106250000000002 0.07832099727308142 0.3021197916666667
20 0.04679392286716011 0.5164114583333334 0.07166342033502143 0.219046875
19 0.11725749902610051 0.518140625 0.06790027269185821 0.21825
6 0.2391858200233736 0.5154791666666667 0.0669029996104402 0.2235625
15 0.4841332294507207 0.51003125 0.04481885469419556 0.231796875
30 0.5391858200233736 0.5088385416666666 0.05952084144916244 0.252796875
9 0.6624191663420336 0.5020572916666667 0.06271912738605376 0.24135416666666665
24 0.7849396182313986 0.5525364583333333 0.0756213478768991 0.24877604166666664
23 0.8765562913907284 0.5522708333333333 0.07282430853135956 0.254625
9 0.5115270744059213 0.8234270833333334 0.05983248928710557 0.224546875
0 0.575391507596416 0.8348385416666667 0.05967276977015972 0.20586979166666666
0 0.6436774444877288 0.83421875 0.06215037008180756 0.21126562499999998
1 0.7898675496688742 0.8903645833333333 0.07144916244643552 0.21731770833333333
1 0.8611881573821581 0.8862135416666667 0.06509544215037008 0.209015625