21 0.27459694989106753 0.15852183061546557 0.04918300653594771 0.12930036822724883
20 0.38514161220043575 0.16145186743819043 0.055386710239651415 0.13337190952130457
18 0.326214596949891 0.1654234613361389 0.039417211328976035 0.12343503419253025
1 0.13269063180827886 0.34813256180957386 0.05542483660130719 0.12248290373487639
0 0.18575163398692812 0.3455970541820095 0.04601307189542484 0.12755391899000526
29 0.30062636165577344 0.3451920042083114 0.05368191721132898 0.12997369805365597
13 0.4130065359477124 0.3451920042083114 0.05487472766884532 0.13319305628616518
12 0.4697821350762527 0.3453918990005261 0.05138888888888889 0.13439768542872174
7 0.5368137254901961 0.34881641241451866 0.062407407407407404 0.13399263545502368
23 0.642140522875817 0.3794792214623882 0.05099673202614379 0.12576012624934244
3 0.06014161220043573 0.555933719095213 0.041525054466230935 0.13136244082062074
5 0.10893246187363835 0.554876380852183 0.043061002178649235 0.14083640189374014
4 0.15681917211328977 0.5553813782219884 0.04450435729847494 0.14350341925302473
8 0.8305392156862744 0.377859021567596 0.048311546840958605 0.13653866386112573
6 0.8803213507625273 0.36988953182535506 0.03181917211328976 0.1566964755391899
6 0.9259477124183007 0.3765912677538138 0.042423747276688455 0.14540241977906365