20 0.03323148148148148 0.05996294335627316 0.0664537037037037 0.1197564849126522
20 0.11172222222222222 0.06326627845420858 0.0775462962962963 0.11177871889888831
20 0.19494444444444445 0.06550026469031234 0.08038888888888888 0.10937533086289042
20 0.038407407407407404 0.21293276866066702 0.06751851851851852 0.08500794070937004
18 0.11255555555555556 0.2115193223928004 0.0717037037037037 0.08303335097935416
21 0.18856481481481482 0.21344626786659607 0.0661388888888889 0.08260455267337215
19 0.2519074074074074 0.21511911064055056 0.06072222222222222 0.08337744838538909
3 0.9041296296296296 0.3346003176283748 0.044055555555555556 0.0790153520381154
5 0.8611851851851853 0.3363790365272631 0.04248148148148148 0.07885653785071467
4 0.8000925925925926 0.33667019587083113 0.049074074074074076 0.07997353096876654
14 0.6040462962962962 0.3393965060878772 0.040546296296296296 0.07959767072525147
15 0.5617592592592593 0.34167284277395443 0.04212962962962963 0.08309687665431445
15 0.5223796296296296 0.3429962943356273 0.03194444444444444 0.08256749602964532
8 0.4663148148148148 0.34389624139756486 0.051370370370370365 0.08330862890418211
6 0.4109629629629629 0.3440021175224987 0.054620370370370375 0.07928004235044997
7 0.352787037037037 0.3463896241397565 0.053148148148148146 0.08087347803070408
7 0.3313055555555556 0.47788247750132345 0.05258333333333333 0.07711487559555319
6 0.38811111111111113 0.47646373742721015 0.051240740740740746 0.07773954473266279
8 0.4474537037037037 0.4756696664902064 0.04772222222222222 0.07545262043409211
27 0.707287037037037 0.46550026469031236 0.05439814814814815 0.07310217046056114
24 0.758462962962963 0.4648067760719958 0.04301851851851852 0.071715193223928
26 0.8150833333333333 0.4633192165166755 0.054620370370370375 0.07358390682901006
23 0.8672222222222222 0.4618687136050821 0.05000925925925926 0.07205929062996294
9 0.829037037037037 0.5848861831656961 0.048657407407407406 0.06838538909475914
20 0.5735185185185185 0.5919798835362625 0.05787962962962963 0.08464796188459503
20 0.5112777777777777 0.5977924827951298 0.06043518518518518 0.08797247220751721
20 0.44775925925925925 0.601492853361567 0.061648148148148146 0.09052938062466913
20 0.37892592592592594 0.6048173636844891 0.06674074074074074 0.09440444679724723
20 0.3130925925925926 0.6060931709899419 0.05487962962962963 0.09074113287453679
21 0.24056481481481481 0.6215563790365272 0.05620370370370371 0.07254632080465855
21 0.17910185185185185 0.6230809952355744 0.05427777777777777 0.07559555320275278
21 0.1136574074074074 0.6272631021704607 0.06130555555555555 0.0749708840656432
10 0.35467592592592595 0.7274325039703546 0.05200925925925926 0.07707252514557968
11 0.4138148148148148 0.7249391212281631 0.05017592592592592 0.07624139756484913
1 0.46649074074074076 0.714632080465855 0.05544444444444445 0.061879301217575435
0 0.5194444444444445 0.7099523557437797 0.048527777777777774 0.058755955532027525