20 0.3193972065670179 0.18571875 0.030218083802989463 0.17725520833333333
18 0.3528963489340848 0.18347395833333333 0.03396716491056114 0.18471875000000001
0 0.13701053663317814 0.40696875 0.02471208037245773 0.13539583333333333
0 0.16510904190149472 0.4110520833333334 0.025993629012496938 0.14201041666666667
1 0.1068071551090419 0.4085260416666667 0.025809850526831657 0.1416197916666667
9 0.21654496446949278 0.4054114583333333 0.020502327860818428 0.14706770833333332
8 0.3484293065425141 0.410859375 0.02361185983827493 0.13928645833333334
6 0.2932418524871355 0.4075520833333333 0.025260965449644696 0.141234375
10 0.39272727272727276 0.40677083333333336 0.027275177652536144 0.149015625
11 0.41981867189414357 0.40794270833333335 0.025444743935309974 0.14979166666666668
11 0.4571600098015193 0.4236979166666667 0.020683655966674833 0.152515625
21 0.631511884342073 0.4340104166666666 0.02489340847831414 0.14590104166666668
21 0.5050257289879931 0.43420312499999997 0.027091399166870866 0.1361770833333333
20 0.5449301641754473 0.430703125 0.02928693947561872 0.14240104166666667
20 0.5752242097525115 0.430703125 0.027275177652536144 0.14317708333333332
18 0.602590051457976 0.430703125 0.027091399166870866 0.14629166666666665
18 0.7259764763538349 0.44666145833333337 0.021727517765253616 0.10875
18 0.7034329821122274 0.4488958333333333 0.019625091889242833 0.115203125
18 0.6817054643469738 0.44765625 0.0200906640529282 0.12265104166666667
20 0.6598627787307033 0.44840104166666667 0.02079147267826513 0.12016666666666667