5 0.09920370370370371 0.36577966101694914 0.045425925925925925 0.07998870056497176
4 0.1520648148148148 0.36478531073446324 0.049666666666666665 0.07953107344632769
30 0.20207407407407407 0.36724858757062145 0.04277777777777778 0.07797175141242937
30 0.24679629629629632 0.36601129943502825 0.037453703703703704 0.08168361581920905
29 0.29037962962962965 0.367135593220339 0.0415 0.08067796610169492
29 0.3364259259259259 0.3661694915254237 0.04162037037037037 0.08199435028248588
13 0.38186111111111115 0.3674463276836158 0.043787037037037034 0.08068361581920903
13 0.43063888888888885 0.36636158192090396 0.04758333333333333 0.08161016949152541
11 0.598675925925926 0.3657683615819209 0.04504629629629629 0.0827231638418079
11 0.6501574074074074 0.3655593220338983 0.04496296296296297 0.08339548022598871
11 0.6725 0.4060282485875706 0.0002685185185185185 0.0019096045197740112
10 0.7047685185185185 0.36436158192090395 0.048712962962962965 0.0805593220338983
10 0.7591944444444444 0.36245197740112994 0.048518518518518516 0.08001129943502826
6 0.34771296296296295 0.4933050847457627 0.04510185185185185 0.06978531073446327
7 0.39951851851851855 0.4914350282485876 0.04448148148148148 0.07352542372881356
20 0.6588703703703704 0.4937457627118644 0.054287037037037036 0.07190395480225989
21 0.7225277777777778 0.4924350282485876 0.052842592592592594 0.06554237288135593
18 0.7832222222222223 0.493180790960452 0.05569444444444444 0.06703954802259887
21 0.3186574074074074 0.7019265536723164 0.04611111111111111 0.06099435028248587
21 0.374 0.702909604519774 0.04813888888888889 0.05985310734463277
21 0.4303703703703704 0.7014067796610169 0.04541666666666666 0.05788135593220339
21 0.4789259259259259 0.704412429378531 0.040657407407407406 0.06596610169491526
21 0.526462962962963 0.7019774011299436 0.047435185185185184 0.05591525423728814
21 0.6497222222222223 0.707728813559322 0.042666666666666665 0.05187570621468926
7 0.700425925925926 0.7063841807909604 0.04390740740740741 0.06451977401129944
7 0.7523796296296297 0.707316384180791 0.04593518518518518 0.0676271186440678
7 0.8090833333333333 0.7126497175141243 0.05068518518518519 0.06275706214689265