20 0.06387254901960784 0.3289784946236559 0.05789760348583878 0.1458978494623656
20 0.12198257080610023 0.3289784946236559 0.05821895424836601 0.1458978494623656
20 0.18109477124183007 0.3282741935483871 0.05961328976034858 0.1463010752688172
18 0.2396949891067538 0.32489247311827957 0.05998910675381264 0.15406989247311828
20 0.09329520697167755 0.5979462365591398 0.05051742919389978 0.1026989247311828
18 0.13597494553376907 0.5991827956989247 0.03468409586056645 0.10426344086021505
21 0.17571350762527232 0.6011236559139784 0.04517429193899782 0.1054247311827957
19 0.22186274509803922 0.5993333333333333 0.04732570806100218 0.10093548387096775
8 0.3110838779956427 0.6007204301075268 0.043627450980392155 0.108247311827957
30 0.41050653594771247 0.6035698924731183 0.04101851851851852 0.11667204301075268
14 0.44615468409586057 0.6030645161290323 0.03412854030501089 0.11566129032258064
15 0.48157407407407404 0.6013494623655914 0.03690087145969499 0.11404838709677419
3 0.5254411764705883 0.6030913978494624 0.044591503267973856 0.11661827956989247
3 0.6381263616557734 0.6338333333333334 0.043671023965141616 0.12271505376344086
5 0.6849400871459694 0.6326451612903226 0.04715686274509804 0.12306989247311828
4 0.7284640522875817 0.6318387096774194 0.035773420479302834 0.11963978494623656
13 0.7711764705882354 0.6366559139784946 0.04576797385620915 0.12110215053763441
12 0.815462962962963 0.6333279569892473 0.04511437908496732 0.12170430107526882
11 0.9100599128540304 0.635747311827957 0.0466557734204793 0.12291397849462365
0 0.9098039215686275 0.8170806451612903 0.046143790849673204 0.09513440860215053
0 0.8656699346405228 0.8073440860215054 0.04342047930283224 0.10653225806451613
1 0.817140522875817 0.8088333333333334 0.048469498910675375 0.1086021505376344
1 0.7686601307189542 0.8110268817204301 0.046258169934640526 0.11026344086021506
12 0.6693464052287582 0.8144247311827957 0.04544117647058824 0.1176720430107527
5 0.6239760348583877 0.8154569892473118 0.044825708061002174 0.11777956989247311
12 0.5437581699346405 0.7724516129032258 0.04480936819172113 0.10606451612903225
5 0.4994607843137255 0.7726129032258064 0.045348583877995646 0.11225268817204301
7 0.35919934640522877 0.771016129032258 0.04309368191721133 0.08070430107526883
22 0.5290250544662309 0.9100645161290323 0.04505991285403051 0.09879032258064516
22 0.6677124183006536 0.9533064516129033 0.04613834422657952 0.09338709677419355