30 0.11730555555555555 0.3278227146814405 0.05581481481481482 0.09053185595567867
30 0.17417592592592593 0.32877008310249306 0.04992592592592593 0.08967313019390583
9 0.42306481481481484 0.3283434903047091 0.050351851851851856 0.09043213296398891
10 0.5719166666666666 0.3265318559556787 0.04399074074074074 0.08665373961218836
10 0.6255740740740741 0.326803324099723 0.05603703703703704 0.08601108033240998
0 0.8324722222222223 0.3234293628808864 0.06259259259259259 0.08361218836565096
18 0.041074074074074075 0.4964986149584487 0.04434259259259259 0.06437119113573407
13 0.1821388888888889 0.48667590027700836 0.054824074074074074 0.07970083102493075
13 0.238462962962963 0.4858836565096953 0.05164814814814815 0.082005540166205
12 0.2889351851851852 0.4853462603878116 0.042324074074074076 0.08452077562326869
12 0.3403240740740741 0.4818171745152354 0.05188888888888889 0.08294182825484765
3 0.39793518518518517 0.48188919667590024 0.05238888888888889 0.09214958448753463
3 0.45337037037037037 0.48149584487534625 0.05287037037037037 0.09006094182825485
4 0.5058055555555555 0.4805983379501385 0.04733333333333333 0.08826592797783933
4 0.5594351851851852 0.4815124653739612 0.056101851851851854 0.09074792243767314
5 0.6178148148148148 0.4809362880886427 0.05056481481481481 0.08829916897506924
5 0.673712962962963 0.4797506925207756 0.05627777777777778 0.08851523545706372
23 0.7291296296296297 0.4833850415512465 0.04588888888888889 0.08412742382271468
23 0.7798703703703703 0.4809584487534626 0.05212962962962963 0.08250969529085873
24 0.8372314814814815 0.4796731301939058 0.054407407407407404 0.07986703601108033
24 0.8959259259259259 0.4794903047091413 0.053703703703703705 0.08022714681440443
15 0.25242592592592594 0.32709695290858726 0.04315740740740741 0.0867202216066482