15 0.862280745967742 0.2905208333333333 0.01800907258064516 0.09666145833333334
14 0.8779914314516128 0.2912239583333333 0.011086189516129033 0.09338020833333333
0 0.40689264112903223 0.6937604166666667 0.046968245967741934 0.21866145833333334
1 0.35221018145161287 0.6908645833333333 0.0513508064516129 0.212875
12 0.3017313508064516 0.6919479166666667 0.04313508064516129 0.20780729166666667
22 0.05049395161290323 0.510734375 0.03204889112903226 0.13675520833333332
24 0.08836693548387096 0.509953125 0.03004788306451613 0.128078125
8 0.1214289314516129 0.5088854166666666 0.03149697580645162 0.13590104166666667
20 0.15520665322580646 0.5141458333333333 0.03162802419354839 0.14358333333333334
21 0.1918775201612903 0.5139322916666667 0.0347883064516129 0.147421875
10 0.22596522177419354 0.5117291666666667 0.02934727822580645 0.14158854166666668
11 0.2592615927419355 0.5179166666666667 0.02989163306451613 0.13832291666666666