13 0.05675 0.23562326869806094 0.07828703703703703 0.11774515235457064
15 0.12587962962962962 0.23674238227146813 0.061648148148148146 0.11998337950138503
14 0.18612037037037035 0.2359556786703601 0.060916666666666675 0.12043213296398891
5 0.25099074074074074 0.23565096952908587 0.06775925925925927 0.11880886426592797
4 0.3219814814814815 0.23623822714681442 0.07171296296296296 0.12099168975069251
3 0.3909722222222222 0.23458725761772853 0.06658333333333333 0.11869806094182825
11 0.46184259259259264 0.23816620498614957 0.07365740740740741 0.11377285318559557
10 0.5391111111111111 0.23654847645429364 0.08003703703703703 0.11254293628808863
0 0.616361111111111 0.23637673130193906 0.07627777777777778 0.11623822714681441
1 0.690037037037037 0.23304709141274238 0.07212962962962964 0.11058725761772854
9 0.7613148148148149 0.2312853185595568 0.06989814814814814 0.11411080332409972