15 0.02914814814814815 0.14115772703133297 0.05828703703703704 0.171805629314923
13 0.11698148148148148 0.1448751991502921 0.10281481481481482 0.16994689325544343
12 0.22992592592592592 0.14464152947424325 0.10525 0.17134360063728094
14 0.45499074074074075 0.1550876261285183 0.08581481481481482 0.16623473181093998
5 0.6893611111111111 0.15300053106744557 0.11738888888888889 0.17691449814126395
4 0.5590185185185186 0.14905469994689327 0.11900925925925926 0.177376526818906
3 0.8116111111111111 0.1560169941582581 0.11091666666666668 0.171805629314923
29 0.9269814814814815 0.16182156133828995 0.11334259259259259 0.16669676048858204
0 0.23073148148148148 0.4531970260223048 0.11981481481481482 0.16623473181093998
1 0.362287037037037 0.4531970260223048 0.11900925925925926 0.16994689325544343
12 0.48494444444444446 0.45018056293149233 0.11172222222222222 0.17877323420074348
30 0.7063611111111111 0.45273499734466277 0.10119444444444445 0.177376526818906
6 0.17488888888888887 0.6483058948486458 0.1102037037037037 0.1577482740308019
20 0.2989907407407408 0.6598513011152416 0.12458333333333334 0.13906001062134893
18 0.4192592592592593 0.6516038236856081 0.10828703703703704 0.15554965480616037