14 0.354689366786141 0.29867275658248255 0.03534348864994026 0.2086673831273509
14 0.3912783751493429 0.30091348737238044 0.027876344086021503 0.20419129500268673
15 0.42662186379928313 0.3004674905964535 0.03683691756272402 0.20508866200967224
15 0.4654510155316607 0.3027028479312198 0.03484767025089606 0.20598065556152606
11 0.504531063321386 0.29778076303062867 0.038330346475507766 0.20329392799570123
11 0.631968339307049 0.3134497581945191 0.03136200716845878 0.17373992477162814
11 0.6680615292712068 0.31300376141859215 0.03683691756272402 0.17284793121977432
10 0.7029062126642771 0.3121063944116067 0.03086320191158901 0.17105319720580334
15 0.5672550776583035 0.3125577646426652 0.03235663082437276 0.17732401934443848
15 0.5988649940262843 0.3125577646426652 0.028873954599761054 0.1809081139172488
12 0.0798984468339307 0.30673293927995704 0.025388291517323774 0.17284793121977432
30 0.05724910394265233 0.3076303062869425 0.0219026284348865 0.16210102095647502
0 0.8537425328554361 0.3340515851692638 0.03484767025089606 0.15224610424502955
0 0.8875955794504182 0.33225685115529285 0.03086320191158901 0.15045674368619022
0 0.9460872162485066 0.3318108543793659 0.01841995221027479 0.1370231058570661
7 0.9450925925925926 0.3318108543793659 0.01841995221027479 0.14239656098871575