20 0.45105555555555554 0.6933882978723404 0.09524074074074074 0.1071436170212766
20 0.5476203703703704 0.6956702127659574 0.08465740740740742 0.10562234042553191
8 0.8048981481481481 0.6987074468085106 0.08598148148148148 0.10258510638297873
0 0.6150833333333333 0.838904255319149 0.07672222222222222 0.11094148936170213
0 0.6884907407407408 0.836627659574468 0.06481481481481481 0.10790425531914895
1 0.7612407407407408 0.8392872340425531 0.07010185185185185 0.10866489361702127
1 0.8412685185185186 0.8385265957446809 0.08465740740740742 0.11322340425531915
1 0.9232777777777778 0.8442234042553192 0.07672222222222222 0.10942021276595745
10 0.23148148148148148 0.9574468085106383 0.06084259259259259 0.0851063829787234
11 0.29894444444444446 0.9570691489361702 0.06878703703703705 0.08586702127659575
6 0.4404722222222222 0.9555478723404256 0.07672222222222222 0.08130851063829787
7 0.5205 0.9547872340425532 0.07010185185185185 0.08434574468085106
9 0.6693148148148148 0.9574468085106383 0.07407407407407407 0.08054787234042554