24 0.5800462962962963 0.11492298916143755 0.06506481481481481 0.10984597832287507
27 0.7210555555555556 0.11573302909298346 0.07207407407407408 0.10747860810039932
26 0.7932870370370371 0.11706788362806617 0.0637037037037037 0.11027381631488876
22 0.8607222222222223 0.11791785510553338 0.06425925925925927 0.1115345122646891
21 0.8125277777777777 0.2977752424415288 0.04633333333333333 0.07255561893896177
18 0.7534537037037037 0.29557330290929834 0.05321296296296296 0.07385054192812322
18 0.7031851851851852 0.29664004563605245 0.042 0.0740844266970907
20 0.650611111111111 0.2915744438106104 0.050944444444444445 0.07851682829435253
19 0.5846574074074073 0.2841357672561323 0.06608333333333334 0.0953223046206503
19 0.516425925925926 0.2847575584711922 0.05854629629629629 0.0901654306902453
21 0.4422037037037037 0.28221905305191103 0.06527777777777778 0.09351968054763263
21 0.3722592592592593 0.2790131203650884 0.06458333333333334 0.09601825442099259
18 0.297962962962963 0.277655447803765 0.0675 0.09172846548773532
20 0.2196759259259259 0.2724244152880776 0.07318518518518519 0.10274957216200799
20 0.13967592592592593 0.26283513976041073 0.07748148148148148 0.12504848830576157
11 0.7324814814814815 0.5700912721049629 0.05431481481481481 0.08392470051340559
10 0.7864537037037037 0.5668511123787793 0.03692592592592593 0.08423844837421562
0 0.36324074074074075 0.5604164289788933 0.0587962962962963 0.08742726754135767
1 0.42415740740740737 0.5597090701654307 0.054296296296296294 0.09158014831717055
30 0.20242592592592593 0.5558699372504279 0.05801851851851852 0.08829435253850541
13 0.13960185185185187 0.5561779806046777 0.056685185185185186 0.08698231602966343
4 0.758712962962963 0.6950541928123217 0.06351851851851852 0.0828066172276098
15 0.1607962962962963 0.7911922418710782 0.03687962962962963 0.07475755847119225
14 0.2010648148148148 0.7913519680547633 0.03875925925925926 0.07557900741585853
8 0.5253981481481481 0.8002167712492869 0.058249999999999996 0.07087278950370793
7 0.5910925925925926 0.7981517398745009 0.05717592592592593 0.0574500855675984
6 0.6503148148148148 0.8057672561323446 0.05143518518518518 0.07278950370792926
5 0.70675 0.8045179691956645 0.055870370370370376 0.08151739874500856
5 0.7639166666666667 0.8024814603536794 0.052648148148148145 0.0782316029663434
9 0.3347777777777778 0.8994637763833429 0.044675925925925924 0.048767826583000565
9 0.38458333333333333 0.9038562464346834 0.045287037037037035 0.055710211066742725
14 0.20047222222222222 0.8918824871648603 0.032046296296296295 0.06687393040501997
14 0.2441388888888889 0.8993268682258985 0.03938888888888889 0.054038790644609244
14 0.2856111111111111 0.9015345122646892 0.03533333333333333 0.05167712492869367