13 0.4390697674418605 0.7244791666666667 0.07441860465116279 0.109375
21 0.7358139534883721 0.5880208333333333 0.061395348837209304 0.07395833333333333
21 0.6734883720930233 0.5890625 0.059534883720930236 0.07395833333333333
18 0.6132930232558139 0.5874270833333333 0.059804651162790705 0.07663541666666666
18 0.5508279069767442 0.5866822916666667 0.059804651162790705 0.07663541666666666
20 0.4877116279069767 0.584078125 0.05581395348837209 0.07886979166666667
20 0.4265767441860465 0.583703125 0.05581395348837209 0.07961458333333334
21 0.8919906976744186 0.45688541666666665 0.045479069767441864 0.060765625000000004
21 0.8454790697674418 0.4565989583333333 0.04754418604651163 0.0601875
18 0.7994790697674419 0.45688541666666665 0.04444651162790698 0.059604166666666666
20 0.7545209302325582 0.45543750000000005 0.0434139534883721 0.0601875
13 0.43773023255813953 0.43779166666666663 0.04444651162790698 0.08506770833333334
12 0.3855255813953488 0.4375 0.049609302325581396 0.08448958333333333
4 0.330753488372093 0.4348958333333333 0.05787906976744186 0.08391145833333334
5 0.272353488372093 0.4340260416666667 0.05684651162790698 0.08448958333333333
0 0.9341116279069767 0.3177083333333333 0.06666976744186047 0.07639062499999999
0 0.873646511627907 0.3155364583333334 0.05116279069767442 0.07552083333333333
0 0.8100744186046512 0.314671875 0.05736744186046512 0.07725520833333334
0 0.7387627906976744 0.3133697916666666 0.05736744186046512 0.07465104166666667
0 0.672093023255814 0.3129322916666667 0.05736744186046512 0.07899479166666666
0 0.6108558139534883 0.310765625 0.05581395348837209 0.07465104166666667
0 0.5519348837209302 0.30859375 0.05581395348837209 0.07552083333333333
0 0.49457674418604647 0.3081614583333333 0.049609302325581396 0.07465104166666667
26 0.43488372093023253 0.3055572916666666 0.05736744186046512 0.08159895833333333
22 0.37906976744186044 0.3020833333333333 0.04495813953488372 0.08159895833333333
24 0.3193767441860465 0.3042552083333333 0.05581395348837209 0.07899479166666666
25 0.895860465116279 0.92715625 0.05853953488372093 0.087890625
30 0.4288372093023256 0.9296197916666666 0.057906976744186045 0.09029166666666667
30 0.4865581395348837 0.926390625 0.05354418604651163 0.08911458333333333