20 0.05991285403050109 0.2670525657071339 0.08546840958605664 0.1201188986232791
20 0.14646514161220045 0.26728723404255317 0.08790849673202615 0.11849499374217771
13 0.7915087145969499 0.4524436795994994 0.08714596949891068 0.13420212765957448
30 0.7060620915032679 0.45059136420525653 0.09055555555555556 0.13675219023779725
20 0.05821895424836601 0.6342334167709637 0.08207516339869281 0.09206508135168961
21 0.14043028322440088 0.633363579474343 0.0831045751633987 0.09032540675844807
18 0.22597494553376907 0.6339424280350437 0.08353485838779956 0.09148623279098873
19 0.30803921568627446 0.6334230287859826 0.07881263616557733 0.09252816020025031
15 0.43989106753812635 0.6357384230287859 0.059259259259259255 0.09252816020025031
14 0.377843137254902 0.6345212765957448 0.0622875816993464 0.09264392991239048
5 0.7739978213507624 0.6285231539424281 0.06772875816993464 0.08171777221526909
5 0.8461328976034859 0.629383604505632 0.07679193899782136 0.08264080100125157
5 0.7329139433551198 0.7954036295369212 0.0655718954248366 0.0960700876095119
4 0.7952342047930283 0.7958010012515645 0.06052832244008714 0.0952784730913642
0 0.854760348583878 0.8000938673341677 0.0595479302832244 0.09197434292866083
6 0.6129411764705882 0.7947903629536921 0.04637799564270153 0.09167083854818524
8 0.5032298474945534 0.8119806007509387 0.06563725490196079 0.09514392991239048
7 0.43335511982570807 0.8130381727158948 0.07351307189542483 0.09567271589486857
15 0.4105010893246187 0.9388423028785983 0.04987472766884531 0.07066958698372966
15 0.46143790849673205 0.9372778473091364 0.05379629629629629 0.06675219023779724
15 0.5150599128540305 0.9286921151439299 0.04928649237472767 0.08128285356695869
15 0.6264814814814815 0.9130851063829787 0.04724400871459695 0.058789111389236544
15 0.6744716775599128 0.9152659574468085 0.04940631808278867 0.06235607008760951
15 0.7315032679738562 0.915244055068836 0.05033769063180828 0.061517521902377977
15 0.7936328976034858 0.917377972465582 0.051813725490196076 0.06341051314142679
15 0.8455337690631809 0.9196026282853568 0.050751633986928106 0.06072590738423029