13 0.022769770879526977 0.5058020833333333 0.024567627494456765 0.16053125000000001
12 0.046677753141167774 0.5086875 0.021812638580931264 0.1597083333333333
30 0.07084811529933481 0.5091822916666666 0.025203252032520326 0.15541666666666665
1 0.09829822616407982 0.508359375 0.025783444198078345 0.14716666666666667
0 0.13054878048780488 0.5058802083333334 0.02520140428677014 0.15541666666666665
5 0.1767590539541759 0.5077812500000001 0.022099039172209903 0.14336979166666666
20 0.35137102734663705 0.3858489583333334 0.03492793791574279 0.25538541666666664
20 0.23819290465631926 0.7284375 0.03175166297117517 0.19571354166666666
19 0.2716518847006652 0.7331614583333333 0.0320990391722099 0.19604166666666664
21 0.30453067257945304 0.7243541666666666 0.03128972653362897 0.18754687499999997
12 0.3940724316334072 0.7241041666666667 0.027427937915742794 0.17826041666666667
13 0.3667165558019217 0.7259010416666667 0.02436437546193644 0.17630729166666667
30 0.42091832963784187 0.72459375 0.023665927568366597 0.17891145833333333
1 0.4507335550628233 0.7246770833333334 0.02828529194382853 0.18689583333333332
5 0.482490761271249 0.7583229166666666 0.028466371027346636 0.19294270833333332
14 0.5688913525498892 0.7686458333333334 0.024236881005173686 0.20494791666666667
18 0.78810051736881 0.15932291666666665 0.019931633407243163 0.13782291666666666
20 0.8073281596452329 0.15972395833333333 0.016080931263858095 0.13862500000000003
19 0.7454046563192905 0.3310833333333333 0.014151884700665189 0.093296875
21 0.7606504065040651 0.3315416666666666 0.011908721359940873 0.09787499999999999
11 0.7734275683665928 0.3322760416666667 0.012002956393200294 0.10007291666666666
12 0.8280635624538063 0.33525 0.013139320029563932 0.09778645833333334
13 0.8133721359940873 0.33433854166666666 0.011352549889135255 0.10053125
30 0.8415410199556541 0.33369270833333337 0.011834811529933481 0.09632291666666666
1 0.8559127864005912 0.333421875 0.015635624538063563 0.09870312499999999
14 0.9019881744271989 0.26252083333333337 0.01235587583148559 0.10902083333333333
14 0.9144807834441981 0.262390625 0.011770140428677014 0.106734375