13 0.08400374181478017 0.17179687500000002 0.06595884003741816 0.09442708333333334
29 0.1755753040224509 0.17133854166666668 0.06359214218896166 0.09201562499999999
30 0.23408793264733396 0.17009375 0.05561272217025257 0.08952083333333333
3 0.6932834424695977 0.27908333333333335 0.06399438727782975 0.09869791666666666
3 0.7634518241347054 0.2763802083333333 0.06856875584658559 0.10077604166666668
5 0.8305238540692236 0.27893749999999995 0.06290926099158092 0.09316666666666666
14 0.4531524789522919 0.29161979166666663 0.05418147801683817 0.08859375
14 0.39623947614593075 0.28533854166666667 0.05595884003741815 0.10447395833333334
14 0.33996258185219835 0.2870260416666667 0.05497661365762395 0.101109375
15 0.2824134705332086 0.2880625 0.05952291861552853 0.095703125
15 0.22506080449017773 0.2914114583333333 0.05770813844714687 0.09566145833333332
7 0.4888119738072965 0.4001458333333333 0.06368568755846585 0.08411458333333334
1 0.5576707202993452 0.39958333333333335 0.07236669784845651 0.08523958333333333
0 0.6298222637979419 0.39821354166666667 0.07148737137511693 0.08548958333333333
21 0.8093732460243218 0.39446875 0.07840037418147802 0.08548958333333333
19 0.8783442469597755 0.39405208333333336 0.06445275958840038 0.08465625