18 0.18552747252747254 0.36633333333333334 0.0413021978021978 0.09403125
21 0.22954395604395603 0.36665625 0.04062637362637363 0.09018229166666666
20 0.27236813186813186 0.36713541666666666 0.0369010989010989 0.09435416666666667
0 0.3101208791208791 0.36649479166666665 0.039274725274725274 0.09499479166666666
0 0.36056593406593407 0.36713541666666666 0.04469230769230769 0.09691666666666668
23 0.4524835164835165 0.366015625 0.03825824175824175 0.101734375
23 0.4081318681318681 0.36745833333333333 0.04096703296703297 0.10141145833333334
20 0.18074175824175823 0.18661458333333333 0.05364835164835165 0.10685416666666667
18 0.12964835164835165 0.18646354166666665 0.04598351648351648 0.10655208333333334
5 0.03273076923076923 0.19145833333333334 0.03991758241758242 0.09292708333333333
4 0.0744065934065934 0.19433333333333333 0.03512637362637363 0.09080729166666666
6 0.6934670329670329 0.5269166666666666 0.050587912087912086 0.128515625
6 0.6414615384615385 0.5194322916666666 0.046945054945054944 0.13503645833333333