1 0.6298487712665406 0.18995833333333334 0.06013232514177694 0.08232291666666666
0 0.6937240075614367 0.18819791666666666 0.060122873345935725 0.08232291666666666
18 0.12052930056710774 0.3374010416666666 0.06987712665406427 0.09650520833333333
10 0.9348298676748582 0.6328541666666666 0.05808128544423441 0.08576041666666666
10 0.8790453686200378 0.62809375 0.054489603024574666 0.08258333333333333
24 0.8204442344045368 0.6298385416666666 0.061124763705103974 0.086078125
24 0.754725897920605 0.628765625 0.057826086956521736 0.0863125
12 0.5730056710775048 0.625390625 0.047145557655954635 0.080359375
5 0.3748109640831758 0.6212656249999999 0.05390359168241966 0.08163020833333333
5 0.3223345935727788 0.618609375 0.042542533081285444 0.07869270833333333
8 0.24285444234404538 0.6249947916666667 0.05636105860113422 0.07480729166666666
21 0.19045368620037806 0.6236458333333333 0.04369565217391304 0.07369791666666667
21 0.11637996219281663 0.623328125 0.052495274102079395 0.0730625
20 0.06462192816635161 0.6204322916666667 0.05120982986767486 0.07441145833333333
14 0.42607750472589795 0.621109375 0.045576559546313795 0.078140625
11 0.8238468809073723 0.7747552083333333 0.03660680529300567 0.08543229166666667
10 0.769366729678639 0.7706302083333333 0.051389413988657845 0.08047916666666667
4 0.5766540642722118 0.763921875 0.05716446124763705 0.07805729166666667
3 0.4627977315689981 0.75165625 0.05499054820415879 0.07882291666666667
14 0.38793950850661624 0.7566614583333333 0.04099243856332703 0.07673437500000001
7 0.31518903591682423 0.758421875 0.04318525519848771 0.07585416666666665
7 0.2636011342155009 0.7564947916666667 0.05377126654064272 0.07970833333333333
19 0.13396975425330815 0.7576510416666667 0.05796786389413988 0.076515625
19 0.06850661625708886 0.754734375 0.054792060491493384 0.07178645833333334
27 0.6464650283553875 0.9056979166666667 0.04954631379962193 0.08141145833333334
27 0.5896975425330813 0.9058177083333334 0.05347826086956522 0.07933333333333333
27 0.529366729678639 0.9038489583333333 0.054461247637051034 0.080796875
12 0.4725141776937618 0.90134375 0.04843100189035917 0.07655729166666667