30 0.4033796296296296 0.3899213424226534 0.04575925925925926 0.07539066596748821
30 0.4523425925925926 0.38815941269008913 0.04687037037037037 0.07841636077608809
14 0.5037037037037037 0.38840062926061875 0.040962962962962965 0.07841636077608809
14 0.5495 0.38654955427372834 0.043638888888888894 0.07774514944939695
14 0.5950833333333334 0.3850026219192449 0.041611111111111106 0.07889879391714735
15 0.6428148148148148 0.38355007865757734 0.04174074074074074 0.07841636077608809
15 0.6915462962962963 0.3832144729942318 0.03851851851851852 0.07956476140534871
13 0.7422222222222222 0.381001573151547 0.04881481481481481 0.0805977975878343
13 0.7947592592592593 0.3791504981646565 0.04826851851851852 0.07993183009963294
13 0.8468703703703704 0.37802831672784476 0.0502962962962963 0.08071840587309911
12 0.8996851851851851 0.3765076035658102 0.04987037037037037 0.08132144729942319
12 0.9545833333333333 0.37499213424226535 0.051472222222222225 0.08192973256423702
29 0.22842592592592592 0.5081541688515994 0.06973148148148148 0.08948085998951232
29 0.29991666666666666 0.50860513896172 0.06635185185185184 0.09038280020975355
3 0.08712962962962963 0.3980859989512323 0.05487962962962963 0.08049816465652858
5 0.1435462962962963 0.3970214997378081 0.05466666666666667 0.08173571054011537
4 0.2011574074074074 0.396906135291033 0.052083333333333336 0.08375458835867855
20 0.11656481481481482 0.618883062401678 0.054648148148148154 0.06586261143156791
18 0.17276851851851852 0.6151337178814892 0.0489537037037037 0.061463030938647085
21 0.22985185185185186 0.6167488201363398 0.053759259259259264 0.06468274777136863
19 0.2925092592592593 0.6143314105925537 0.054407407407407404 0.06357105401153644
6 0.35048148148148145 0.6114577871001573 0.05224074074074074 0.06587309910854745
8 0.40525925925925926 0.6111798636601993 0.05026851851851852 0.06593602517042475
7 0.4625648148148148 0.6078657577346618 0.0555 0.06364446775039329
7 0.5253240740740741 0.6093183009963293 0.058555555555555555 0.06717357105401153
20 0.3526666666666667 0.7212165705296276 0.05313888888888889 0.06314105925537493
18 0.4081388888888889 0.717257472469848 0.053898148148148146 0.06230728893550078
21 0.4698611111111111 0.7197011012060829 0.05127777777777778 0.06461982170949135
6 0.5282314814814815 0.7177556371263765 0.05225 0.06681174619821709
8 0.5795740740740741 0.7168012585212375 0.04658333333333334 0.06827477713686418
27 0.7433425925925925 0.7149711588883063 0.05304629629629629 0.06517566858940745
26 0.7997037037037037 0.7155637126376507 0.048462962962962965 0.07030414263240692
23 0.8553703703703703 0.7147456738332459 0.052444444444444446 0.06922915574200315
22 0.9121296296296296 0.7135920293654955 0.05262962962962963 0.07199265862611431
7 0.44200925925925927 0.8406397482957525 0.04448148148148148 0.06647089669638176
1 0.9103425925925925 0.8396381751442056 0.05182407407407407 0.06131620346093341