1 0.134375 0.52265625 0.26875 0.2328125
0 0.59765625 0.0125 0.0578125 0.025
0 0.6921875 0.01171875 0.034375 0.0234375
0 0.7046875 0.065625 0.0484375 0.06484375
0 0.571875 0.07421875 0.10390625 0.11171875
0 0.5953125 0.09375 0.1140625 0.09921875
0 0.68671875 0.09765625 0.08671875 0.08359375
0 0.7546875 0.1171875 0.0609375 0.06171875
0 0.69609375 0.15234375 0.0890625 0.1265625
0 0.76875 0.1609375 0.0671875 0.0875
1 0.7484375 0.29453125 0.128125 0.18359375
1 0.5265625 0.415625 0.515625 0.446875
1 0.134375 0.81953125 0.26875 0.3609375