0 0.10078125 0.14453125 0.071875 0.1265625
0 0.05390625 0.146875 0.0796875 0.15390625
0 0.246875 0.17421875 0.07109375 0.06875
0 0.23828125 0.2140625 0.09140625 0.15625
0 0.29453125 0.21796875 0.08203125 0.13046875
1 0.43359375 0.22265625 0.228125 0.19296875
0 0.11171875 0.2296875 0.1078125 0.1921875
0 0.178125 0.23125 0.08828125 0.1671875
0 0.578125 0.2515625 0.05703125 0.1203125
0 0.67421875 0.26875 0.03203125 0.0828125
0 0.68359375 0.3515625 0.04765625 0.0625
0 0.55234375 0.359375 0.103125 0.1125
0 0.5765625 0.378125 0.1109375 0.09765625
0 0.665625 0.378125 0.08515625 0.07734375
0 0.7375 0.40234375 0.053125 0.05859375
0 0.675 0.43359375 0.08828125 0.1171875
0 0.746875 0.4484375 0.0640625 0.09140625
1 0.1390625 0.50625 0.278125 0.4515625
1 0.72734375 0.578125 0.12421875 0.178125
1 0.503125 0.73984375 0.521875 0.5203125