0 0.06328125 0.1359375 0.071875 0.12734375
0 0.028125 0.13984375 0.05625 0.1546875
0 0.2859375 0.1421875 0.0203125 0.0796875
0 0.20078125 0.18984375 0.090625 0.12421875
0 0.21484375 0.190625 0.078125 0.12109375
0 0.17265625 0.2125 0.075 0.15
1 0.39453125 0.21328125 0.2296875 0.1921875
0 0.140625 0.2203125 0.08671875 0.16796875
0 0.0734375 0.22109375 0.10625 0.1765625
0 0.5203125 0.240625 0.01875 0.11875
1 0.76484375 0.1546875 0.4703125 0.309375
0 0.13203125 0.81640625 0.2640625 0.3671875
0 0.75234375 0.809375 0.4453125 0.38125