0 0.66484375 0.25390625 0.090625 0.2265625
0 0.6 0.259375 0.06640625 0.221875
0 0.471875 0.271875 0.0703125 0.26328125
0 0.55234375 0.271875 0.0703125 0.23359375
0 0.3671875 0.32265625 0.06484375 0.234375
0 0.421875 0.3234375 0.05078125 0.24296875
0 0.29609375 0.34609375 0.07109375 0.23515625
0 0.228125 0.37109375 0.06171875 0.23984375
0 0.17734375 0.3953125 0.06328125 0.2546875
0 0.11015625 0.428125 0.06640625 0.24921875
0 0.05625 0.453125 0.06171875 0.2390625
1 0.8921875 0.50625 0.215625 0.459375