0 0.1015625 0.14453125 0.071875 0.1234375
0 0.05390625 0.1484375 0.08125 0.15390625
0 0.22265625 0.19921875 0.08984375 0.13203125
0 0.2484375 0.2 0.0875 0.121875
0 0.209375 0.2203125 0.07421875 0.14765625
0 0.33984375 0.228125 0.078125 0.13515625
0 0.11171875 0.2296875 0.10625 0.19375
0 0.17890625 0.23515625 0.0875 0.175
0 0.5765625 0.253125 0.06015625 0.12265625
0 0.67265625 0.26953125 0.03515625 0.0796875
0 0.6234375 0.33203125 0.06796875 0.08359375
0 0.68359375 0.3515625 0.04921875 0.06328125
0 0.57421875 0.38046875 0.11328125 0.1
0 0.66796875 0.38046875 0.08125 0.078125
0 0.74375 0.43125 0.071875 0.10390625
0 0.678125 0.4328125 0.090625 0.1140625
1 0.1390625 0.50546875 0.278125 0.4546875
1 0.725 0.58046875 0.128125 0.18125
1 0.50625 0.73984375 0.51640625 0.5203125