0 0.66484375 0.25234375 0.08984375 0.2265625
0 0.59921875 0.25859375 0.065625 0.21953125
0 0.47265625 0.26953125 0.0703125 0.26171875
0 0.5515625 0.271875 0.07109375 0.23203125
0 0.42109375 0.3203125 0.05078125 0.24765625
0 0.3671875 0.32265625 0.065625 0.2359375
0 0.296875 0.34375 0.06953125 0.2375
0 0.22734375 0.37265625 0.06015625 0.2375
0 0.1765625 0.396875 0.06328125 0.2546875
0 0.10625 0.43046875 0.05859375 0.25078125
0 0.05546875 0.453125 0.06171875 0.2390625
1 0.8921875 0.50390625 0.215625 0.45