0 0.10078125 0.14765625 0.071875 0.12890625
0 0.05390625 0.1484375 0.07890625 0.1546875
0 0.2453125 0.1734375 0.071875 0.0671875
0 0.23828125 0.19921875 0.09140625 0.12578125
0 0.2953125 0.21640625 0.08125 0.12578125
1 0.43515625 0.221875 0.225 0.19140625
0 0.20859375 0.221875 0.07421875 0.146875
0 0.178125 0.228125 0.0859375 0.1625
0 0.11171875 0.2296875 0.1078125 0.1890625
0 0.33125 0.2375 0.07578125 0.16015625
0 0.57734375 0.2515625 0.0578125 0.12109375
0 0.67265625 0.26796875 0.0328125 0.0796875
0 0.6828125 0.3515625 0.04609375 0.065625
0 0.5515625 0.359375 0.10390625 0.11484375
0 0.66640625 0.38046875 0.0859375 0.07734375
0 0.57421875 0.38046875 0.1109375 0.10078125
0 0.73515625 0.4015625 0.059375 0.05859375
0 0.67578125 0.4375 0.08828125 0.12265625
0 0.74765625 0.44609375 0.065625 0.0859375
1 0.1390625 0.503125 0.278125 0.45
1 0.7265625 0.5890625 0.121875 0.19609375
1 0.50546875 0.73984375 0.51953125 0.5203125