0 0.6640625 0.253125 0.08984375 0.2265625
0 0.6 0.25859375 0.06484375 0.22109375
0 0.471875 0.27109375 0.07109375 0.2609375
0 0.5515625 0.271875 0.0703125 0.23125
0 0.42109375 0.31953125 0.05078125 0.24453125
0 0.36640625 0.3234375 0.065625 0.23828125
0 0.1765625 0.3359375 0.04375 0.13359375
0 0.296875 0.34375 0.06796875 0.23515625
0 0.22734375 0.3625 0.06015625 0.22421875
0 0.1 0.3828125 0.04609375 0.128125
0 0.05390625 0.45546875 0.05703125 0.240625
0 0.16875 0.49453125 0.178125 0.23828125
1 0.89140625 0.50234375 0.2171875 0.4453125