0 0.20234375 0.3046875 0.4046875 0.609375
0 0.5546875 0.015625 0.078125 0.03125
0 0.5421875 0.028125 0.0875 0.05625
0 0.5140625 0.04765625 0.078125 0.0953125
0 0.484375 0.05546875 0.0875 0.1109375
0 0.440625 0.0609375 0.0625 0.121875
0 0.88125 0.0546875 0.053125 0.109375
0 0.9796875 0.0671875 0.03125 0.08046875
1 0.67578125 0.09765625 0.2046875 0.1953125
0 0.934375 0.13203125 0.065625 0.08046875
0 0.984375 0.14140625 0.03125 0.0703125
0 0.85625 0.1578125 0.1015625 0.1125
0 0.96484375 0.17734375 0.0703125 0.0765625
0 0.8828125 0.178125 0.1125 0.0984375
0 0.96875 0.2328125 0.0625 0.11875
1 0.49765625 0.3046875 0.1765625 0.45625
1 0.775 0.44140625 0.45 0.3359375
0 0.2046875 0.93125 0.409375 0.1375
0 0.07734375 0.89140625 0.1546875 0.2171875
0 0.7046875 0.88046875 0.590625 0.2390625