1 0.6546875 0.0765625 0.209375 0.153125
0 0.78984375 0.08203125 0.05703125 0.11875
0 0.88515625 0.1 0.034375 0.08125
0 0.896875 0.18203125 0.04921875 0.06796875
0 0.7640625 0.19296875 0.10390625 0.11796875
0 0.875 0.21015625 0.09140625 0.0765625
0 0.78984375 0.21015625 0.11328125 0.0984375
0 0.95 0.23203125 0.0546875 0.05703125
0 0.88984375 0.27578125 0.09296875 0.1359375
0 0.959375 0.27890625 0.06484375 0.08984375
1 0.940625 0.375 0.11875 0.109375
1 0.7625 0.36796875 0.425 0.1234375
0 0.275 0.71796875 0.55 0.5640625