0 0.65 0.3140625 0.7 0.53125
1 0.05078125 0.78984375 0.1015625 0.4203125
1 0.48359375 0.62578125 0.2046875 0.0921875
0 0.7421875 0.6140625 0.065625 0.06875
0 0.803125 0.61796875 0.05234375 0.0703125
0 0.66328125 0.63515625 0.1015625 0.1109375
0 0.78046875 0.65390625 0.08515625 0.0765625
0 0.690625 0.6546875 0.1125 0.0984375
0 0.87734375 0.6703125 0.0734375 0.08125
0 0.85625 0.6796875 0.06640625 0.053125
0 0.7890625 0.71015625 0.0875 0.11875
0 0.86328125 0.721875 0.06875 0.09140625
1 0.346875 0.78984375 0.09375 0.4203125
1 0.84453125 0.85546875 0.1171875 0.1859375
1 0.61875 0.875 0.521875 0.25