0 0.19296875 0.45078125 0.3859375 0.2171875
0 0.8140625 0.3671875 0.371875 0.384375
0 0.67421875 0.73125 0.0578125 0.1203125
0 0.76953125 0.74765625 0.03671875 0.08125
0 0.77890625 0.83046875 0.04609375 0.06484375
0 0.6546875 0.83984375 0.090625 0.1140625
0 0.671875 0.8578125 0.115625 0.10078125
0 0.76328125 0.859375 0.0859375 0.07890625
0 0.86015625 0.8765625 0.07421875 0.08046875
0 0.83515625 0.88125 0.0515625 0.0625
0 0.77265625 0.915625 0.08984375 0.1234375
0 0.84375 0.92578125 0.0640625 0.0859375