0 0.06875 0.59296875 0.05625 0.0671875
0 0.1640625 0.59296875 0.034375 0.0671875
0 0.1765625 0.66796875 0.04921875 0.06796875
0 0.04765625 0.678125 0.0953125 0.11875
0 0.1546875 0.69609375 0.09140625 0.0765625
0 0.06953125 0.69609375 0.11328125 0.0984375
0 0.2296875 0.71796875 0.0546875 0.05703125
0 0.16953125 0.76171875 0.09296875 0.1359375
0 0.2390625 0.76484375 0.06484375 0.08984375
1 0.22109375 0.88359375 0.11796875 0.1546875
1 0.12734375 0.89609375 0.2546875 0.2078125
0 0.71953125 0.81953125 0.5609375 0.3609375