0 0.184375 0.28046875 0.36875 0.2390625
1 0.8875 0.20390625 0.05 0.09453125
1 0.96796875 0.21328125 0.0640625 0.0921875
0 0.58515625 0.26953125 0.06875 0.06953125
1 0.184375 0.7 0.36875 0.6
0 0.38984375 0.44375 0.0421875 0.0875
0 0.3859375 0.45625 0.034375 0.1125
0 0.69921875 0.50625 0.05234375 0.11953125
0 0.796875 0.5234375 0.03125 0.08046875
1 0.49375 0.53359375 0.20390625 0.2375
0 0.7515625 0.58828125 0.065625 0.08046875
0 0.8125 0.59765625 0.05234375 0.0703125
0 0.6734375 0.6140625 0.1015625 0.1125
0 0.78984375 0.63359375 0.08515625 0.0765625
0 0.7 0.634375 0.1125 0.0984375
0 0.88671875 0.65 0.0734375 0.08125
0 0.865625 0.659375 0.06640625 0.053125
0 0.7984375 0.68984375 0.0875 0.11875
0 0.87265625 0.7015625 0.06875 0.09140625
1 0.85390625 0.83515625 0.1171875 0.1859375
1 0.62890625 0.86484375 0.5203125 0.2703125