0 0.278125 0.209375 0.55625 0.41875
0 0.7796875 0.209375 0.440625 0.41875
0 0.153125 0.43359375 0.059375 0.0296875
0 0.2484375 0.43203125 0.0375 0.0265625
0 0.028125 0.4609375 0.05625 0.084375
0 0.26015625 0.48828125 0.05 0.0640625
0 0.12734375 0.49765625 0.10390625 0.1140625
0 0.1515625 0.5171875 0.11328125 0.09765625
0 0.2390625 0.51796875 0.09296875 0.08203125
0 0.33984375 0.53359375 0.07421875 0.07890625
0 0.31953125 0.54296875 0.065625 0.053125
0 0.2515625 0.565625 0.0875 0.10078125
0 0.32578125 0.5828125 0.06953125 0.0875
1 0.2984375 0.72578125 0.13125 0.196875
1 0.16953125 0.80625 0.3390625 0.3875
0 0.81796875 0.709375 0.3640625 0.58125