0 0.16015625 0.58203125 0.3203125 0.2359375
0 0.528125 0.021875 0.05625 0.04375
0 0.8515625 0.0484375 0.053125 0.096875
0 0.95 0.0546875 0.03125 0.08046875
1 0.64609375 0.09140625 0.2046875 0.1828125
0 0.9046875 0.11953125 0.065625 0.08046875
0 0.965625 0.12890625 0.05234375 0.0703125
0 0.8265625 0.1453125 0.1015625 0.1125
0 0.94296875 0.16484375 0.08515625 0.0765625
0 0.853125 0.165625 0.1125 0.0984375
0 0.9921875 0.190625 0.015625 0.053125
0 0.9515625 0.22109375 0.0875 0.11875
1 0.528125 0.2921875 0.05625 0.45625
1 0.97421875 0.36640625 0.0515625 0.1859375
1 0.76015625 0.48046875 0.4796875 0.4390625
1 0.71328125 0.85 0.4265625 0.3