1 0.31796875 0.69140625 0.2453125 0.33515625
1 0.4890625 0.5734375 0.08125 0.26875
1 0.02421875 0.37578125 0.0484375 0.1515625
1 0.03125 0.74921875 0.0625 0.4390625
1 0.26796875 0.4140625 0.1671875 0.228125
1 0.45078125 0.36328125 0.1578125 0.1265625
0 0.48359375 0.74765625 0.065625 0.15390625
0 0.1359375 0.6640625 0.0828125 0.14609375
0 0.7234375 0.4 0.059375 0.1203125
0 0.81953125 0.41640625 0.03203125 0.07890625
0 0.76875 0.4796875 0.065625 0.078125
0 0.83125 0.5 0.05078125 0.065625
0 0.81640625 0.528125 0.0796875 0.07890625
0 0.721875 0.52890625 0.1140625 0.10078125
0 0.89140625 0.57109375 0.0734375 0.090625
0 0.825 0.58125 0.09140625 0.11328125
1 0.8765625 0.73203125 0.1234375 0.1859375
1 0.71796875 0.8140625 0.3765625 0.371875