0 0.1 0.375 0.06 0.013333333333333334
0 0.1 0.42333333333333334 0.06166666666666667 0.015
0 0.1 0.4 0.06166666666666667 0.011666666666666667
0 0.38 0.2 0.06166666666666667 0.013333333333333334
0 0.3983333333333333 0.245 0.06 0.011666666666666667
0 0.5666666666666667 0.43166666666666664 0.043333333333333335 0.01
0 0.66 0.4266666666666667 0.043333333333333335 0.01
0 0.715 0.44 0.043333333333333335 0.008333333333333333
0 0.7716666666666666 0.435 0.043333333333333335 0.006666666666666667
0 0.685 0.3283333333333333 0.043333333333333335 0.008333333333333333
0 0.7683333333333333 0.30833333333333335 0.045 0.008333333333333333
0 0.885 0.31666666666666665 0.045 0.008333333333333333
0 0.545 0.2633333333333333 0.043333333333333335 0.008333333333333333
0 0.3433333333333333 0.8416666666666667 0.08666666666666667 0.025
0 0.7033333333333334 0.48833333333333334 0.09166666666666666 0.02
0 0.9533333333333334 0.6416666666666667 0.09333333333333334 0.023333333333333334
0 0.96 0.8433333333333334 0.08 0.02
0 0.9666666666666667 0.9916666666666667 0.06666666666666667 0.016666666666666666