0 0.48 0.035 0.08833333333333333 0.021666666666666667
0 0.43833333333333335 0.17666666666666667 0.09 0.025
0 0.06833333333333333 0.9866666666666667 0.028333333333333332 0.005
0 0.06833333333333333 0.9816666666666667 0.03 0.006666666666666667
0 0.06833333333333333 0.9766666666666667 0.028333333333333332 0.006666666666666667
0 0.08333333333333333 0.9633333333333334 0.028333333333333332 0.005
0 0.08333333333333333 0.9566666666666667 0.028333333333333332 0.006666666666666667
0 0.17833333333333334 0.95 0.03 0.006666666666666667
0 0.18333333333333332 0.9716666666666667 0.03 0.006666666666666667
0 0.07666666666666666 0.8816666666666667 0.028333333333333332 0.005
0 0.07666666666666666 0.8766666666666667 0.028333333333333332 0.005
0 0.07333333333333333 0.8183333333333334 0.03 0.008333333333333333
0 0.11166666666666666 0.7983333333333333 0.028333333333333332 0.006666666666666667
0 0.11666666666666667 0.81 0.028333333333333332 0.006666666666666667
0 0.07833333333333334 0.7816666666666666 0.03 0.005
0 0.07833333333333334 0.7766666666666666 0.028333333333333332 0.006666666666666667
0 0.07833333333333334 0.7716666666666666 0.03 0.005
0 0.07666666666666666 0.765 0.03 0.006666666666666667
0 0.17833333333333334 0.675 0.028333333333333332 0.006666666666666667
0 0.17666666666666667 0.66 0.028333333333333332 0.006666666666666667
0 0.17333333333333334 0.6366666666666667 0.03 0.006666666666666667
0 0.17166666666666666 0.625 0.028333333333333332 0.006666666666666667
0 0.135 0.5633333333333334 0.03 0.006666666666666667
0 0.13333333333333333 0.5583333333333333 0.028333333333333332 0.006666666666666667
0 0.2633333333333333 0.68 0.03 0.006666666666666667
0 0.2633333333333333 0.675 0.028333333333333332 0.006666666666666667
0 0.26666666666666666 0.715 0.03 0.006666666666666667
0 0.26166666666666666 0.8416666666666667 0.03 0.005
0 0.26166666666666666 0.8366666666666667 0.03 0.006666666666666667
0 0.26666666666666666 0.8933333333333333 0.03 0.006666666666666667
0 0.395 0.96 0.08833333333333333 0.021666666666666667
0 0.7816666666666666 0.79 0.08833333333333333 0.018333333333333333
0 0.7133333333333334 0.545 0.08833333333333333 0.021666666666666667