0 0.041666666666666664 0.16 0.08333333333333333 0.02
0 0.06833333333333333 0.185 0.08166666666666667 0.023333333333333334
0 0.4816666666666667 0.0033333333333333335 0.028333333333333332 0.006666666666666667
0 0.4866666666666667 0.018333333333333333 0.03 0.006666666666666667
0 0.49833333333333335 0.03166666666666667 0.03 0.006666666666666667
0 0.54 0.045 0.028333333333333332 0.006666666666666667
0 0.54 0.03833333333333333 0.03 0.006666666666666667
0 0.5566666666666666 0.028333333333333332 0.03 0.005
0 0.5566666666666666 0.021666666666666667 0.03 0.006666666666666667
0 0.615 0.0016666666666666668 0.03 0.0033333333333333335
0 0.6166666666666667 0.04 0.03166666666666667 0.006666666666666667
0 0.6166666666666667 0.03333333333333333 0.03166666666666667 0.006666666666666667
0 0.6166666666666667 0.023333333333333334 0.03166666666666667 0.005
0 0.9883333333333333 0.18333333333333332 0.023333333333333334 0.006666666666666667
0 0.9533333333333334 0.32 0.03 0.006666666666666667
0 0.955 0.31333333333333335 0.03 0.006666666666666667
0 0.9866666666666667 0.39 0.02666666666666667 0.006666666666666667
0 0.8466666666666667 0.20166666666666666 0.03 0.006666666666666667
0 0.6616666666666666 0.16666666666666666 0.028333333333333332 0.006666666666666667
0 0.6633333333333333 0.16 0.03 0.006666666666666667
0 0.6633333333333333 0.195 0.03 0.005
0 0.665 0.19 0.03 0.006666666666666667
0 0.675 0.22 0.03 0.006666666666666667
0 0.6783333333333333 0.23666666666666666 0.03166666666666667 0.006666666666666667
0 0.565 0.19666666666666666 0.03 0.006666666666666667
0 0.55 0.315 0.03166666666666667 0.006666666666666667
0 0.4533333333333333 0.14166666666666666 0.03 0.006666666666666667
0 0.4533333333333333 0.135 0.03 0.005
0 0.4583333333333333 0.17 0.028333333333333332 0.006666666666666667
0 0.4583333333333333 0.16333333333333333 0.03 0.006666666666666667
0 0.36333333333333334 0.225 0.006666666666666667 0.01
0 0.36333333333333334 0.24333333333333335 0.006666666666666667 0.006666666666666667
0 0.36333333333333334 0.2633333333333333 0.006666666666666667 0.006666666666666667
0 0.365 0.31333333333333335 0.01 0.006666666666666667
0 0.365 0.31 0.01 0.006666666666666667
0 0.435 0.4266666666666667 0.028333333333333332 0.006666666666666667
0 0.43666666666666665 0.4216666666666667 0.03 0.006666666666666667
0 0.26666666666666666 0.5883333333333334 0.08666666666666667 0.021666666666666667
0 0.9633333333333334 0.49333333333333335 0.07333333333333333 0.02
0 0.5683333333333334 0.6416666666666667 0.08666666666666667 0.025