0 0.24833333333333332 0.22666666666666666 0.08333333333333333 0.021666666666666667
0 0.15333333333333332 0.6166666666666667 0.06833333333333333 0.018333333333333333
0 0.44666666666666666 0.575 0.06833333333333333 0.02
0 0.42833333333333334 0.7 0.065 0.018333333333333333
0 0.55 0.6283333333333333 0.06666666666666667 0.018333333333333333
0 0.6233333333333333 0.93 0.023333333333333334 0.005
0 0.6683333333333333 0.9516666666666667 0.023333333333333334 0.006666666666666667
0 0.665 0.97 0.021666666666666667 0.005
0 0.725 0.9466666666666667 0.023333333333333334 0.006666666666666667
0 0.7866666666666666 0.9666666666666667 0.023333333333333334 0.005
0 0.7683333333333333 0.9366666666666666 0.023333333333333334 0.005
0 0.85 0.945 0.023333333333333334 0.006666666666666667
0 0.8866666666666667 0.9233333333333333 0.021666666666666667 0.005
0 0.865 0.9683333333333334 0.021666666666666667 0.006666666666666667
0 0.9016666666666666 0.9633333333333334 0.023333333333333334 0.006666666666666667
0 0.9383333333333334 0.955 0.023333333333333334 0.006666666666666667
0 0.9866666666666667 0.9233333333333333 0.023333333333333334 0.005
0 0.995 0.8833333333333333 0.01 0.006666666666666667
0 0.995 0.8766666666666667 0.01 0.006666666666666667
0 0.6283333333333333 0.5483333333333333 0.023333333333333334 0.006666666666666667
0 0.63 0.5733333333333334 0.023333333333333334 0.006666666666666667
0 0.62 0.6033333333333334 0.02 0.006666666666666667
0 0.62 0.5966666666666667 0.02 0.006666666666666667
0 0.63 0.64 0.023333333333333334 0.006666666666666667
0 0.63 0.635 0.023333333333333334 0.005
0 0.63 0.63 0.021666666666666667 0.005
0 0.6316666666666667 0.6633333333333333 0.021666666666666667 0.005
0 0.6316666666666667 0.6583333333333333 0.023333333333333334 0.005
0 0.6316666666666667 0.7933333333333333 0.021666666666666667 0.005
0 0.6383333333333333 0.8566666666666667 0.023333333333333334 0.006666666666666667
0 0.6416666666666667 0.8866666666666667 0.023333333333333334 0.006666666666666667
0 0.72 0.9166666666666666 0.021666666666666667 0.005
0 0.7216666666666667 0.9116666666666666 0.021666666666666667 0.006666666666666667
0 0.76 0.92 0.023333333333333334 0.006666666666666667
0 0.76 0.915 0.023333333333333334 0.006666666666666667
0 0.76 0.9083333333333333 0.023333333333333334 0.005