0 0.125 0.13833333333333334 0.08333333333333333 0.018333333333333333
0 0.115 0.115 0.08166666666666667 0.02
0 0.33166666666666667 0.06 0.08333333333333333 0.02
0 0.3233333333333333 0.03666666666666667 0.08333333333333333 0.021666666666666667
0 0.015 0.305 0.03 0.023333333333333334
0 0.34 0.56 0.08833333333333333 0.02
0 0.3416666666666667 0.6016666666666667 0.08333333333333333 0.016666666666666666
0 0.42 0.11166666666666666 0.04 0.023333333333333334
0 0.6033333333333334 0.43166666666666664 0.09166666666666666 0.023333333333333334
0 0.295 0.755 0.08833333333333333 0.02
0 0.265 0.855 0.09 0.021666666666666667
0 0.78 0.9116666666666666 0.09 0.02666666666666667
0 0.8933333333333333 0.81 0.08333333333333333 0.023333333333333334