0 0.03 0.35 0.06 0.02
0 0.49833333333333335 0.19166666666666668 0.023333333333333334 0.023333333333333334
0 0.08166666666666667 0.8366666666666667 0.025 0.005
0 0.09666666666666666 0.91 0.02666666666666667 0.005
0 0.095 0.9333333333333333 0.02666666666666667 0.005
0 0.13166666666666665 0.91 0.02666666666666667 0.006666666666666667
0 0.155 0.84 0.025 0.006666666666666667
0 0.19166666666666668 0.9083333333333333 0.02666666666666667 0.005
0 0.24666666666666667 0.8533333333333334 0.025 0.005
0 0.2633333333333333 0.8333333333333334 0.02666666666666667 0.005
0 0.3 0.8016666666666666 0.025 0.006666666666666667
0 0.33666666666666667 0.7683333333333333 0.02666666666666667 0.005
0 0.3333333333333333 0.7133333333333334 0.025 0.005
0 0.3333333333333333 0.6866666666666666 0.02666666666666667 0.005
0 0.33166666666666667 0.6666666666666666 0.025 0.006666666666666667
0 0.33166666666666667 0.6166666666666667 0.025 0.006666666666666667
0 0.33166666666666667 0.6 0.028333333333333332 0.005
0 0.33166666666666667 0.5616666666666666 0.025 0.006666666666666667
0 0.45166666666666666 0.9733333333333334 0.02666666666666667 0.005
0 0.43333333333333335 0.4216666666666667 0.02666666666666667 0.0033333333333333335
0 0.19333333333333333 0.8316666666666667 0.025 0.006666666666666667
0 0.15666666666666668 0.8233333333333334 0.02666666666666667 0.006666666666666667