0 0.495 0.31166666666666665 0.08333333333333333 0.018333333333333333
0 0.485 0.28833333333333333 0.08166666666666667 0.02
0 0.7016666666666667 0.23333333333333334 0.08333333333333333 0.02
0 0.6933333333333334 0.21 0.08333333333333333 0.021666666666666667
0 0.35833333333333334 0.48 0.085 0.025
0 0.17333333333333334 0.515 0.08333333333333333 0.02
0 0.165 0.49333333333333335 0.08333333333333333 0.018333333333333333
0 0.16666666666666666 0.7333333333333333 0.08333333333333333 0.02
0 0.15833333333333333 0.7116666666666667 0.08333333333333333 0.021666666666666667
0 0.71 0.7333333333333333 0.08833333333333333 0.02
0 0.7133333333333334 0.7783333333333333 0.08333333333333333 0.023333333333333334