0 0.03166666666666667 0.0033333333333333335 0.06333333333333334 0.006666666666666667
0 0.4683333333333333 0.47833333333333333 0.09 0.023333333333333334
0 0.535 0.3283333333333333 0.08166666666666667 0.02666666666666667
0 0.7033333333333334 0.01 0.043333333333333335 0.008333333333333333
0 0.8533333333333334 0.06666666666666667 0.043333333333333335 0.01
0 0.885 0.29833333333333334 0.043333333333333335 0.01
0 0.995 0.335 0.01 0.01
0 0.995 0.35833333333333334 0.01 0.01
0 0.995 0.385 0.01 0.01
0 0.34833333333333333 0.5933333333333334 0.08666666666666667 0.021666666666666667
0 0.6083333333333333 0.52 0.03666666666666667 0.02
0 0.835 0.5216666666666666 0.085 0.02666666666666667
0 0.925 0.5216666666666666 0.09 0.025
0 0.785 0.835 0.09 0.025
0 0.895 0.8333333333333334 0.08833333333333333 0.025