0 0.5016666666666667 0.30833333333333335 0.056666666666666664 0.023333333333333334
0 0.14 0.4166666666666667 0.08666666666666667 0.006666666666666667
0 0.5533333333333333 0.13166666666666665 0.04666666666666667 0.023333333333333334
0 0.86 0.3283333333333333 0.08333333333333333 0.025
0 0.945 0.18 0.09 0.021666666666666667
0 0.21666666666666667 0.425 0.03 0.006666666666666667
0 0.215 0.4216666666666667 0.03 0.0033333333333333335
0 0.16166666666666665 0.47 0.028333333333333332 0.006666666666666667
0 0.09 0.46166666666666667 0.028333333333333332 0.006666666666666667
0 0.11166666666666666 0.48833333333333334 0.028333333333333332 0.006666666666666667
0 0.17166666666666666 0.5566666666666666 0.03 0.006666666666666667
0 0.195 0.5816666666666667 0.03 0.008333333333333333
0 0.19666666666666666 0.6233333333333333 0.03 0.006666666666666667
0 0.17666666666666667 0.7016666666666667 0.028333333333333332 0.006666666666666667
0 0.18333333333333332 0.69 0.028333333333333332 0.006666666666666667
0 0.10666666666666667 0.8166666666666667 0.03 0.006666666666666667
0 0.018333333333333333 0.9016666666666666 0.028333333333333332 0.005
0 0.018333333333333333 0.8966666666666666 0.028333333333333332 0.006666666666666667
0 0.02 0.92 0.03 0.006666666666666667
0 0.016666666666666666 0.9833333333333333 0.03 0.006666666666666667
0 0.016666666666666666 0.9783333333333334 0.028333333333333332 0.006666666666666667
0 0.1 0.9166666666666666 0.03 0.006666666666666667
0 0.255 0.8433333333333334 0.03 0.006666666666666667
0 0.2866666666666667 0.6516666666666666 0.03 0.006666666666666667
0 0.28833333333333333 0.605 0.028333333333333332 0.006666666666666667
0 0.2916666666666667 0.53 0.03 0.006666666666666667
0 0.3416666666666667 0.4716666666666667 0.028333333333333332 0.006666666666666667
0 0.3416666666666667 0.4666666666666667 0.028333333333333332 0.006666666666666667
0 0.34 0.46166666666666667 0.028333333333333332 0.006666666666666667
0 0.3416666666666667 0.45666666666666667 0.028333333333333332 0.006666666666666667
0 0.515 0.44 0.03 0.006666666666666667
0 0.515 0.485 0.03 0.01
0 0.4533333333333333 0.5016666666666667 0.03666666666666667 0.006666666666666667
0 0.36333333333333334 0.9983333333333333 0.04 0.0033333333333333335
0 0.36333333333333334 0.9933333333333333 0.04 0.008333333333333333
0 0.365 0.9866666666666667 0.04 0.008333333333333333
0 0.36333333333333334 0.9783333333333334 0.041666666666666664 0.008333333333333333
0 0.36333333333333334 0.97 0.041666666666666664 0.008333333333333333
0 0.36333333333333334 0.9616666666666667 0.041666666666666664 0.008333333333333333
0 0.36333333333333334 0.955 0.041666666666666664 0.006666666666666667
0 0.4033333333333333 0.9983333333333333 0.04 0.0033333333333333335
0 0.405 0.9933333333333333 0.041666666666666664 0.008333333333333333
0 0.405 0.9866666666666667 0.04 0.008333333333333333
0 0.405 0.9783333333333334 0.04 0.006666666666666667
0 0.405 0.97 0.04 0.008333333333333333
0 0.405 0.9616666666666667 0.04 0.006666666666666667
0 0.405 0.9533333333333334 0.04 0.006666666666666667
0 0.44666666666666666 0.9983333333333333 0.04 0.0033333333333333335
0 0.44666666666666666 0.9933333333333333 0.04 0.008333333333333333
0 0.44666666666666666 0.9866666666666667 0.04 0.008333333333333333
0 0.44666666666666666 0.9783333333333334 0.04 0.008333333333333333
0 0.44666666666666666 0.97 0.04 0.008333333333333333
0 0.44666666666666666 0.9616666666666667 0.04 0.008333333333333333
0 0.44666666666666666 0.955 0.04 0.008333333333333333
0 0.4866666666666667 0.9983333333333333 0.04 0.0033333333333333335
0 0.48833333333333334 0.995 0.04 0.006666666666666667
0 0.48833333333333334 0.9866666666666667 0.041666666666666664 0.008333333333333333
0 0.48833333333333334 0.9783333333333334 0.041666666666666664 0.008333333333333333
0 0.48833333333333334 0.97 0.041666666666666664 0.006666666666666667
0 0.48833333333333334 0.9616666666666667 0.04 0.006666666666666667
0 0.48833333333333334 0.9533333333333334 0.041666666666666664 0.006666666666666667
0 0.5183333333333333 0.9983333333333333 0.023333333333333334 0.0033333333333333335
0 0.52 0.9933333333333333 0.02 0.006666666666666667
0 0.52 0.9866666666666667 0.02 0.006666666666666667
0 0.52 0.9766666666666667 0.02 0.006666666666666667
0 0.5183333333333333 0.9683333333333334 0.023333333333333334 0.01
0 0.52 0.965 0.02 0.0033333333333333335
0 0.52 0.96 0.02 0.006666666666666667
0 0.52 0.9533333333333334 0.02 0.006666666666666667
0 0.5433333333333333 0.5466666666666666 0.02666666666666667 0.006666666666666667
0 0.5583333333333333 0.775 0.03 0.006666666666666667
0 0.54 0.7933333333333333 0.02 0.006666666666666667
0 0.865 0.9516666666666667 0.03166666666666667 0.006666666666666667
0 0.85 0.92 0.03166666666666667 0.006666666666666667
0 0.9483333333333334 0.5716666666666667 0.03166666666666667 0.006666666666666667
0 0.8933333333333333 0.68 0.03166666666666667 0.006666666666666667
0 0.9133333333333333 0.4816666666666667 0.03166666666666667 0.008333333333333333
0 0.915 0.5116666666666667 0.03 0.006666666666666667
0 0.7816666666666666 0.5283333333333333 0.03 0.006666666666666667