0 0.28833333333333333 0.18 0.08833333333333333 0.021666666666666667
0 0.445 0.06333333333333334 0.08833333333333333 0.021666666666666667
0 0.4216666666666667 0.19666666666666666 0.08666666666666667 0.023333333333333334
0 0.5583333333333333 0.06 0.056666666666666664 0.02
0 0.795 0.06166666666666667 0.085 0.02666666666666667
0 0.885 0.06166666666666667 0.09 0.025
0 0.545 0.345 0.03 0.023333333333333334
0 0.745 0.375 0.09 0.025
0 0.855 0.37333333333333335 0.08833333333333333 0.025
0 0.006666666666666667 0.975 0.013333333333333334 0.01
0 0.09 0.915 0.021666666666666667 0.006666666666666667
0 0.09 0.91 0.021666666666666667 0.006666666666666667
0 0.09 0.9033333333333333 0.021666666666666667 0.006666666666666667
0 0.05333333333333334 0.9383333333333334 0.023333333333333334 0.006666666666666667
0 0.07166666666666667 0.965 0.021666666666666667 0.006666666666666667
0 0.075 0.985 0.023333333333333334 0.005
0 0.08 0.74 0.023333333333333334 0.005
0 0.125 0.7616666666666667 0.023333333333333334 0.006666666666666667
0 0.12166666666666667 0.78 0.021666666666666667 0.005
0 0.18166666666666667 0.7566666666666667 0.023333333333333334 0.006666666666666667
0 0.24333333333333335 0.7766666666666666 0.023333333333333334 0.005
0 0.225 0.7466666666666667 0.023333333333333334 0.005
0 0.30666666666666664 0.755 0.023333333333333334 0.006666666666666667
0 0.3433333333333333 0.7333333333333333 0.021666666666666667 0.005
0 0.32166666666666666 0.7783333333333333 0.021666666666666667 0.006666666666666667
0 0.35833333333333334 0.7733333333333333 0.023333333333333334 0.006666666666666667
0 0.395 0.765 0.023333333333333334 0.006666666666666667
0 0.495 0.7816666666666666 0.023333333333333334 0.006666666666666667
0 0.49666666666666665 0.7983333333333333 0.023333333333333334 0.005
0 0.295 0.9983333333333333 0.023333333333333334 0.0033333333333333335
0 0.39166666666666666 0.9966666666666667 0.023333333333333334 0.006666666666666667
0 0.46166666666666667 0.9966666666666667 0.023333333333333334 0.005
0 0.46166666666666667 0.9916666666666667 0.023333333333333334 0.005
0 0.46166666666666667 0.9866666666666667 0.023333333333333334 0.006666666666666667
0 0.44333333333333336 0.7333333333333333 0.023333333333333334 0.005
0 0.46 0.695 0.023333333333333334 0.005
0 0.46 0.6883333333333334 0.021666666666666667 0.006666666666666667
0 0.4683333333333333 0.66 0.023333333333333334 0.006666666666666667
0 0.4683333333333333 0.6533333333333333 0.023333333333333334 0.005
0 0.4683333333333333 0.6483333333333333 0.023333333333333334 0.006666666666666667
0 0.4716666666666667 0.615 0.023333333333333334 0.006666666666666667
0 0.47833333333333333 0.5483333333333333 0.023333333333333334 0.005
0 0.4766666666666667 0.4683333333333333 0.021666666666666667 0.005
0 0.4766666666666667 0.4633333333333333 0.021666666666666667 0.005
0 0.085 0.45166666666666666 0.023333333333333334 0.0033333333333333335
0 0.08833333333333333 0.47333333333333333 0.021666666666666667 0.005
0 0.08833333333333333 0.4683333333333333 0.023333333333333334 0.005
0 0.08833333333333333 0.6033333333333334 0.021666666666666667 0.005
0 0.095 0.6666666666666666 0.023333333333333334 0.006666666666666667
0 0.09833333333333333 0.6966666666666667 0.023333333333333334 0.006666666666666667
0 0.17666666666666667 0.7266666666666667 0.021666666666666667 0.005
0 0.17833333333333334 0.7216666666666667 0.021666666666666667 0.006666666666666667
0 0.21666666666666667 0.73 0.023333333333333334 0.006666666666666667
0 0.21666666666666667 0.725 0.023333333333333334 0.006666666666666667
0 0.21666666666666667 0.7183333333333334 0.023333333333333334 0.005
0 0.625 0.8133333333333334 0.08666666666666667 0.021666666666666667