0 0.04666666666666667 0.21833333333333332 0.09 0.023333333333333334
0 0.6483333333333333 0.3466666666666667 0.016666666666666666 0.006666666666666667
0 0.745 0.365 0.023333333333333334 0.006666666666666667
0 0.7466666666666667 0.38166666666666665 0.023333333333333334 0.005
0 0.6933333333333334 0.31666666666666665 0.023333333333333334 0.005
0 0.71 0.2783333333333333 0.023333333333333334 0.005
0 0.71 0.27166666666666667 0.021666666666666667 0.006666666666666667
0 0.7183333333333334 0.24333333333333335 0.023333333333333334 0.006666666666666667
0 0.7183333333333334 0.23666666666666666 0.023333333333333334 0.005
0 0.7183333333333334 0.23166666666666666 0.023333333333333334 0.006666666666666667
0 0.7216666666666667 0.19833333333333333 0.023333333333333334 0.006666666666666667
0 0.7283333333333334 0.13166666666666665 0.023333333333333334 0.005
0 0.7266666666666667 0.051666666666666666 0.021666666666666667 0.005
0 0.7266666666666667 0.04666666666666667 0.021666666666666667 0.005
0 0.725 0.023333333333333334 0.023333333333333334 0.005
0 0.9016666666666666 0.075 0.021666666666666667 0.005
0 0.865 0.08333333333333333 0.021666666666666667 0.006666666666666667
0 0.8766666666666667 0.12833333333333333 0.021666666666666667 0.005
0 0.8766666666666667 0.17333333333333334 0.021666666666666667 0.006666666666666667
0 0.8766666666666667 0.16666666666666666 0.021666666666666667 0.005
0 0.9233333333333333 0.17 0.021666666666666667 0.005
0 0.9233333333333333 0.165 0.021666666666666667 0.005
0 0.9016666666666666 0.19666666666666666 0.021666666666666667 0.006666666666666667
0 0.9783333333333334 0.07833333333333334 0.023333333333333334 0.005
0 0.9866666666666667 0.115 0.023333333333333334 0.005
0 0.9866666666666667 0.17166666666666666 0.023333333333333334 0.005
0 0.9883333333333333 0.205 0.023333333333333334 0.0033333333333333335
0 0.8966666666666666 0.36333333333333334 0.03166666666666667 0.008333333333333333
0 0.9333333333333333 0.375 0.03166666666666667 0.008333333333333333
0 0.915 0.38666666666666666 0.03166666666666667 0.008333333333333333
0 0.9033333333333333 0.42333333333333334 0.03166666666666667 0.008333333333333333
0 0.8583333333333333 0.4216666666666667 0.03166666666666667 0.008333333333333333
0 0.825 0.42333333333333334 0.03 0.008333333333333333
0 0.8166666666666667 0.435 0.03166666666666667 0.008333333333333333
0 0.8483333333333334 0.435 0.03166666666666667 0.008333333333333333
0 0.94 0.42333333333333334 0.03166666666666667 0.008333333333333333
0 0.9716666666666667 0.42333333333333334 0.03166666666666667 0.008333333333333333
0 0.035 0.995 0.056666666666666664 0.01