0 0.15333333333333332 0.5183333333333333 0.043333333333333335 0.01
0 0.13 0.5416666666666666 0.043333333333333335 0.01
0 0.24 0.5316666666666666 0.043333333333333335 0.008333333333333333
0 0.34 0.5283333333333333 0.043333333333333335 0.01
0 0.058333333333333334 0.695 0.043333333333333335 0.008333333333333333
0 0.06333333333333334 0.845 0.043333333333333335 0.008333333333333333
0 0.16333333333333333 0.8333333333333334 0.045 0.008333333333333333
0 0.225 0.785 0.043333333333333335 0.008333333333333333
0 0.26666666666666666 0.8266666666666667 0.045 0.008333333333333333
0 0.345 0.7916666666666666 0.043333333333333335 0.008333333333333333
0 0.35833333333333334 0.8183333333333334 0.045 0.01
0 0.38333333333333336 0.8416666666666667 0.043333333333333335 0.01
0 0.43333333333333335 0.5233333333333333 0.043333333333333335 0.01
0 0.48833333333333334 0.5366666666666666 0.043333333333333335 0.008333333333333333
0 0.545 0.5316666666666666 0.043333333333333335 0.006666666666666667
0 0.605 0.5716666666666667 0.045 0.008333333333333333
0 0.4583333333333333 0.425 0.043333333333333335 0.008333333333333333
0 0.5416666666666666 0.405 0.045 0.008333333333333333
0 0.6583333333333333 0.41333333333333333 0.045 0.008333333333333333
0 0.4866666666666667 0.045 0.045 0.008333333333333333
0 0.6016666666666667 0.7616666666666667 0.043333333333333335 0.008333333333333333
0 0.5916666666666667 0.8316666666666667 0.043333333333333335 0.008333333333333333
0 0.8216666666666667 0.635 0.043333333333333335 0.008333333333333333
0 0.8216666666666667 0.655 0.043333333333333335 0.01
0 0.8233333333333334 0.6783333333333333 0.043333333333333335 0.011666666666666667
0 0.8216666666666667 0.7 0.043333333333333335 0.008333333333333333
0 0.8216666666666667 0.7216666666666667 0.043333333333333335 0.008333333333333333
0 0.8216666666666667 0.7433333333333333 0.043333333333333335 0.008333333333333333
0 0.31833333333333336 0.36 0.043333333333333335 0.008333333333333333