0 0.21166666666666667 0.4583333333333333 0.08333333333333333 0.021666666666666667
0 0.63 0.255 0.09333333333333334 0.023333333333333334
0 0.6566666666666666 0.28 0.08166666666666667 0.02
0 0.76 0.305 0.09333333333333334 0.021666666666666667
0 0.7883333333333333 0.3283333333333333 0.08 0.021666666666666667
0 0.7883333333333333 0.53 0.08 0.021666666666666667
0 0.7516666666666667 0.8083333333333333 0.08833333333333333 0.021666666666666667
0 0.79 0.835 0.08333333333333333 0.02
0 0.17833333333333334 0.8116666666666666 0.09 0.02
0 0.20666666666666667 0.8366666666666667 0.08166666666666667 0.021666666666666667
0 0.31333333333333335 0.89 0.09 0.02
0 0.3416666666666667 0.915 0.08 0.018333333333333333