0 0.10833333333333334 0.31333333333333335 0.06166666666666667 0.016666666666666666
0 0.10833333333333334 0.37 0.06166666666666667 0.015
0 0.18 0.665 0.06166666666666667 0.011666666666666667
0 0.3 0.9533333333333334 0.06166666666666667 0.013333333333333334
0 0.29833333333333334 0.9416666666666667 0.06166666666666667 0.011666666666666667
0 0.465 0.96 0.06333333333333334 0.011666666666666667
0 0.4633333333333333 0.9483333333333334 0.06166666666666667 0.011666666666666667
0 0.7216666666666667 0.6633333333333333 0.06166666666666667 0.013333333333333334
0 0.7216666666666667 0.6933333333333334 0.06 0.013333333333333334
0 0.8883333333333333 0.9416666666666667 0.095 0.02
0 0.7 0.24333333333333335 0.06333333333333334 0.016666666666666666
0 0.745 0.9833333333333333 0.051666666666666666 0.011666666666666667