0 0.3566666666666667 0.18333333333333332 0.08833333333333333 0.018333333333333333
0 0.7633333333333333 0.14333333333333334 0.04666666666666667 0.02
0 0.105 0.5133333333333333 0.09166666666666666 0.02
0 0.13333333333333333 0.5366666666666666 0.08 0.02
0 0.2733333333333333 0.6666666666666666 0.09 0.023333333333333334
0 0.3016666666666667 0.69 0.08166666666666667 0.02
0 0.24166666666666667 0.72 0.08166666666666667 0.021666666666666667
0 0.5633333333333334 0.475 0.09333333333333334 0.01
0 0.5933333333333334 0.49166666666666664 0.08166666666666667 0.018333333333333333
0 0.6633333333333333 0.5233333333333333 0.085 0.021666666666666667
0 0.715 0.9183333333333333 0.05 0.023333333333333334
0 0.8116666666666666 0.815 0.041666666666666664 0.011666666666666667