0 0.11 0.285 0.051666666666666666 0.008333333333333333
0 0.03833333333333333 0.31833333333333336 0.05333333333333334 0.008333333333333333
0 0.14166666666666666 0.355 0.05333333333333334 0.01
0 0.08166666666666667 0.51 0.05333333333333334 0.01
0 0.27 0.505 0.05333333333333334 0.008333333333333333
0 0.27 0.023333333333333334 0.05 0.01
0 0.1 0.008333333333333333 0.05333333333333334 0.01
0 0.09833333333333333 0.03333333333333333 0.05333333333333334 0.008333333333333333
0 0.08 0.09666666666666666 0.051666666666666666 0.008333333333333333
0 0.4716666666666667 0.44 0.028333333333333332 0.008333333333333333
0 0.4683333333333333 0.39666666666666667 0.028333333333333332 0.005
0 0.4683333333333333 0.39166666666666666 0.03 0.006666666666666667
0 0.4683333333333333 0.38666666666666666 0.028333333333333332 0.006666666666666667
0 0.48333333333333334 0.37333333333333335 0.028333333333333332 0.005
0 0.48333333333333334 0.36666666666666664 0.028333333333333332 0.006666666666666667
0 0.5783333333333334 0.36 0.03 0.006666666666666667
0 0.5833333333333334 0.38166666666666665 0.03 0.006666666666666667
0 0.4766666666666667 0.2916666666666667 0.028333333333333332 0.005
0 0.4766666666666667 0.2866666666666667 0.028333333333333332 0.005
0 0.47333333333333333 0.22833333333333333 0.03 0.008333333333333333
0 0.5116666666666667 0.20833333333333334 0.028333333333333332 0.006666666666666667
0 0.5166666666666667 0.22 0.028333333333333332 0.006666666666666667
0 0.47833333333333333 0.19166666666666668 0.03 0.005
0 0.47833333333333333 0.18666666666666668 0.028333333333333332 0.006666666666666667
0 0.47833333333333333 0.18166666666666667 0.03 0.005
0 0.4766666666666667 0.175 0.03 0.006666666666666667
0 0.5783333333333334 0.085 0.028333333333333332 0.006666666666666667
0 0.5766666666666667 0.07 0.028333333333333332 0.006666666666666667
0 0.5733333333333334 0.04666666666666667 0.03 0.006666666666666667
0 0.5716666666666667 0.035 0.028333333333333332 0.006666666666666667
0 0.6633333333333333 0.09 0.03 0.006666666666666667
0 0.6633333333333333 0.085 0.028333333333333332 0.006666666666666667
0 0.6666666666666666 0.125 0.03 0.006666666666666667
0 0.6616666666666666 0.25166666666666665 0.03 0.005
0 0.6616666666666666 0.24666666666666667 0.03 0.006666666666666667
0 0.6666666666666666 0.30333333333333334 0.03 0.006666666666666667
0 0.995 0.13666666666666666 0.01 0.006666666666666667
0 0.995 0.13333333333333333 0.01 0.006666666666666667
0 0.935 0.15333333333333332 0.03 0.005
0 0.9116666666666666 0.145 0.03 0.006666666666666667
0 0.9266666666666666 0.22 0.03 0.005
0 0.8416666666666667 0.135 0.03 0.006666666666666667
0 0.8666666666666667 0.29 0.028333333333333332 0.006666666666666667
0 0.875 0.305 0.03 0.005
0 0.905 0.075 0.03 0.006666666666666667
0 0.8916666666666667 0.085 0.03 0.006666666666666667
0 0.49 0.62 0.08666666666666667 0.025
0 0.6783333333333333 0.5383333333333333 0.08833333333333333 0.023333333333333334
0 0.5733333333333334 0.8583333333333333 0.09166666666666666 0.023333333333333334
0 0.4633333333333333 0.895 0.08666666666666667 0.023333333333333334
0 0.9633333333333334 0.9183333333333333 0.07333333333333333 0.023333333333333334