0 0.645 0.2 0.085 0.021666666666666667
0 0.5633333333333334 0.24 0.02666666666666667 0.02
0 0.45 0.9133333333333333 0.095 0.025
0 0.4766666666666667 0.96 0.085 0.021666666666666667
0 0.48333333333333334 0.9383333333333334 0.08333333333333333 0.018333333333333333
0 0.6566666666666666 0.9966666666666667 0.028333333333333332 0.005
0 0.6566666666666666 0.99 0.028333333333333332 0.006666666666666667
0 0.7516666666666667 0.9833333333333333 0.03 0.006666666666666667
0 0.65 0.915 0.028333333333333332 0.005
0 0.65 0.91 0.028333333333333332 0.005
0 0.6466666666666666 0.8516666666666667 0.03 0.008333333333333333
0 0.685 0.8316666666666667 0.028333333333333332 0.006666666666666667
0 0.69 0.8433333333333334 0.028333333333333332 0.006666666666666667
0 0.6516666666666666 0.815 0.03 0.005
0 0.6516666666666666 0.81 0.028333333333333332 0.006666666666666667
0 0.6516666666666666 0.805 0.03 0.005
0 0.65 0.7983333333333333 0.03 0.006666666666666667
0 0.7516666666666667 0.7083333333333334 0.028333333333333332 0.006666666666666667
0 0.75 0.6933333333333334 0.028333333333333332 0.006666666666666667
0 0.7466666666666667 0.67 0.03 0.006666666666666667
0 0.745 0.6583333333333333 0.028333333333333332 0.006666666666666667
0 0.7083333333333334 0.5966666666666667 0.03 0.006666666666666667
0 0.7066666666666667 0.5916666666666667 0.028333333333333332 0.006666666666666667
0 0.8366666666666667 0.7133333333333334 0.03 0.006666666666666667
0 0.8366666666666667 0.7083333333333334 0.028333333333333332 0.006666666666666667
0 0.84 0.7483333333333333 0.03 0.006666666666666667
0 0.835 0.875 0.03 0.005
0 0.835 0.87 0.03 0.006666666666666667
0 0.84 0.9266666666666666 0.03 0.006666666666666667