0 0.08 0.0033333333333333335 0.04 0.006666666666666667
0 0.12666666666666668 0.065 0.043333333333333335 0.01
0 0.12833333333333333 0.24 0.043333333333333335 0.01
0 0.2833333333333333 0.24 0.043333333333333335 0.011666666666666667
0 0.43833333333333335 0.24333333333333335 0.041666666666666664 0.01
0 0.43833333333333335 0.265 0.043333333333333335 0.011666666666666667
0 0.058333333333333334 0.32 0.041666666666666664 0.01
0 0.6766666666666666 0.02666666666666667 0.028333333333333332 0.006666666666666667
0 0.7333333333333333 0.11166666666666666 0.03 0.006666666666666667
0 0.7333333333333333 0.10666666666666667 0.03 0.006666666666666667
0 0.6783333333333333 0.15666666666666668 0.028333333333333332 0.006666666666666667
0 0.6066666666666667 0.14833333333333334 0.028333333333333332 0.006666666666666667
0 0.6283333333333333 0.175 0.028333333333333332 0.006666666666666667
0 0.6883333333333334 0.24333333333333335 0.03 0.006666666666666667
0 0.7116666666666667 0.2683333333333333 0.03 0.008333333333333333
0 0.7133333333333334 0.31 0.03 0.006666666666666667
0 0.6933333333333334 0.3883333333333333 0.028333333333333332 0.006666666666666667
0 0.7 0.37666666666666665 0.028333333333333332 0.006666666666666667
0 0.8033333333333333 0.3383333333333333 0.03 0.006666666666666667
0 0.805 0.2916666666666667 0.028333333333333332 0.006666666666666667
0 0.8083333333333333 0.21666666666666667 0.03 0.006666666666666667
0 0.8583333333333333 0.15833333333333333 0.028333333333333332 0.006666666666666667
0 0.8583333333333333 0.15333333333333332 0.028333333333333332 0.006666666666666667
0 0.8566666666666667 0.14833333333333334 0.028333333333333332 0.006666666666666667
0 0.8583333333333333 0.14333333333333334 0.028333333333333332 0.006666666666666667
0 0.8683333333333333 0.095 0.03666666666666667 0.006666666666666667
0 0.97 0.18833333333333332 0.03666666666666667 0.006666666666666667
0 0.08 0.9866666666666667 0.06166666666666667 0.013333333333333334
0 0.36 0.81 0.06166666666666667 0.013333333333333334
0 0.37833333333333335 0.855 0.06 0.011666666666666667
0 0.29333333333333333 0.965 0.041666666666666664 0.011666666666666667