2 0.47596153846153844 0.6286057692307693 0.038461538461538464 0.009615384615384616
2 0.44591346153846156 0.4230769230769231 0.016826923076923076 0.03365384615384615
2 0.4483173076923077 0.5168269230769231 0.009615384615384616 0.036057692307692304
1 0.44591346153846156 0.46875 0.026442307692307692 0.057692307692307696
2 0.43509615384615385 0.6430288461538461 0.009615384615384616 0.036057692307692304
1 0.4375 0.6959134615384616 0.028846153846153848 0.0673076923076923
2 0.4375 0.7367788461538461 0.009615384615384616 0.014423076923076924
1 0.6778846153846154 0.6225961538461539 0.02403846153846154 0.0625
2 0.6754807692307693 0.6694711538461539 0.019230769230769232 0.026442307692307692
2 0.6670673076923077 0.5757211538461539 0.016826923076923076 0.03365384615384615
1 0.6213942307692307 0.5757211538461539 0.02403846153846154 0.057692307692307696
2 0.625 0.6454326923076923 0.01201923076923077 0.08173076923076923
2 0.6153846153846154 0.5084134615384616 0.014423076923076924 0.07451923076923077
2 0.5793269230769231 0.4495192307692308 0.02403846153846154 0.01201923076923077
2 0.5757211538461539 0.7127403846153846 0.02403846153846154 0.009615384615384616
2 0.5685096153846154 0.6213942307692307 0.02403846153846154 0.014423076923076924
1 0.5360576923076923 0.4519230769230769 0.0625 0.02403846153846154
1 0.5360576923076923 0.7199519230769231 0.057692307692307696 0.026442307692307692
0 0.5252403846153846 0.5612980769230769 0.5408653846153846 0.4639423076923077
1 0.5264423076923077 0.6286057692307693 0.06009615384615385 0.02403846153846154
2 0.49759615384615385 0.4543269230769231 0.014423076923076924 0.004807692307692308
2 0.4951923076923077 0.7211538461538461 0.021634615384615384 0.007211538461538462