2 0.2980769230769231 0.5324519230769231 0.01201923076923077 0.007211538461538462
2 0.2668269230769231 0.5324519230769231 0.01201923076923077 0.007211538461538462
2 0.6550480769230769 0.5552884615384616 0.007211538461538462 0.007211538461538462
2 0.5949519230769231 0.5564903846153846 0.009615384615384616 0.004807692307692308
1 0.6237980769230769 0.5552884615384616 0.05048076923076923 0.019230769230769232
1 0.3329326923076923 0.5625 0.04807692307692308 0.016826923076923076
2 0.4891826923076923 0.5600961538461539 0.021634615384615384 0.004807692307692308
1 0.453125 0.5637019230769231 0.05048076923076923 0.021634615384615384
2 0.3737980769230769 0.5649038461538461 0.03365384615384615 0.007211538461538462
2 0.42427884615384615 0.5637019230769231 0.007211538461538462 0.007211538461538462
2 0.3016826923076923 0.5685096153846154 0.01201923076923077 0.009615384615384616
2 0.421875 0.5805288461538461 0.007211538461538462 0.007211538461538462
2 0.5925480769230769 0.578125 0.007211538461538462 0.004807692307692308
2 0.5324519230769231 0.5817307692307693 0.007211538461538462 0.004807692307692308
2 0.38341346153846156 0.5841346153846154 0.014423076923076924 0.009615384615384616
2 0.4050480769230769 0.5877403846153846 0.007211538461538462 0.009615384615384616
2 0.265625 0.5901442307692307 0.007211538461538462 0.004807692307692308
1 0.4230769230769231 0.609375 0.019230769230769232 0.05048076923076923
1 0.3798076923076923 0.6129807692307693 0.019230769230769232 0.04567307692307692
2 0.4230769230769231 0.640625 0.004807692307692308 0.007211538461538462
2 0.38221153846153844 0.6442307692307693 0.01201923076923077 0.007211538461538462
2 0.2620192307692308 0.6574519230769231 0.007211538461538462 0.007211538461538462
2 0.5360576923076923 0.6550480769230769 0.007211538461538462 0.007211538461538462
2 0.5961538461538461 0.6550480769230769 0.007211538461538462 0.009615384615384616
2 0.40384615384615385 0.6598557692307693 0.007211538461538462 0.004807692307692308
2 0.7668269230769231 0.36778846153846156 0.021634615384615384 0.1201923076923077
0 0.49038461538461536 0.4735576923076923 0.5504807692307693 0.4567307692307692
2 0.6730769230769231 0.4891826923076923 0.007211538461538462 0.04807692307692308
2 0.6514423076923077 0.49278846153846156 0.007211538461538462 0.04807692307692308
2 0.53125 0.5144230769230769 0.009615384615384616 0.014423076923076924
2 0.4951923076923077 0.5168269230769231 0.01201923076923077 0.014423076923076924