2 0.46875 0.43028846153846156 0.06490384615384616 0.21634615384615385
2 0.6165865384615384 0.41225961538461536 0.09134615384615384 0.20673076923076922
2 0.390625 0.4182692307692308 0.02403846153846154 0.22355769230769232
2 0.24759615384615385 0.41346153846153844 0.028846153846153848 0.22115384615384615
2 0.5336538461538461 0.6778846153846154 0.052884615384615384 0.19471153846153846
2 0.41586538461538464 0.6814903846153846 0.03125 0.19471153846153846
2 0.7019230769230769 0.6574519230769231 0.055288461538461536 0.19951923076923078
2 0.26322115384615385 0.6706730769230769 0.040865384615384616 0.1971153846153846
1 0.5036057692307693 0.5600961538461539 0.02403846153846154 0.05048076923076923
1 0.4050480769230769 0.5552884615384616 0.021634615384615384 0.052884615384615384
1 0.6682692307692307 0.5336538461538461 0.028846153846153848 0.05048076923076923
1 0.2644230769230769 0.5480769230769231 0.021634615384615384 0.052884615384615384