1 0.515625 0.47716346153846156 0.02403846153846154 0.052884615384615384
2 0.7079326923076923 0.47475961538461536 0.009615384615384616 0.040865384615384616
0 0.5036057692307693 0.43990384615384615 0.5865384615384616 0.4831730769230769
1 0.4362980769230769 0.4338942307692308 0.021634615384615384 0.052884615384615384
2 0.5180288461538461 0.4362980769230769 0.007211538461538462 0.021634615384615384
1 0.7103365384615384 0.42908653846153844 0.02403846153846154 0.05048076923076923
2 0.4375 0.3954326923076923 0.007211538461538462 0.021634615384615384
2 0.7115384615384616 0.3737980769230769 0.007211538461538462 0.055288461538461536
2 0.25600961538461536 0.875 0.11298076923076923 0.014423076923076924
1 0.33413461538461536 0.8737980769230769 0.04326923076923077 0.016826923076923076
2 0.4423076923076923 0.8774038461538461 0.16826923076923078 0.019230769230769232
1 0.34975961538461536 0.5276442307692307 0.05048076923076923 0.02403846153846154
2 0.32572115384615385 0.5240384615384616 0.009615384615384616 0.01201923076923077
2 0.38341346153846156 0.5252403846153846 0.01201923076923077 0.009615384615384616
1 0.6189903846153846 0.5348557692307693 0.05048076923076923 0.021634615384615384
2 0.5757211538461539 0.5300480769230769 0.036057692307692304 0.01201923076923077
2 0.6670673076923077 0.5324519230769231 0.040865384615384616 0.01201923076923077
2 0.5216346153846154 0.5084134615384616 0.007211538461538462 0.009615384615384616
2 0.4387019230769231 0.47716346153846156 0.01201923076923077 0.028846153846153848