2 0.6298076923076923 0.46634615384615385 0.3076923076923077 0.036057692307692304
2 0.6262019230769231 0.27884615384615385 0.2860576923076923 0.05048076923076923
2 0.6742788461538461 0.5528846153846154 0.2692307692307692 0.12259615384615384
2 0.703125 0.7463942307692307 0.32211538461538464 0.06490384615384616
2 0.265625 0.4855769230769231 0.28365384615384615 0.036057692307692304
2 0.29086538461538464 0.3004807692307692 0.25721153846153844 0.04807692307692308
2 0.3269230769230769 0.7752403846153846 0.2860576923076923 0.055288461538461536
2 0.3401442307692308 0.6947115384615384 0.28846153846153844 0.10817307692307693
1 0.44350961538461536 0.4795673076923077 0.0673076923076923 0.03365384615384615
1 0.45072115384615385 0.2764423076923077 0.0625 0.028846153846153848
1 0.5072115384615384 0.7716346153846154 0.07211538461538461 0.02403846153846154
1 0.5132211538461539 0.6262019230769231 0.06971153846153846 0.04567307692307692