2 0.5432692307692307 0.5276442307692307 0.019230769230769232 0.004807692307692308
2 0.5612980769230769 0.453125 0.04567307692307692 0.009615384615384616
1 0.4026442307692308 0.5685096153846154 0.016826923076923076 0.04567307692307692
2 0.4026442307692308 0.5396634615384616 0.004807692307692308 0.007211538461538462
2 0.40865384615384615 0.6045673076923077 0.007211538461538462 0.02403846153846154
1 0.41586538461538464 0.4987980769230769 0.016826923076923076 0.04567307692307692
2 0.4182692307692308 0.4699519230769231 0.004807692307692308 0.014423076923076924
2 0.4182692307692308 0.5324519230769231 0.009615384615384616 0.016826923076923076
2 0.4326923076923077 0.3954326923076923 0.004807692307692308 0.016826923076923076
1 0.4362980769230769 0.4266826923076923 0.019230769230769232 0.04567307692307692
2 0.4387019230769231 0.46033653846153844 0.004807692307692308 0.016826923076923076
2 0.453125 0.7199519230769231 0.004807692307692308 0.028846153846153848
1 0.4543269230769231 0.7584134615384616 0.019230769230769232 0.04807692307692308
2 0.4723557692307692 0.45913461538461536 0.038461538461538464 0.007211538461538462
2 0.4807692307692308 0.5336538461538461 0.01201923076923077 0.004807692307692308
2 0.4855769230769231 0.6225961538461539 0.007211538461538462 0.03365384615384615
1 0.4879807692307692 0.6610576923076923 0.016826923076923076 0.04807692307692308
2 0.4891826923076923 0.6971153846153846 0.007211538461538462 0.021634615384615384
1 0.5096153846153846 0.53125 0.04567307692307692 0.019230769230769232
0 0.5120192307692307 0.5168269230769231 0.4423076923076923 0.5336538461538461
1 0.515625 0.4567307692307692 0.04567307692307692 0.019230769230769232