2 0.5757211538461539 0.38822115384615385 0.19230769230769232 0.0673076923076923
2 0.5973557692307693 0.2980769230769231 0.1971153846153846 0.04567307692307692
2 0.6021634615384616 0.5709134615384616 0.20673076923076922 0.05048076923076923
2 0.6117788461538461 0.4338942307692308 0.1971153846153846 0.0625
2 0.3473557692307692 0.328125 0.18509615384615385 0.02403846153846154
2 0.36538461538461536 0.2644230769230769 0.18269230769230768 0.014423076923076924
2 0.3485576923076923 0.5925480769230769 0.20192307692307693 0.03125
2 0.36538461538461536 0.4567307692307692 0.19230769230769232 0.02403846153846154
1 0.46033653846153844 0.3485576923076923 0.04567307692307692 0.028846153846153848
1 0.47836538461538464 0.27283653846153844 0.04326923076923077 0.019230769230769232
1 0.4735576923076923 0.5853365384615384 0.05048076923076923 0.02403846153846154
1 0.4855769230769231 0.453125 0.04807692307692308 0.021634615384615384