2 0.5841346153846154 0.7668269230769231 0.2283653846153846 0.028846153846153848
2 0.5757211538461539 0.6177884615384616 0.22355769230769232 0.03365384615384615
2 0.5721153846153846 0.45913461538461536 0.22355769230769232 0.028846153846153848
2 0.5841346153846154 0.3329326923076923 0.22115384615384615 0.06009615384615385
2 0.31009615384615385 0.640625 0.20432692307692307 0.038461538461538464
2 0.30649038461538464 0.4483173076923077 0.19951923076923078 0.06009615384615385
2 0.3425480769230769 0.7908653846153846 0.14423076923076922 0.014423076923076924
2 0.32091346153846156 0.28846153846153844 0.20432692307692307 0.07932692307692307
1 0.4423076923076923 0.7788461538461539 0.052884615384615384 0.019230769230769232
1 0.4375 0.6370192307692307 0.052884615384615384 0.021634615384615384
1 0.43509615384615385 0.46153846153846156 0.052884615384615384 0.02403846153846154
1 0.4483173076923077 0.3161057692307692 0.052884615384615384 0.03125