1 0.46274038461538464 0.48197115384615385 0.05048076923076923 0.026442307692307692
2 0.43028846153846156 0.23317307692307693 0.07932692307692307 0.02403846153846154
1 0.4110576923076923 0.7632211538461539 0.055288461538461536 0.026442307692307692
2 0.390625 0.5877403846153846 0.22596153846153846 0.014423076923076924
2 0.38822115384615385 0.6622596153846154 0.21394230769230768 0.06490384615384616
2 0.3473557692307692 0.33653846153846156 0.23557692307692307 0.040865384615384616
2 0.31971153846153844 0.48677884615384615 0.23076923076923078 0.02403846153846154
2 0.27403846153846156 0.7800480769230769 0.21153846153846154 0.026442307692307692
2 0.6622596153846154 0.5901442307692307 0.20673076923076922 0.038461538461538464
2 0.640625 0.25240384615384615 0.21875 0.02403846153846154
2 0.6538461538461539 0.6995192307692307 0.20673076923076922 0.03125
2 0.6310096153846154 0.34134615384615385 0.21875 0.016826923076923076
2 0.5985576923076923 0.4891826923076923 0.21394230769230768 0.03125
2 0.5420673076923077 0.7367788461538461 0.21153846153846154 0.05048076923076923
1 0.5288461538461539 0.5805288461538461 0.052884615384615384 0.026442307692307692
1 0.5240384615384616 0.6887019230769231 0.05048076923076923 0.026442307692307692
1 0.5012019230769231 0.24519230769230768 0.055288461538461536 0.036057692307692304
1 0.4951923076923077 0.3485576923076923 0.052884615384615384 0.02403846153846154