2 0.375 0.6971153846153846 0.2403846153846154 0.052884615384615384
2 0.3605769230769231 0.5528846153846154 0.24519230769230768 0.04326923076923077
2 0.7908653846153846 0.32211538461538464 0.23317307692307693 0.03125
2 0.78125 0.44711538461538464 0.23076923076923078 0.021634615384615384
2 0.6706730769230769 0.6586538461538461 0.23076923076923078 0.026442307692307692
2 0.6586538461538461 0.49759615384615385 0.2283653846153846 0.057692307692307696
1 0.6418269230769231 0.3125 0.055288461538461536 0.026442307692307692
1 0.6370192307692307 0.43990384615384615 0.055288461538461536 0.026442307692307692
1 0.5264423076923077 0.6706730769230769 0.06009615384615385 0.028846153846153848
1 0.5144230769230769 0.5288461538461539 0.06009615384615385 0.028846153846153848
2 0.4855769230769231 0.41346153846153844 0.24519230769230768 0.057692307692307696
2 0.4831730769230769 0.31971153846153844 0.25721153846153844 0.021634615384615384