2 0.6923076923076923 0.3557692307692308 0.03125 0.2692307692307692
2 0.41947115384615385 0.3389423076923077 0.02403846153846154 0.2620192307692308
2 0.5300480769230769 0.33052884615384615 0.06009615384615385 0.2668269230769231
2 0.2800480769230769 0.32211538461538464 0.028846153846153848 0.2620192307692308
2 0.7127403846153846 0.6658653846153846 0.055288461538461536 0.23798076923076922
2 0.3942307692307692 0.6430288461538461 0.040865384615384616 0.23076923076923078
2 0.5288461538461539 0.6430288461538461 0.038461538461538464 0.23557692307692307
2 0.27163461538461536 0.6286057692307693 0.02403846153846154 0.23076923076923078
1 0.6971153846153846 0.5192307692307693 0.028846153846153848 0.057692307692307696
1 0.41586538461538464 0.5 0.026442307692307692 0.057692307692307696
1 0.5456730769230769 0.49399038461538464 0.028846153846153848 0.057692307692307696
1 0.27884615384615385 0.4831730769230769 0.028846153846153848 0.057692307692307696