2 0.4423076923076923 0.47716346153846156 0.002403846153846154 0.007211538461538462
2 0.4423076923076923 0.5084134615384616 0.002403846153846154 0.007211538461538462
1 0.4423076923076923 0.49399038461538464 0.007211538461538462 0.021634615384615384
2 0.4362980769230769 0.5372596153846154 0.019230769230769232 0.002403846153846154
2 0.4338942307692308 0.4483173076923077 0.019230769230769232 0.002403846153846154
1 0.4170673076923077 0.5396634615384616 0.021634615384615384 0.009615384615384616
1 0.41225961538461536 0.4483173076923077 0.019230769230769232 0.009615384615384616
2 0.3954326923076923 0.5408653846153846 0.014423076923076924 0.002403846153846154
2 0.390625 0.4519230769230769 0.021634615384615384 0.002403846153846154
2 0.375 0.53125 0.028846153846153848 0.002403846153846154
2 0.3641826923076923 0.4423076923076923 0.028846153846153848 0.002403846153846154
1 0.3485576923076923 0.53125 0.021634615384615384 0.009615384615384616
1 0.33774038461538464 0.4423076923076923 0.021634615384615384 0.007211538461538462
2 0.32211538461538464 0.5324519230769231 0.028846153846153848 0.002403846153846154
2 0.3161057692307692 0.44350961538461536 0.019230769230769232 0.002403846153846154
2 0.30649038461538464 0.46274038461538464 0.002403846153846154 0.019230769230769232
2 0.30528846153846156 0.5036057692307693 0.002403846153846154 0.021634615384615384
1 0.30528846153846156 0.48197115384615385 0.007211538461538462 0.021634615384615384
0 0.5168269230769231 0.4879807692307692 0.6057692307692307 0.21153846153846154