2 0.44471153846153844 0.22596153846153846 0.2283653846153846 0.019230769230769232
2 0.4375 0.375 0.22355769230769232 0.026442307692307692
2 0.42427884615384615 0.5336538461538461 0.22355769230769232 0.021634615384615384
2 0.39783653846153844 0.6574519230769231 0.22115384615384615 0.052884615384615384
2 0.7043269230769231 0.3798076923076923 0.20432692307692307 0.03125
2 0.6875 0.5709134615384616 0.19951923076923078 0.052884615384615384
2 0.6875 0.22716346153846154 0.14423076923076922 0.009615384615384616
2 0.6550480769230769 0.7295673076923077 0.20192307692307693 0.07211538461538461
1 0.5865384615384616 0.2283653846153846 0.052884615384615384 0.016826923076923076
1 0.5769230769230769 0.3701923076923077 0.05048076923076923 0.021634615384615384
1 0.5612980769230769 0.5456730769230769 0.05048076923076923 0.02403846153846154
1 0.5324519230769231 0.6887019230769231 0.05048076923076923 0.03125