2 0.6033653846153846 0.4423076923076923 0.052884615384615384 0.21153846153846154
2 0.5288461538461539 0.4254807692307692 0.007211538461538462 0.22355769230769232
2 0.38221153846153844 0.41346153846153844 0.016826923076923076 0.22115384615384615
2 0.7475961538461539 0.40625 0.06490384615384616 0.15625
2 0.22596153846153846 0.39903846153846156 0.014423076923076924 0.22115384615384615
2 0.65625 0.6947115384615384 0.040865384615384616 0.19230769230769232
2 0.5336538461538461 0.6899038461538461 0.016826923076923076 0.1971153846153846
2 0.38221153846153844 0.6754807692307693 0.028846153846153848 0.1971153846153846
1 0.6346153846153846 0.5721153846153846 0.02403846153846154 0.05048076923076923
1 0.53125 0.5649038461538461 0.019230769230769232 0.04807692307692308
1 0.3918269230769231 0.5504807692307693 0.021634615384615384 0.05048076923076923
1 0.22355769230769232 0.53125 0.007211538461538462 0.04567307692307692