2 0.5625 0.7379807692307693 0.19951923076923078 0.026442307692307692
2 0.5769230769230769 0.25240384615384615 0.18990384615384615 0.014423076923076924
2 0.5793269230769231 0.38461538461538464 0.1875 0.021634615384615384
2 0.5985576923076923 0.5576923076923077 0.19230769230769232 0.028846153846153848
2 0.31490384615384615 0.7620192307692307 0.19471153846153846 0.016826923076923076
2 0.34134615384615385 0.28365384615384615 0.18028846153846154 0.05048076923076923
2 0.34615384615384615 0.40865384615384615 0.18269230769230768 0.028846153846153848
2 0.3605769230769231 0.5697115384615384 0.18990384615384615 0.01201923076923077
1 0.4375 0.7524038461538461 0.04567307692307692 0.021634615384615384
1 0.4567307692307692 0.25961538461538464 0.04326923076923077 0.019230769230769232
1 0.46153846153846156 0.3942307692307692 0.04567307692307692 0.019230769230769232
1 0.47836538461538464 0.5697115384615384 0.03365384615384615 0.016826923076923076