2 0.39903846153846156 0.40384615384615385 0.06971153846153846 0.24278846153846154
2 0.546875 0.37740384615384615 0.06009615384615385 0.25240384615384615
2 0.6814903846153846 0.8028846153846154 0.036057692307692304 0.23317307692307693
2 0.28846153846153844 0.7391826923076923 0.09375 0.22355769230769232
2 0.4579326923076923 0.7067307692307693 0.040865384615384616 0.23557692307692307
2 0.625 0.6766826923076923 0.07692307692307693 0.2403846153846154
1 0.6838942307692307 0.6514423076923077 0.028846153846153848 0.06490384615384616
1 0.2403846153846154 0.6021634615384616 0.03365384615384615 0.0625
1 0.43509615384615385 0.5540865384615384 0.03125 0.0673076923076923
1 0.5805288461538461 0.5300480769230769 0.03365384615384615 0.055288461538461536
2 0.7019230769230769 0.49399038461538464 0.06971153846153846 0.25240384615384615