2 0.5300480769230769 0.47716346153846156 0.01201923076923077 0.009615384615384616
2 0.5276442307692307 0.5132211538461539 0.01201923076923077 0.009615384615384616
2 0.5300480769230769 0.7043269230769231 0.009615384615384616 0.01201923076923077
2 0.53125 0.7379807692307693 0.009615384615384616 0.014423076923076924
2 0.5745192307692307 0.36177884615384615 0.004807692307692308 0.009615384615384616
2 0.5745192307692307 0.41947115384615385 0.004807692307692308 0.007211538461538462
1 0.5757211538461539 0.390625 0.019230769230769232 0.04807692307692308
1 0.5637019230769231 0.671875 0.021634615384615384 0.04807692307692308
2 0.5709134615384616 0.5204326923076923 0.004807692307692308 0.021634615384615384
1 0.5697115384615384 0.5564903846153846 0.019230769230769232 0.04807692307692308
2 0.5673076923076923 0.6334134615384616 0.007211538461538462 0.03125
2 0.5637019230769231 0.7055288461538461 0.009615384615384616 0.01201923076923077
2 0.5697115384615384 0.5853365384615384 0.004807692307692308 0.009615384615384616
2 0.5925480769230769 0.4230769230769231 0.004807692307692308 0.004807692307692308
2 0.5841346153846154 0.5889423076923077 0.009615384615384616 0.007211538461538462
2 0.5925480769230769 0.4807692307692308 0.004807692307692308 0.007211538461538462
2 0.5877403846153846 0.6274038461538461 0.007211538461538462 0.014423076923076924
2 0.5901442307692307 0.6057692307692307 0.009615384615384616 0.004807692307692308
2 0.5865384615384616 0.7403846153846154 0.007211538461538462 0.009615384615384616
1 0.6153846153846154 0.5901442307692307 0.04807692307692308 0.021634615384615384
1 0.6129807692307693 0.6334134615384616 0.04807692307692308 0.021634615384615384
2 0.6442307692307693 0.5913461538461539 0.007211538461538462 0.004807692307692308
2 0.6442307692307693 0.6298076923076923 0.009615384615384616 0.009615384615384616
2 0.6670673076923077 0.42427884615384615 0.009615384615384616 0.007211538461538462
2 0.6670673076923077 0.48197115384615385 0.007211538461538462 0.004807692307692308
2 0.6526442307692307 0.7487980769230769 0.009615384615384616 0.009615384615384616
2 0.6622596153846154 0.6117788461538461 0.002403846153846154 0.004807692307692308
2 0.40024038461538464 0.24158653846153846 0.11298076923076923 0.02403846153846154
0 0.484375 0.515625 0.4519230769230769 0.5504807692307693
2 0.515625 0.3389423076923077 0.04567307692307692 0.009615384615384616
2 0.5144230769230769 0.3581730769230769 0.04326923076923077 0.009615384615384616