2 0.42427884615384615 0.06129807692307692 0.019230769230769232 0.009615384615384616
2 0.5264423076923077 0.5901442307692307 0.019230769230769232 0.004807692307692308
1 0.49759615384615385 0.59375 0.036057692307692304 0.019230769230769232
2 0.46875 0.5973557692307693 0.021634615384615384 0.007211538461538462
1 0.45552884615384615 0.06370192307692307 0.040865384615384616 0.02403846153846154
2 0.48677884615384615 0.07211538461538461 0.019230769230769232 0.009615384615384616
2 0.5600961538461539 0.7644230769230769 0.004807692307692308 0.01201923076923077
1 0.5637019230769231 0.7860576923076923 0.014423076923076924 0.036057692307692304
2 0.5625 0.8125 0.004807692307692308 0.014423076923076924
2 0.5252403846153846 0.15264423076923078 0.007211538461538462 0.016826923076923076
1 0.5240384615384616 0.1814903846153846 0.019230769230769232 0.040865384615384616
2 0.5276442307692307 0.2091346153846154 0.007211538461538462 0.01201923076923077
1 0.4723557692307692 0.28725961538461536 0.038461538461538464 0.016826923076923076
2 0.4411057692307692 0.28846153846153844 0.02403846153846154 0.01201923076923077
2 0.5084134615384616 0.28725961538461536 0.03125 0.01201923076923077
2 0.5564903846153846 0.39302884615384615 0.009615384615384616 0.03365384615384615
1 0.5588942307692307 0.42908653846153844 0.016826923076923076 0.036057692307692304
2 0.5612980769230769 0.4675480769230769 0.007211538461538462 0.040865384615384616