2 0.4483173076923077 0.546875 0.18990384615384615 0.055288461538461536
2 0.44350961538461536 0.484375 0.19471153846153846 0.040865384615384616
2 0.4362980769230769 0.34615384615384615 0.19230769230769232 0.04567307692307692
2 0.3786057692307692 0.6838942307692307 0.1875 0.07211538461538461
2 0.6766826923076923 0.5985576923076923 0.1875 0.03125
2 0.6814903846153846 0.4519230769230769 0.1875 0.07451923076923077
2 0.6766826923076923 0.32211538461538464 0.18990384615384615 0.052884615384615384
2 0.6057692307692307 0.7512019230769231 0.18509615384615385 0.04567307692307692
1 0.5625 0.5793269230769231 0.04326923076923077 0.021634615384615384
1 0.5637019230769231 0.47836538461538464 0.04567307692307692 0.021634615384615384
1 0.5576923076923077 0.33533653846153844 0.04807692307692308 0.02403846153846154
1 0.49158653846153844 0.7235576923076923 0.04807692307692308 0.021634615384615384