2 0.53125 0.5697115384615384 0.06490384615384616 0.21634615384615385
2 0.38341346153846156 0.5877403846153846 0.09134615384615384 0.20673076923076922
2 0.609375 0.5817307692307693 0.02403846153846154 0.22355769230769232
2 0.7524038461538461 0.5865384615384616 0.028846153846153848 0.22115384615384615
2 0.46634615384615385 0.32211538461538464 0.052884615384615384 0.19471153846153846
2 0.5841346153846154 0.31850961538461536 0.03125 0.19471153846153846
2 0.2980769230769231 0.3425480769230769 0.055288461538461536 0.19951923076923078
2 0.7367788461538461 0.3293269230769231 0.040865384615384616 0.1971153846153846
1 0.4963942307692308 0.43990384615384615 0.02403846153846154 0.05048076923076923
1 0.5949519230769231 0.44471153846153844 0.021634615384615384 0.052884615384615384
1 0.3317307692307692 0.46634615384615385 0.028846153846153848 0.05048076923076923
1 0.7355769230769231 0.4519230769230769 0.021634615384615384 0.052884615384615384