1 0.5240384615384616 0.46274038461538464 0.01201923076923077 0.026442307692307692
2 0.5228365384615384 0.4411057692307692 0.004807692307692308 0.014423076923076924
1 0.5336538461538461 0.7728365384615384 0.028846153846153848 0.01201923076923077
2 0.5600961538461539 0.7692307692307693 0.02403846153846154 0.009615384615384616
2 0.5 0.7716346153846154 0.03365384615384615 0.007211538461538462
2 0.5841346153846154 0.7632211538461539 0.002403846153846154 0.009615384615384616
1 0.5829326923076923 0.7439903846153846 0.01201923076923077 0.028846153846153848
2 0.5817307692307693 0.7175480769230769 0.002403846153846154 0.019230769230769232
2 0.5685096153846154 0.7079326923076923 0.002403846153846154 0.01201923076923077
1 0.5697115384615384 0.6862980769230769 0.01201923076923077 0.028846153846153848
2 0.5661057692307693 0.6622596153846154 0.004807692307692308 0.019230769230769232
2 0.5552884615384616 0.6418269230769231 0.004807692307692308 0.02403846153846154
1 0.5540865384615384 0.6153846153846154 0.01201923076923077 0.026442307692307692
2 0.5528846153846154 0.5889423076923077 0.007211538461538462 0.02403846153846154
2 0.5372596153846154 0.5600961538461539 0.004807692307692308 0.03125
1 0.5372596153846154 0.53125 0.01201923076923077 0.026442307692307692
2 0.5360576923076923 0.5024038461538461 0.004807692307692308 0.03125
2 0.5228365384615384 0.484375 0.002403846153846154 0.016826923076923076
0 0.5108173076923077 0.48197115384615385 0.2860576923076923 0.7403846153846154