2 0.5024038461538461 0.53125 0.016826923076923076 0.004807692307692308
1 0.5216346153846154 0.5324519230769231 0.021634615384615384 0.009615384615384616
2 0.5360576923076923 0.5360576923076923 0.004807692307692308 0.004807692307692308
2 0.5252403846153846 0.5600961538461539 0.009615384615384616 0.004807692307692308
1 0.5072115384615384 0.5612980769230769 0.021634615384615384 0.01201923076923077
2 0.4951923076923077 0.5625 0.004807692307692308 0.002403846153846154
1 0.5096153846153846 0.6117788461538461 0.019230769230769232 0.009615384615384616
2 0.5240384615384616 0.6129807692307693 0.007211538461538462 0.002403846153846154
2 0.49158653846153844 0.6129807692307693 0.007211538461538462 0.002403846153846154
1 0.5348557692307693 0.3173076923076923 0.021634615384615384 0.009615384615384616
2 0.5564903846153846 0.31850961538461536 0.019230769230769232 0.004807692307692308
2 0.515625 0.3161057692307692 0.016826923076923076 0.002403846153846154
2 0.5432692307692307 0.3894230769230769 0.004807692307692308 0.002403846153846154
2 0.515625 0.38822115384615385 0.007211538461538462 0.002403846153846154
1 0.5300480769230769 0.38822115384615385 0.021634615384615384 0.009615384615384616
1 0.5204326923076923 0.453125 0.02403846153846154 0.01201923076923077
2 0.5372596153846154 0.4543269230769231 0.01201923076923077 0.002403846153846154
2 0.5036057692307693 0.4543269230769231 0.009615384615384616 0.002403846153846154
2 0.5336538461538461 0.4951923076923077 0.009615384615384616 0.002403846153846154
1 0.5192307692307693 0.4963942307692308 0.021634615384615384 0.009615384615384616
2 0.5024038461538461 0.4951923076923077 0.009615384615384616 0.002403846153846154
0 0.5144230769230769 0.5012019230769231 0.23317307692307693 0.5721153846153846