1 0.4735576923076923 0.4170673076923077 0.04567307692307692 0.021634615384615384
2 0.4495192307692308 0.7728365384615384 0.019230769230769232 0.009615384615384616
2 0.43509615384615385 0.4206730769230769 0.02403846153846154 0.007211538461538462
1 0.5949519230769231 0.7439903846153846 0.016826923076923076 0.04326923076923077
2 0.5913461538461539 0.7680288461538461 0.007211538461538462 0.007211538461538462
2 0.59375 0.7055288461538461 0.004807692307692308 0.028846153846153848
2 0.5745192307692307 0.7740384615384616 0.009615384615384616 0.019230769230769232
1 0.578125 0.46634615384615385 0.019230769230769232 0.04567307692307692
2 0.5769230769230769 0.5024038461538461 0.004807692307692308 0.021634615384615384
2 0.5769230769230769 0.43028846153846156 0.007211538461538462 0.028846153846153848
2 0.5757211538461539 0.33413461538461536 0.009615384615384616 0.06009615384615385
1 0.5745192307692307 0.27884615384615385 0.021634615384615384 0.04567307692307692
2 0.5745192307692307 0.23798076923076922 0.004807692307692308 0.03365384615384615
2 0.5540865384615384 0.5961538461538461 0.004807692307692308 0.02403846153846154
1 0.5552884615384616 0.5600961538461539 0.021634615384615384 0.04567307692307692
2 0.5540865384615384 0.5216346153846154 0.007211538461538462 0.03125
2 0.5576923076923077 0.3629807692307692 0.002403846153846154 0.016826923076923076
1 0.5564903846153846 0.3918269230769231 0.019230769230769232 0.04567307692307692
2 0.5552884615384616 0.4230769230769231 0.002403846153846154 0.009615384615384616
2 0.5168269230769231 0.7728365384615384 0.01201923076923077 0.007211538461538462
2 0.5180288461538461 0.6862980769230769 0.007211538461538462 0.028846153846153848
1 0.5168269230769231 0.6502403846153846 0.019230769230769232 0.04807692307692308
2 0.5180288461538461 0.6117788461538461 0.007211538461538462 0.026442307692307692
2 0.5096153846153846 0.4182692307692308 0.021634615384615384 0.009615384615384616
1 0.4855769230769231 0.7716346153846154 0.04567307692307692 0.019230769230769232
0 0.4831730769230769 0.5 0.44711538461538464 0.5769230769230769