2 0.4014423076923077 0.4266826923076923 0.004807692307692308 0.01201923076923077
1 0.40024038461538464 0.45072115384615385 0.014423076923076924 0.036057692307692304
2 0.40024038461538464 0.47716346153846156 0.004807692307692308 0.01201923076923077
2 0.3858173076923077 0.5252403846153846 0.03365384615384615 0.002403846153846154
2 0.3894230769230769 0.3762019230769231 0.03365384615384615 0.007211538461538462
1 0.34975961538461536 0.5240384615384616 0.036057692307692304 0.016826923076923076
1 0.35336538461538464 0.37259615384615385 0.036057692307692304 0.016826923076923076
2 0.31850961538461536 0.5252403846153846 0.026442307692307692 0.004807692307692308
2 0.3173076923076923 0.3762019230769231 0.03365384615384615 0.002403846153846154
2 0.28365384615384615 0.5048076923076923 0.05048076923076923 0.007211538461538462
2 0.27403846153846156 0.35697115384615385 0.052884615384615384 0.009615384615384616
1 0.2403846153846154 0.5048076923076923 0.038461538461538464 0.016826923076923076
1 0.23076923076923078 0.35336538461538464 0.038461538461538464 0.016826923076923076
2 0.19471153846153846 0.5036057692307693 0.04807692307692308 0.007211538461538462
2 0.19471153846153846 0.3545673076923077 0.03125 0.004807692307692308
2 0.17427884615384615 0.38461538461538464 0.007211538461538462 0.03125
2 0.16947115384615385 0.4543269230769231 0.007211538461538462 0.03365384615384615
1 0.17067307692307693 0.4182692307692308 0.016826923076923076 0.036057692307692304
0 0.5060096153846154 0.44591346153846156 0.9879807692307693 0.36778846153846156