1 0.4519230769230769 0.41586538461538464 0.052884615384615384 0.02403846153846154
1 0.3942307692307692 0.7067307692307693 0.057692307692307696 0.028846153846153848
2 0.375 0.5240384615384616 0.23317307692307693 0.009615384615384616
2 0.37259615384615385 0.6033653846153846 0.22115384615384615 0.06009615384615385
2 0.3389423076923077 0.25721153846153844 0.24278846153846154 0.03365384615384615
2 0.30528846153846156 0.41586538461538464 0.2403846153846154 0.019230769230769232
2 0.25240384615384615 0.7235576923076923 0.22355769230769232 0.026442307692307692
2 0.65625 0.5360576923076923 0.21875 0.03365384615384615
2 0.6466346153846154 0.6490384615384616 0.21394230769230768 0.026442307692307692
2 0.6322115384615384 0.27163461538461536 0.23076923076923078 0.014423076923076924
2 0.59375 0.4254807692307692 0.22355769230769232 0.026442307692307692
2 0.5288461538461539 0.6850961538461539 0.21394230769230768 0.04567307692307692
1 0.5216346153846154 0.5216346153846154 0.055288461538461536 0.02403846153846154
1 0.5120192307692307 0.6322115384615384 0.052884615384615384 0.026442307692307692
1 0.4879807692307692 0.27163461538461536 0.055288461538461536 0.026442307692307692