2 0.4375 0.23197115384615385 0.1346153846153846 0.026442307692307692
2 0.4326923076923077 0.53125 0.1875 0.021634615384615384
2 0.43509615384615385 0.6081730769230769 0.1658653846153846 0.10336538461538461
2 0.40024038461538464 0.3918269230769231 0.19471153846153846 0.05048076923076923
2 0.3918269230769231 0.7055288461538461 0.1778846153846154 0.0889423076923077
2 0.6478365384615384 0.23677884615384615 0.18509615384615385 0.04326923076923077
2 0.6598557692307693 0.5180288461538461 0.1778846153846154 0.02403846153846154
2 0.6286057692307693 0.3317307692307692 0.18269230769230768 0.057692307692307696
2 0.6466346153846154 0.6995192307692307 0.16346153846153846 0.09375
1 0.53125 0.23076923076923078 0.04567307692307692 0.019230769230769232
1 0.5492788461538461 0.5228365384615384 0.04326923076923077 0.021634615384615384
2 0.5637019230769231 0.7608173076923077 0.07692307692307693 0.036057692307692304
1 0.5420673076923077 0.6586538461538461 0.04567307692307692 0.03125
1 0.5168269230769231 0.3641826923076923 0.04567307692307692 0.02403846153846154
1 0.5024038461538461 0.7403846153846154 0.04326923076923077 0.028846153846153848