2 0.4375 0.6057692307692307 0.01201923076923077 0.004807692307692308
1 0.46153846153846156 0.6033653846153846 0.036057692307692304 0.014423076923076924
2 0.4879807692307692 0.6021634615384616 0.01201923076923077 0.004807692307692308
2 0.5360576923076923 0.6105769230769231 0.004807692307692308 0.03365384615384615
2 0.38822115384615385 0.6237980769230769 0.009615384615384616 0.03365384615384615
1 0.5396634615384616 0.6466346153846154 0.016826923076923076 0.036057692307692304
1 0.38822115384615385 0.6598557692307693 0.016826923076923076 0.036057692307692304
2 0.5432692307692307 0.6778846153846154 0.007211538461538462 0.026442307692307692
2 0.3954326923076923 0.6947115384615384 0.004807692307692308 0.03365384615384615
2 0.5276442307692307 0.7151442307692307 0.007211538461538462 0.05048076923076923
2 0.38221153846153844 0.7391826923076923 0.01201923076923077 0.052884615384615384
1 0.5324519230769231 0.7584134615384616 0.016826923076923076 0.038461538461538464
1 0.38221153846153844 0.7824519230769231 0.016826923076923076 0.038461538461538464
2 0.5360576923076923 0.8040865384615384 0.007211538461538462 0.04807692307692308
2 0.3870192307692308 0.8185096153846154 0.007211538461538462 0.03125
2 0.41947115384615385 0.8353365384615384 0.03125 0.009615384615384616
2 0.4891826923076923 0.8329326923076923 0.03365384615384615 0.009615384615384616
1 0.453125 0.8353365384615384 0.036057692307692304 0.016826923076923076
0 0.44591346153846156 0.4987980769230769 0.4014423076923077 0.9975961538461539