2 0.53125 0.46875 0.004807692307692308 0.021634615384615384
2 0.5204326923076923 0.4483173076923077 0.007211538461538462 0.021634615384615384
1 0.5192307692307693 0.42427884615384615 0.009615384615384616 0.02403846153846154
2 0.5192307692307693 0.4026442307692308 0.004807692307692308 0.019230769230769232
2 0.5360576923076923 0.3894230769230769 0.002403846153846154 0.007211538461538462
1 0.5372596153846154 0.37259615384615385 0.009615384615384616 0.02403846153846154
2 0.5360576923076923 0.3557692307692308 0.002403846153846154 0.007211538461538462
2 0.5516826923076923 0.3425480769230769 0.004807692307692308 0.021634615384615384
1 0.5528846153846154 0.31850961538461536 0.009615384615384616 0.02403846153846154
2 0.5504807692307693 0.2920673076923077 0.004807692307692308 0.028846153846153848
2 0.5204326923076923 0.27403846153846156 0.002403846153846154 0.014423076923076924
1 0.5192307692307693 0.2548076923076923 0.009615384615384616 0.02403846153846154
2 0.5180288461538461 0.23557692307692307 0.002403846153846154 0.014423076923076924
2 0.5384615384615384 0.7403846153846154 0.002403846153846154 0.01201923076923077
1 0.5372596153846154 0.7211538461538461 0.009615384615384616 0.021634615384615384
2 0.5360576923076923 0.7019230769230769 0.002403846153846154 0.014423076923076924
2 0.5637019230769231 0.6959134615384616 0.002403846153846154 0.007211538461538462
1 0.5637019230769231 0.6790865384615384 0.009615384615384616 0.021634615384615384
2 0.5625 0.6622596153846154 0.002403846153846154 0.01201923076923077
2 0.5420673076923077 0.6538461538461539 0.007211538461538462 0.019230769230769232
1 0.5432692307692307 0.6322115384615384 0.009615384615384616 0.021634615384615384
2 0.5420673076923077 0.6129807692307693 0.002403846153846154 0.016826923076923076
2 0.546875 0.5877403846153846 0.004807692307692308 0.028846153846153848
1 0.5480769230769231 0.5612980769230769 0.009615384615384616 0.021634615384615384
2 0.5456730769230769 0.5348557692307693 0.004807692307692308 0.028846153846153848
2 0.5348557692307693 0.5120192307692307 0.004807692307692308 0.019230769230769232
0 0.5048076923076923 0.5024038461538461 0.2548076923076923 0.6370192307692307
1 0.5336538461538461 0.49038461538461536 0.009615384615384616 0.019230769230769232