2 0.4543269230769231 0.44711538461538464 0.06009615384615385 0.18990384615384615
2 0.5168269230769231 0.44350961538461536 0.04326923076923077 0.19471153846153846
2 0.6550480769230769 0.4387019230769231 0.05048076923076923 0.19230769230769232
2 0.3173076923076923 0.375 0.07692307692307693 0.1875
2 0.39783653846153844 0.6742788461538461 0.036057692307692304 0.1875
2 0.5444711538461539 0.6826923076923077 0.07932692307692307 0.1875
2 0.6754807692307693 0.6790865384615384 0.057692307692307696 0.18990384615384615
2 0.24759615384615385 0.6009615384615384 0.05048076923076923 0.18509615384615385
1 0.41947115384615385 0.5600961538461539 0.021634615384615384 0.04326923076923077
1 0.5204326923076923 0.5649038461538461 0.02403846153846154 0.04567307692307692
1 0.6634615384615384 0.5600961538461539 0.026442307692307692 0.04807692307692308
1 0.2764423076923077 0.4879807692307692 0.02403846153846154 0.04807692307692308