2 0.4423076923076923 0.42908653846153844 0.02403846153846154 0.19230769230769232
2 0.6598557692307693 0.39302884615384615 0.04807692307692308 0.1971153846153846
2 0.28966346153846156 0.36778846153846156 0.026442307692307692 0.18269230769230768
2 0.7728365384615384 0.38221153846153844 0.03365384615384615 0.20432692307692307
2 0.4326923076923077 0.6658653846153846 0.019230769230769232 0.18990384615384615
2 0.6225961538461539 0.6382211538461539 0.02403846153846154 0.19471153846153846
2 0.7487980769230769 0.6334134615384616 0.028846153846153848 0.1971153846153846
2 0.2668269230769231 0.5973557692307693 0.028846153846153848 0.1778846153846154
1 0.4411057692307692 0.5492788461538461 0.021634615384615384 0.04326923076923077
1 0.6310096153846154 0.5168269230769231 0.019230769230769232 0.04567307692307692
1 0.2848557692307692 0.48197115384615385 0.016826923076923076 0.04326923076923077
1 0.7548076923076923 0.5084134615384616 0.019230769230769232 0.04567307692307692