1 0.6262019230769231 0.47115384615384615 0.026442307692307692 0.052884615384615384
2 0.7788461538461539 0.4423076923076923 0.009615384615384616 0.08173076923076923
1 0.32572115384615385 0.40024038461538464 0.028846153846153848 0.05048076923076923
2 0.5180288461538461 0.3870192307692308 0.016826923076923076 0.2403846153846154
2 0.4338942307692308 0.38461538461538464 0.0673076923076923 0.23076923076923078
2 0.6286057692307693 0.31971153846153844 0.03125 0.24278846153846154
2 0.3137019230769231 0.25721153846153844 0.03365384615384615 0.23076923076923078
2 0.4963942307692308 0.6778846153846154 0.036057692307692304 0.22596153846153846
2 0.38100961538461536 0.6646634615384616 0.03125 0.21875
2 0.7704326923076923 0.6610576923076923 0.016826923076923076 0.23798076923076922
2 0.6141826923076923 0.6141826923076923 0.03125 0.23076923076923078
2 0.3473557692307692 0.5408653846153846 0.055288461538461536 0.22115384615384615
1 0.515625 0.5360576923076923 0.026442307692307692 0.05048076923076923
1 0.40024038461538464 0.5252403846153846 0.028846153846153848 0.052884615384615384
1 0.7716346153846154 0.5120192307692307 0.019230769230769232 0.052884615384615384