1 0.46875 0.2980769230769231 0.04567307692307692 0.019230769230769232
2 0.46153846153846156 0.6538461538461539 0.019230769230769232 0.007211538461538462
2 0.4423076923076923 0.7259615384615384 0.04326923076923077 0.009615384615384616
2 0.43028846153846156 0.3004807692307692 0.028846153846153848 0.007211538461538462
1 0.5985576923076923 0.6201923076923077 0.016826923076923076 0.04567307692307692
2 0.5985576923076923 0.6442307692307693 0.004807692307692308 0.004807692307692308
2 0.5961538461538461 0.5817307692307693 0.007211538461538462 0.02403846153846154
1 0.5841346153846154 0.6850961538461539 0.019230769230769232 0.04807692307692308
2 0.5841346153846154 0.7163461538461539 0.007211538461538462 0.014423076923076924
2 0.5841346153846154 0.6514423076923077 0.009615384615384616 0.019230769230769232
1 0.5745192307692307 0.34615384615384615 0.016826923076923076 0.04567307692307692
2 0.5721153846153846 0.38221153846153844 0.007211538461538462 0.02403846153846154
2 0.5721153846153846 0.3076923076923077 0.007211538461538462 0.02403846153846154
2 0.5649038461538461 0.23076923076923078 0.002403846153846154 0.021634615384615384
2 0.5649038461538461 0.7788461538461539 0.004807692307692308 0.002403846153846154
1 0.5625 0.7572115384615384 0.014423076923076924 0.04326923076923077
2 0.5625 0.7235576923076923 0.004807692307692308 0.019230769230769232
2 0.5552884615384616 0.47596153846153844 0.004807692307692308 0.02403846153846154
1 0.5552884615384616 0.43990384615384615 0.019230769230769232 0.04807692307692308
2 0.5504807692307693 0.4014423076923077 0.004807692307692308 0.026442307692307692
2 0.5504807692307693 0.23798076923076922 0.002403846153846154 0.014423076923076924
1 0.5504807692307693 0.2692307692307692 0.016826923076923076 0.04807692307692308
2 0.5480769230769231 0.2980769230769231 0.002403846153846154 0.009615384615384616
2 0.5288461538461539 0.7211538461538461 0.036057692307692304 0.01201923076923077
2 0.5240384615384616 0.6490384615384616 0.01201923076923077 0.007211538461538462
2 0.5216346153846154 0.5649038461538461 0.007211538461538462 0.028846153846153848
1 0.5192307692307693 0.5288461538461539 0.014423076923076924 0.040865384615384616
2 0.5192307692307693 0.4951923076923077 0.004807692307692308 0.02403846153846154
2 0.5048076923076923 0.2980769230769231 0.026442307692307692 0.007211538461538462
1 0.49278846153846156 0.6538461538461539 0.04326923076923077 0.019230769230769232
0 0.4879807692307692 0.5 0.4254807692307692 0.5625
1 0.4879807692307692 0.7259615384615384 0.04567307692307692 0.016826923076923076