2 0.23317307692307693 0.47716346153846156 0.03125 0.24519230769230768
2 0.3389423076923077 0.421875 0.10096153846153846 0.24519230769230768
2 0.7055288461538461 0.390625 0.0889423076923077 0.24519230769230768
2 0.5793269230769231 0.35336538461538464 0.07451923076923077 0.25240384615384615
2 0.25 0.7560096153846154 0.03365384615384615 0.1971153846153846
2 0.4495192307692308 0.6971153846153846 0.09134615384615384 0.21875
2 0.6045673076923077 0.6502403846153846 0.06009615384615385 0.2283653846153846
2 0.7800480769230769 0.5841346153846154 0.02403846153846154 0.04567307692307692
1 0.2439903846153846 0.6286057692307693 0.026442307692307692 0.055288461538461536
1 0.7560096153846154 0.5360576923076923 0.038461538461538464 0.055288461538461536
1 0.3942307692307692 0.5649038461538461 0.038461538461538464 0.052884615384615384
1 0.6141826923076923 0.5048076923076923 0.03125 0.055288461538461536