2 0.6189903846153846 0.2764423076923077 0.15625 0.10576923076923077
1 0.5973557692307693 0.5228365384615384 0.04567307692307692 0.03125
2 0.578125 0.7403846153846154 0.12740384615384615 0.10336538461538461
1 0.7091346153846154 0.33774038461538464 0.04567307692307692 0.036057692307692304
2 0.6947115384615384 0.5841346153846154 0.17067307692307693 0.10576923076923077
2 0.8028846153846154 0.40625 0.15865384615384615 0.11298076923076923
2 0.8665865384615384 0.31490384615384615 0.125 0.13942307692307693
2 0.32091346153846156 0.7524038461538461 0.03365384615384615 0.028846153846153848
2 0.4050480769230769 0.6177884615384616 0.1658653846153846 0.10817307692307693
2 0.4951923076923077 0.4735576923076923 0.17307692307692307 0.08173076923076923
1 0.5012019230769231 0.6814903846153846 0.04326923076923077 0.03125