2 0.2608173076923077 0.5973557692307693 0.1778846153846154 0.057692307692307696
2 0.28365384615384615 0.25600961538461536 0.1875 0.021634615384615384
2 0.28125 0.3713942307692308 0.18509615384615385 0.038461538461538464
2 0.3173076923076923 0.765625 0.0889423076923077 0.02403846153846154
1 0.3762019230769231 0.5649038461538461 0.04807692307692308 0.026442307692307692
1 0.38461538461538464 0.7548076923076923 0.04567307692307692 0.021634615384615384
1 0.39903846153846156 0.35697115384615385 0.04567307692307692 0.019230769230769232
1 0.4014423076923077 0.2512019230769231 0.04807692307692308 0.019230769230769232
2 0.49278846153846156 0.5336538461538461 0.18509615384615385 0.0625
2 0.5072115384615384 0.75 0.19471153846153846 0.019230769230769232
2 0.5216346153846154 0.34615384615384615 0.1971153846153846 0.02403846153846154
2 0.5264423076923077 0.23798076923076922 0.1971153846153846 0.03365384615384615