2 0.5252403846153846 0.4423076923076923 0.007211538461538462 0.002403846153846154
2 0.49399038461538464 0.4423076923076923 0.007211538461538462 0.002403846153846154
1 0.5084134615384616 0.4423076923076923 0.021634615384615384 0.007211538461538462
2 0.4651442307692308 0.4338942307692308 0.002403846153846154 0.019230769230769232
2 0.5540865384615384 0.4362980769230769 0.002403846153846154 0.019230769230769232
1 0.46274038461538464 0.41466346153846156 0.009615384615384616 0.021634615384615384
1 0.5540865384615384 0.41466346153846156 0.009615384615384616 0.019230769230769232
2 0.4639423076923077 0.39302884615384615 0.002403846153846154 0.014423076923076924
2 0.5528846153846154 0.39302884615384615 0.002403846153846154 0.021634615384615384
2 0.4735576923076923 0.375 0.002403846153846154 0.028846153846153848
2 0.5625 0.36658653846153844 0.002403846153846154 0.028846153846153848
1 0.4735576923076923 0.3485576923076923 0.009615384615384616 0.021634615384615384
1 0.5625 0.3401442307692308 0.007211538461538462 0.021634615384615384
2 0.47475961538461536 0.32211538461538464 0.002403846153846154 0.028846153846153848
2 0.5637019230769231 0.31850961538461536 0.002403846153846154 0.019230769230769232
2 0.5444711538461539 0.3088942307692308 0.019230769230769232 0.002403846153846154
2 0.5036057692307693 0.30528846153846156 0.021634615384615384 0.002403846153846154
1 0.5252403846153846 0.30528846153846156 0.021634615384615384 0.007211538461538462
0 0.5120192307692307 0.5168269230769231 0.21153846153846154 0.6057692307692307