2 0.7716346153846154 0.46875 0.007211538461538462 0.22115384615384615
2 0.6514423076923077 0.45913461538461536 0.04567307692307692 0.21634615384615385
2 0.5096153846153846 0.4182692307692308 0.055288461538461536 0.22115384615384615
2 0.33653846153846156 0.38461538461538464 0.1201923076923077 0.20192307692307693
2 0.7475961538461539 0.7307692307692307 0.04326923076923077 0.19471153846153846
2 0.59375 0.7211538461538461 0.057692307692307696 0.20192307692307693
2 0.4182692307692308 0.6730769230769231 0.10336538461538461 0.18990384615384615
1 0.7692307692307693 0.6057692307692307 0.021634615384615384 0.052884615384615384
1 0.625 0.59375 0.026442307692307692 0.05048076923076923
2 0.23317307692307693 0.5600961538461539 0.03125 0.05048076923076923
1 0.47596153846153844 0.5528846153846154 0.03365384615384615 0.05048076923076923
1 0.2644230769230769 0.5120192307692307 0.036057692307692304 0.04807692307692308