2 0.4026442307692308 0.40024038461538464 0.0625 0.2403846153846154
2 0.5504807692307693 0.3786057692307692 0.052884615384615384 0.25
2 0.671875 0.8100961538461539 0.028846153846153848 0.23317307692307693
2 0.2800480769230769 0.7319711538461539 0.08653846153846154 0.22115384615384615
2 0.45072115384615385 0.7055288461538461 0.03365384615384615 0.23557692307692307
2 0.6189903846153846 0.6802884615384616 0.06971153846153846 0.23798076923076922
1 0.6778846153846154 0.6574519230769231 0.026442307692307692 0.0625
1 0.23677884615384615 0.59375 0.03125 0.06009615384615385
1 0.4338942307692308 0.5516826923076923 0.028846153846153848 0.06490384615384616
1 0.5793269230769231 0.5324519230769231 0.03125 0.052884615384615384
2 0.7019230769230769 0.5012019230769231 0.0625 0.25