1 0.7007211538461539 0.5168269230769231 0.026442307692307692 0.052884615384615384
2 0.47115384615384615 0.6105769230769231 0.07692307692307693 0.21394230769230768
2 0.5757211538461539 0.6153846153846154 0.052884615384615384 0.21153846153846154
2 0.4266826923076923 0.6574519230769231 0.07692307692307693 0.21634615384615385
2 0.2692307692307692 0.6730769230769231 0.0673076923076923 0.22355769230769232
2 0.703125 0.6478365384615384 0.026442307692307692 0.20432692307692307
2 0.5036057692307693 0.34975961538461536 0.028846153846153848 0.19951923076923078
2 0.5793269230769231 0.359375 0.021634615384615384 0.20192307692307693
2 0.36538461538461536 0.3942307692307692 0.036057692307692304 0.21153846153846154
2 0.7043269230769231 0.39663461538461536 0.040865384615384616 0.19471153846153846
2 0.22115384615384615 0.47596153846153844 0.014423076923076924 0.06490384615384616
1 0.4987980769230769 0.47596153846153844 0.03125 0.052884615384615384
1 0.5853365384615384 0.48677884615384615 0.026442307692307692 0.05048076923076923
1 0.23557692307692307 0.5348557692307693 0.03125 0.06009615384615385
1 0.38100961538461536 0.5252403846153846 0.028846153846153848 0.05048076923076923