2 0.3641826923076923 0.5480769230769231 0.06971153846153846 0.17548076923076922
2 0.6346153846153846 0.5721153846153846 0.040865384615384616 0.1778846153846154
2 0.5360576923076923 0.5685096153846154 0.036057692307692304 0.18028846153846154
2 0.7199519230769231 0.5913461538461539 0.03125 0.18028846153846154
2 0.29927884615384615 0.3317307692307692 0.0673076923076923 0.17067307692307693
2 0.6129807692307693 0.3473557692307692 0.028846153846153848 0.17307692307692307
2 0.5096153846153846 0.3485576923076923 0.04807692307692308 0.17548076923076922
2 0.75 0.3737980769230769 0.03125 0.17067307692307693
1 0.3317307692307692 0.4362980769230769 0.026442307692307692 0.040865384615384616
1 0.6213942307692307 0.45913461538461536 0.019230769230769232 0.040865384615384616
1 0.5252403846153846 0.4579326923076923 0.021634615384615384 0.038461538461538464
1 0.734375 0.48197115384615385 0.019230769230769232 0.040865384615384616