1 0.5516826923076923 0.4230769230769231 0.052884615384615384 0.026442307692307692
1 0.5336538461538461 0.7788461538461539 0.052884615384615384 0.009615384615384616
2 0.6370192307692307 0.3269230769230769 0.22596153846153846 0.021634615384615384
2 0.6454326923076923 0.2548076923076923 0.21153846153846154 0.06971153846153846
2 0.6370192307692307 0.6923076923076923 0.23557692307692307 0.07692307692307693
2 0.6502403846153846 0.5757211538461539 0.23798076923076922 0.04807692307692308
2 0.6959134615384616 0.43028846153846156 0.22596153846153846 0.028846153846153848
2 0.6838942307692307 0.7524038461538461 0.2403846153846154 0.0889423076923077
2 0.36658653846153844 0.2980769230769231 0.21153846153846154 0.04326923076923077
2 0.35336538461538464 0.6298076923076923 0.22596153846153846 0.028846153846153848
2 0.36778846153846156 0.5432692307692307 0.22115384615384615 0.021634615384615384
2 0.4182692307692308 0.40384615384615385 0.21394230769230768 0.040865384615384616
1 0.4951923076923077 0.31971153846153844 0.05048076923076923 0.026442307692307692
1 0.5120192307692307 0.22115384615384615 0.052884615384615384 0.007211538461538462
1 0.4891826923076923 0.6514423076923077 0.06009615384615385 0.036057692307692304
1 0.5072115384615384 0.5504807692307693 0.05048076923076923 0.026442307692307692