2 0.5625 0.5516826923076923 0.19951923076923078 0.06009615384615385
2 0.5588942307692307 0.38822115384615385 0.1971153846153846 0.057692307692307696
2 0.5985576923076923 0.7644230769230769 0.08413461538461539 0.026442307692307692
2 0.6009615384615384 0.2704326923076923 0.1971153846153846 0.055288461538461536
2 0.26802884615384615 0.7067307692307693 0.20192307692307693 0.021634615384615384
2 0.3137019230769231 0.5288461538461539 0.1971153846153846 0.036057692307692304
2 0.31009615384615385 0.3701923076923077 0.1971153846153846 0.021634615384615384
2 0.35697115384615385 0.24519230769230768 0.19471153846153846 0.036057692307692304
1 0.39302884615384615 0.7055288461538461 0.040865384615384616 0.019230769230769232
1 0.4362980769230769 0.5348557692307693 0.04567307692307692 0.021634615384615384
1 0.43509615384615385 0.36899038461538464 0.04807692307692308 0.026442307692307692
1 0.4795673076923077 0.2536057692307692 0.04567307692307692 0.021634615384615384
2 0.5180288461538461 0.7103365384615384 0.20432692307692307 0.04326923076923077