2 0.5564903846153846 0.4567307692307692 0.004807692307692308 0.026442307692307692
2 0.546875 0.4266826923076923 0.007211538461538462 0.026442307692307692
1 0.5504807692307693 0.39783653846153844 0.014423076923076924 0.028846153846153848
2 0.5516826923076923 0.3713942307692308 0.004807692307692308 0.02403846153846154
2 0.5769230769230769 0.359375 0.002403846153846154 0.009615384615384616
1 0.5817307692307693 0.3401442307692308 0.01201923076923077 0.028846153846153848
2 0.5805288461538461 0.31850961538461536 0.004807692307692308 0.009615384615384616
2 0.6069711538461539 0.30408653846153844 0.004807692307692308 0.028846153846153848
1 0.6117788461538461 0.27524038461538464 0.01201923076923077 0.028846153846153848
2 0.6117788461538461 0.24158653846153846 0.004807692307692308 0.03365384615384615
2 0.578125 0.21514423076923078 0.004807692307692308 0.016826923076923076
1 0.5829326923076923 0.18870192307692307 0.01201923076923077 0.028846153846153848
2 0.5829326923076923 0.16466346153846154 0.004807692307692308 0.014423076923076924
2 0.5132211538461539 0.7908653846153846 0.004807692307692308 0.014423076923076924
1 0.5180288461538461 0.7692307692307693 0.01201923076923077 0.026442307692307692
2 0.5192307692307693 0.7475961538461539 0.004807692307692308 0.016826923076923076
2 0.5540865384615384 0.7415865384615384 0.002403846153846154 0.007211538461538462
1 0.5552884615384616 0.7223557692307693 0.01201923076923077 0.026442307692307692
2 0.5552884615384616 0.7007211538461539 0.004807692307692308 0.014423076923076924
2 0.5372596153846154 0.6862980769230769 0.007211538461538462 0.021634615384615384
1 0.5396634615384616 0.6598557692307693 0.01201923076923077 0.026442307692307692
2 0.5408653846153846 0.6334134615384616 0.004807692307692308 0.02403846153846154
2 0.5528846153846154 0.6081730769230769 0.004807692307692308 0.036057692307692304
1 0.5588942307692307 0.5721153846153846 0.01201923076923077 0.026442307692307692
2 0.5588942307692307 0.5408653846153846 0.004807692307692308 0.03365384615384615
2 0.5492788461538461 0.5120192307692307 0.004807692307692308 0.02403846153846154
0 0.5192307692307693 0.49399038461538464 0.3269230769230769 0.7908653846153846
1 0.5540865384615384 0.4831730769230769 0.01201923076923077 0.026442307692307692