2 0.46875 0.5036057692307693 0.004807692307692308 0.016826923076923076
1 0.4675480769230769 0.5228365384615384 0.007211538461538462 0.021634615384615384
2 0.4639423076923077 0.5360576923076923 0.004807692307692308 0.004807692307692308
2 0.4411057692307692 0.5252403846153846 0.004807692307692308 0.009615384615384616
1 0.43990384615384615 0.5084134615384616 0.009615384615384616 0.021634615384615384
2 0.4375 0.4963942307692308 0.002403846153846154 0.004807692307692308
1 0.38822115384615385 0.5108173076923077 0.007211538461538462 0.019230769230769232
2 0.38822115384615385 0.5252403846153846 0.002403846153846154 0.007211538461538462
2 0.3870192307692308 0.49399038461538464 0.002403846153846154 0.007211538461538462
1 0.6838942307692307 0.53125 0.007211538461538462 0.021634615384615384
2 0.6826923076923077 0.5528846153846154 0.002403846153846154 0.019230769230769232
2 0.6850961538461539 0.5120192307692307 0.002403846153846154 0.016826923076923076
2 0.6105769230769231 0.5420673076923077 0.002403846153846154 0.004807692307692308
2 0.6129807692307693 0.5132211538461539 0.002403846153846154 0.007211538461538462
1 0.6117788461538461 0.5276442307692307 0.007211538461538462 0.021634615384615384
1 0.546875 0.5192307692307693 0.01201923076923077 0.02403846153846154
2 0.5456730769230769 0.5360576923076923 0.002403846153846154 0.01201923076923077
2 0.5456730769230769 0.5024038461538461 0.002403846153846154 0.009615384615384616
2 0.5060096153846154 0.5336538461538461 0.002403846153846154 0.009615384615384616
1 0.5036057692307693 0.5192307692307693 0.007211538461538462 0.021634615384615384
2 0.5048076923076923 0.5024038461538461 0.002403846153846154 0.009615384615384616
0 0.4987980769230769 0.5144230769230769 0.5697115384615384 0.22355769230769232