2 0.5649038461538461 0.4723557692307692 0.07451923076923077 0.1971153846153846
2 0.4639423076923077 0.4699519230769231 0.021634615384615384 0.20673076923076922
2 0.6742788461538461 0.44591346153846156 0.06490384615384616 0.20192307692307693
2 0.26802884615384615 0.453125 0.057692307692307696 0.1971153846153846
2 0.4795673076923077 0.71875 0.016826923076923076 0.1971153846153846
2 0.6358173076923077 0.7115384615384616 0.057692307692307696 0.18990384615384615
2 0.7512019230769231 0.6850961538461539 0.06971153846153846 0.18509615384615385
2 0.23076923076923078 0.6442307692307693 0.021634615384615384 0.07211538461538461
1 0.4723557692307692 0.5961538461538461 0.016826923076923076 0.04567307692307692
1 0.6021634615384616 0.5925480769230769 0.026442307692307692 0.04567307692307692
1 0.24158653846153846 0.5793269230769231 0.02403846153846154 0.052884615384615384
1 0.7103365384615384 0.5709134615384616 0.026442307692307692 0.04326923076923077