2 0.47716346153846156 0.4230769230769231 0.20432692307692307 0.03125
2 0.4723557692307692 0.32211538461538464 0.19230769230769232 0.08653846153846154
2 0.47836538461538464 0.6201923076923077 0.20432692307692307 0.040865384615384616
2 0.3918269230769231 0.23798076923076922 0.10096153846153846 0.036057692307692304
2 0.7283653846153846 0.39302884615384615 0.1971153846153846 0.026442307692307692
2 0.7307692307692307 0.6598557692307693 0.19230769230769232 0.040865384615384616
2 0.6947115384615384 0.24158653846153846 0.15625 0.052884615384615384
2 0.6971153846153846 0.7584134615384616 0.19471153846153846 0.040865384615384616
1 0.6045673076923077 0.40625 0.04807692307692308 0.019230769230769232
1 0.6057692307692307 0.6370192307692307 0.05048076923076923 0.019230769230769232
1 0.5925480769230769 0.27524038461538464 0.04807692307692308 0.028846153846153848
1 0.5745192307692307 0.7752403846153846 0.05048076923076923 0.009615384615384616