2 0.3425480769230769 0.5552884615384616 0.06009615384615385 0.21153846153846154
2 0.41947115384615385 0.5709134615384616 0.014423076923076924 0.2283653846153846
2 0.5637019230769231 0.5805288461538461 0.021634615384615384 0.22115384615384615
2 0.7199519230769231 0.5997596153846154 0.02403846153846154 0.22115384615384615
2 0.2920673076923077 0.3016826923076923 0.04326923076923077 0.18990384615384615
2 0.41466346153846156 0.30649038461538464 0.016826923076923076 0.1971153846153846
2 0.5661057692307693 0.32091346153846156 0.026442307692307692 0.19951923076923078
2 0.7524038461538461 0.34375 0.04567307692307692 0.18990384615384615
1 0.3137019230769231 0.421875 0.02403846153846154 0.04567307692307692
1 0.4170673076923077 0.43149038461538464 0.021634615384615384 0.05048076923076923
1 0.5564903846153846 0.44591346153846156 0.021634615384615384 0.04807692307692308
1 0.7295673076923077 0.46274038461538464 0.021634615384615384 0.05048076923076923