2 0.44350961538461536 0.45552884615384615 0.14903846153846154 0.06490384615384616
2 0.4326923076923077 0.5012019230769231 0.16105769230769232 0.01201923076923077
2 0.6862980769230769 0.5925480769230769 0.15384615384615385 0.028846153846153848
2 0.6778846153846154 0.7463942307692307 0.15625 0.02403846153846154
2 0.6322115384615384 0.3894230769230769 0.14903846153846154 0.04326923076923077
2 0.6322115384615384 0.49038461538461536 0.15865384615384615 0.014423076923076924
1 0.5913461538461539 0.6045673076923077 0.038461538461538464 0.01201923076923077
1 0.5793269230769231 0.7608173076923077 0.038461538461538464 0.014423076923076924
1 0.5372596153846154 0.41466346153846156 0.038461538461538464 0.021634615384615384
1 0.5336538461538461 0.49759615384615385 0.038461538461538464 0.014423076923076924
2 0.4891826923076923 0.5985576923076923 0.15865384615384615 0.019230769230769232
2 0.49038461538461536 0.7716346153846154 0.1346153846153846 0.021634615384615384