2 0.4723557692307692 0.6646634615384616 0.036057692307692304 0.019230769230769232
2 0.4699519230769231 0.6790865384615384 0.03125 0.014423076923076924
2 0.4651442307692308 0.5324519230769231 0.009615384615384616 0.002403846153846154
2 0.46153846153846156 0.5637019230769231 0.009615384615384616 0.004807692307692308
2 0.46875 0.35697115384615385 0.004807692307692308 0.004807692307692308
2 0.4675480769230769 0.32572115384615385 0.004807692307692308 0.002403846153846154
2 0.47115384615384615 0.22716346153846154 0.004807692307692308 0.007211538461538462
1 0.4387019230769231 0.3918269230769231 0.016826923076923076 0.04567307692307692
2 0.4375 0.3605769230769231 0.009615384615384616 0.014423076923076924
2 0.43509615384615385 0.4254807692307692 0.004807692307692308 0.026442307692307692
1 0.43028846153846156 0.49759615384615385 0.016826923076923076 0.04326923076923077
2 0.42908653846153844 0.5288461538461539 0.004807692307692308 0.014423076923076924
2 0.4266826923076923 0.6129807692307693 0.002403846153846154 0.009615384615384616
2 0.43149038461538464 0.47115384615384615 0.004807692307692308 0.009615384615384616
2 0.42427884615384615 0.6586538461538461 0.004807692307692308 0.004807692307692308
1 0.4254807692307692 0.6370192307692307 0.016826923076923076 0.038461538461538464
2 0.4170673076923077 0.47115384615384615 0.007211538461538462 0.007211538461538462
2 0.4182692307692308 0.43509615384615385 0.007211538461538462 0.007211538461538462
2 0.4110576923076923 0.5637019230769231 0.004807692307692308 0.004807692307692308
2 0.4098557692307692 0.609375 0.004807692307692308 0.004807692307692308
2 0.41947115384615385 0.32211538461538464 0.004807692307692308 0.004807692307692308
2 0.41225961538461536 0.453125 0.007211538461538462 0.007211538461538462
1 0.39302884615384615 0.4699519230769231 0.040865384615384616 0.016826923076923076
1 0.3918269230769231 0.4338942307692308 0.040865384615384616 0.016826923076923076
2 0.36899038461538464 0.46875 0.004807692307692308 0.009615384615384616
2 0.36778846153846156 0.4326923076923077 0.007211538461538462 0.007211538461538462
2 0.35096153846153844 0.5649038461538461 0.007211538461538462 0.004807692307692308
2 0.34975961538461536 0.6105769230769231 0.007211538461538462 0.004807692307692308
2 0.359375 0.3173076923076923 0.007211538461538462 0.004807692307692308
2 0.35216346153846156 0.4495192307692308 0.004807692307692308 0.007211538461538462
0 0.9543269230769231 0.515625 0.09134615384615384 0.5649038461538461
0 0.4963942307692308 0.47836538461538464 0.35096153846153844 0.5288461538461539