0 0.4987980769230769 0.47596153846153844 0.5985576923076923 0.5913461538461539
1 0.32091346153846156 0.4855769230769231 0.028846153846153848 0.0625
2 0.41947115384615385 0.44591346153846156 0.007211538461538462 0.026442307692307692
2 0.3137019230769231 0.42427884615384615 0.016826923076923076 0.0625
1 0.7668269230769231 0.35336538461538464 0.014423076923076924 0.0625
2 0.5252403846153846 0.34615384615384615 0.040865384615384616 0.014423076923076924
2 0.6286057692307693 0.33413461538461536 0.028846153846153848 0.01201923076923077
1 0.578125 0.33774038461538464 0.07211538461538461 0.026442307692307692
2 0.7824519230769231 0.5745192307692307 0.009615384615384616 0.01201923076923077
1 0.5300480769230769 0.5793269230769231 0.0673076923076923 0.028846153846153848
2 0.5745192307692307 0.5721153846153846 0.021634615384615384 0.019230769230769232
2 0.4879807692307692 0.578125 0.021634615384615384 0.01201923076923077
1 0.7596153846153846 0.5252403846153846 0.04807692307692308 0.02403846153846154
2 0.7307692307692307 0.5276442307692307 0.014423076923076924 0.009615384615384616
2 0.3293269230769231 0.5432692307692307 0.016826923076923076 0.05048076923076923
2 0.5420673076923077 0.5192307692307693 0.04326923076923077 0.01201923076923077
1 0.5949519230769231 0.515625 0.0625 0.026442307692307692
2 0.640625 0.5120192307692307 0.028846153846153848 0.01201923076923077
1 0.421875 0.49038461538461536 0.028846153846153848 0.06971153846153846