2 0.5288461538461539 0.25721153846153844 0.007211538461538462 0.007211538461538462
2 0.5456730769230769 0.35216346153846156 0.014423076923076924 0.002403846153846154
2 0.5564903846153846 0.42427884615384615 0.028846153846153848 0.004807692307692308
2 0.5877403846153846 0.4170673076923077 0.004807692307692308 0.026442307692307692
1 0.5889423076923077 0.3762019230769231 0.019230769230769232 0.05048076923076923
2 0.5889423076923077 0.3449519230769231 0.007211538461538462 0.01201923076923077
1 0.39783653846153844 0.3088942307692308 0.019230769230769232 0.04807692307692308
2 0.40024038461538464 0.27283653846153844 0.007211538461538462 0.021634615384615384
2 0.4014423076923077 0.3449519230769231 0.007211538461538462 0.021634615384615384
1 0.4074519230769231 0.5685096153846154 0.016826923076923076 0.04567307692307692
2 0.40865384615384615 0.6045673076923077 0.004807692307692308 0.021634615384615384
2 0.4098557692307692 0.5420673076923077 0.004807692307692308 0.009615384615384616
1 0.421875 0.4026442307692308 0.016826923076923076 0.04326923076923077
2 0.421875 0.4387019230769231 0.007211538461538462 0.02403846153846154
2 0.4206730769230769 0.36658653846153844 0.007211538461538462 0.026442307692307692
1 0.4423076923076923 0.4891826923076923 0.016826923076923076 0.04567307692307692
2 0.4411057692307692 0.45552884615384615 0.007211538461538462 0.021634615384615384
2 0.44471153846153844 0.5276442307692307 0.004807692307692308 0.02403846153846154
2 0.46033653846153844 0.46033653846153844 0.004807692307692308 0.057692307692307696
2 0.46274038461538464 0.5661057692307693 0.002403846153846154 0.055288461538461536
1 0.46153846153846156 0.5132211538461539 0.016826923076923076 0.04567307692307692
2 0.47475961538461536 0.25961538461538464 0.009615384615384616 0.007211538461538462
2 0.4807692307692308 0.35336538461538464 0.016826923076923076 0.002403846153846154
2 0.484375 0.4254807692307692 0.019230769230769232 0.004807692307692308
1 0.5024038461538461 0.25721153846153844 0.04326923076923077 0.016826923076923076
0 0.5060096153846154 0.43028846153846156 0.41346153846153844 0.42788461538461536
1 0.5144230769230769 0.35336538461538464 0.04567307692307692 0.016826923076923076
1 0.515625 0.4254807692307692 0.04567307692307692 0.016826923076923076