1 0.46634615384615385 0.5877403846153846 0.04567307692307692 0.026442307692307692
1 0.39663461538461536 0.7668269230769231 0.04567307692307692 0.019230769230769232
2 0.3762019230769231 0.4387019230769231 0.2091346153846154 0.08413461538461539
2 0.36538461538461536 0.3485576923076923 0.21875 0.0625
2 0.33653846153846156 0.5516826923076923 0.21875 0.0625
2 0.2848557692307692 0.6983173076923077 0.19471153846153846 0.12980769230769232
2 0.23557692307692307 0.21153846153846154 0.055288461538461536 0.016826923076923076
2 0.6286057692307693 0.5288461538461539 0.19951923076923078 0.06971153846153846
2 0.6346153846153846 0.31490384615384615 0.19951923076923078 0.04567307692307692
2 0.5901442307692307 0.6225961538461539 0.20192307692307693 0.0625
1 0.5060096153846154 0.4855769230769231 0.055288461538461536 0.03365384615384615
1 0.5060096153846154 0.3293269230769231 0.06009615384615385 0.03125