1 0.5889423076923077 0.5829326923076923 0.03125 0.036057692307692304
2 0.3088942307692308 0.5853365384615384 0.07932692307692307 0.17067307692307693
2 0.23197115384615385 0.5889423076923077 0.036057692307692304 0.18269230769230768
2 0.40384615384615385 0.6262019230769231 0.06490384615384616 0.18028846153846154
1 0.7668269230769231 0.6394230769230769 0.021634615384615384 0.038461538461538464
2 0.5204326923076923 0.6742788461538461 0.11057692307692307 0.1466346153846154
2 0.7199519230769231 0.7367788461538461 0.07692307692307693 0.15865384615384615
2 0.39783653846153844 0.3786057692307692 0.06971153846153846 0.1658653846153846
2 0.47716346153846156 0.41225961538461536 0.0625 0.16826923076923078
1 0.3557692307692308 0.4807692307692308 0.028846153846153848 0.040865384615384616
1 0.22355769230769232 0.47836538461538464 0.01201923076923077 0.040865384615384616
2 0.6610576923076923 0.5036057692307693 0.125 0.12980769230769232
1 0.4387019230769231 0.5168269230769231 0.02403846153846154 0.040865384615384616