2 0.4891826923076923 0.46875 0.004807692307692308 0.002403846153846154
1 0.5576923076923077 0.46033653846153844 0.009615384615384616 0.019230769230769232
2 0.5504807692307693 0.44711538461538464 0.007211538461538462 0.004807692307692308
2 0.49278846153846156 0.41586538461538464 0.004807692307692308 0.019230769230769232
2 0.5360576923076923 0.40384615384615385 0.002403846153846154 0.009615384615384616
1 0.49158653846153844 0.3942307692307692 0.007211538461538462 0.019230769230769232
1 0.5324519230769231 0.3870192307692308 0.007211538461538462 0.021634615384615384
2 0.49158653846153844 0.375 0.004807692307692308 0.019230769230769232
2 0.5324519230769231 0.37259615384615385 0.004807692307692308 0.007211538461538462
2 0.5168269230769231 0.7283653846153846 0.002403846153846154 0.004807692307692308
1 0.5132211538461539 0.7139423076923077 0.007211538461538462 0.021634615384615384
2 0.5132211538461539 0.6971153846153846 0.004807692307692308 0.009615384615384616
2 0.5709134615384616 0.6598557692307693 0.004807692307692308 0.014423076923076924
1 0.5697115384615384 0.640625 0.009615384615384616 0.021634615384615384
2 0.5 0.6322115384615384 0.007211538461538462 0.016826923076923076
2 0.5661057692307693 0.6237980769230769 0.002403846153846154 0.009615384615384616
1 0.4963942307692308 0.6129807692307693 0.007211538461538462 0.021634615384615384
2 0.49759615384615385 0.5961538461538461 0.004807692307692308 0.014423076923076924
2 0.5072115384615384 0.5360576923076923 0.009615384615384616 0.004807692307692308
2 0.5432692307692307 0.5336538461538461 0.009615384615384616 0.002403846153846154
1 0.5252403846153846 0.5324519230769231 0.021634615384615384 0.007211538461538462
0 0.5264423076923077 0.5036057692307693 0.2283653846153846 0.5913461538461539
2 0.49038461538461536 0.4951923076923077 0.004807692307692308 0.004807692307692308
1 0.49158653846153844 0.4831730769230769 0.007211538461538462 0.019230769230769232
2 0.5564903846153846 0.47836538461538464 0.01201923076923077 0.01201923076923077