0 0.46033653846153844 0.5444711538461539 0.7475961538461539 0.27403846153846156
2 0.36778846153846156 0.5168269230769231 0.004807692307692308 0.014423076923076924
1 0.36899038461538464 0.5384615384615384 0.01201923076923077 0.026442307692307692
2 0.36778846153846156 0.5600961538461539 0.004807692307692308 0.014423076923076924
1 0.7560096153846154 0.5252403846153846 0.01201923076923077 0.028846153846153848
2 0.7524038461538461 0.4963942307692308 0.004807692307692308 0.026442307692307692
2 0.7548076923076923 0.5588942307692307 0.007211538461538462 0.03365384615384615
2 0.6466346153846154 0.5649038461538461 0.009615384615384616 0.002403846153846154
1 0.6274038461538461 0.5673076923076923 0.028846153846153848 0.01201923076923077
2 0.6009615384615384 0.5757211538461539 0.019230769230769232 0.009615384615384616
2 0.5408653846153846 0.515625 0.028846153846153848 0.004807692307692308
1 0.5120192307692307 0.5168269230769231 0.026442307692307692 0.009615384615384616
2 0.4831730769230769 0.5168269230769231 0.028846153846153848 0.002403846153846154