2 0.5252403846153846 0.5757211538461539 0.20673076923076922 0.038461538461538464
2 0.5336538461538461 0.6766826923076923 0.19471153846153846 0.09375
2 0.5180288461538461 0.3786057692307692 0.20673076923076922 0.04807692307692308
2 0.6165865384615384 0.7584134615384616 0.10336538461538461 0.038461538461538464
2 0.27524038461538464 0.6153846153846154 0.1971153846153846 0.03365384615384615
2 0.26322115384615385 0.3485576923076923 0.19471153846153846 0.04807692307692308
2 0.3137019230769231 0.7644230769230769 0.15865384615384615 0.057692307692307696
2 0.29447115384615385 0.24879807692307693 0.1971153846153846 0.04807692307692308
1 0.39903846153846156 0.5973557692307693 0.04807692307692308 0.021634615384615384
1 0.3894230769230769 0.36658653846153844 0.05048076923076923 0.021634615384615384
1 0.41586538461538464 0.7283653846153846 0.05048076923076923 0.03125
1 0.41586538461538464 0.22716346153846154 0.05048076923076923 0.01201923076923077