0 0.5216346153846154 0.4987980769230769 0.4519230769230769 0.5841346153846154
1 0.5384615384615384 0.765625 0.04567307692307692 0.021634615384615384
1 0.5360576923076923 0.5480769230769231 0.04567307692307692 0.021634615384615384
2 0.5637019230769231 0.7620192307692307 0.009615384615384616 0.009615384615384616
2 0.5721153846153846 0.546875 0.028846153846153848 0.009615384615384616
1 0.39302884615384615 0.2403846153846154 0.021634615384615384 0.03365384615384615
2 0.3942307692307692 0.27403846153846156 0.009615384615384616 0.026442307692307692
2 0.43028846153846156 0.7752403846153846 0.007211538461538462 0.016826923076923076
1 0.42788461538461536 0.5084134615384616 0.019230769230769232 0.04807692307692308
2 0.4326923076923077 0.546875 0.009615384615384616 0.026442307692307692
2 0.42908653846153844 0.47475961538461536 0.007211538461538462 0.021634615384615384
2 0.43990384615384615 0.640625 0.007211538461538462 0.06009615384615385
1 0.44471153846153844 0.6959134615384616 0.019230769230769232 0.05048076923076923
2 0.45072115384615385 0.7451923076923077 0.007211538461538462 0.052884615384615384
1 0.4423076923076923 0.41586538461538464 0.019230769230769232 0.04567307692307692
2 0.4411057692307692 0.3798076923076923 0.009615384615384616 0.02403846153846154
2 0.45552884615384615 0.6129807692307693 0.004807692307692308 0.014423076923076924
1 0.4543269230769231 0.5817307692307693 0.019230769230769232 0.04567307692307692
2 0.4495192307692308 0.4519230769230769 0.007211538461538462 0.026442307692307692
2 0.4543269230769231 0.5528846153846154 0.004807692307692308 0.007211538461538462
2 0.4723557692307692 0.2848557692307692 0.009615384615384616 0.026442307692307692
1 0.4735576923076923 0.3233173076923077 0.019230769230769232 0.04567307692307692
2 0.47836538461538464 0.359375 0.007211538461538462 0.02403846153846154
2 0.5072115384615384 0.7644230769230769 0.009615384615384616 0.009615384615384616
2 0.5 0.5528846153846154 0.02403846153846154 0.007211538461538462