2 0.36778846153846156 0.44711538461538464 0.016826923076923076 0.18990384615384615
2 0.5733173076923077 0.3942307692307692 0.040865384615384616 0.19230769230769232
2 0.21995192307692307 0.40384615384615385 0.014423076923076924 0.1778846153846154
2 0.6826923076923077 0.36899038461538464 0.03125 0.19951923076923078
2 0.38100961538461536 0.6802884615384616 0.014423076923076924 0.18269230769230768
2 0.5649038461538461 0.6370192307692307 0.014423076923076924 0.19230769230769232
2 0.6850961538461539 0.6213942307692307 0.021634615384615384 0.19471153846153846
1 0.37740384615384615 0.5649038461538461 0.019230769230769232 0.04326923076923077
1 0.5612980769230769 0.5168269230769231 0.019230769230769232 0.04567307692307692
1 0.22355769230769232 0.5168269230769231 0.009615384615384616 0.04567307692307692
1 0.6778846153846154 0.4963942307692308 0.019230769230769232 0.04567307692307692