2 0.47716346153846156 0.47475961538461536 0.009615384615384616 0.04326923076923077
2 0.6959134615384616 0.4411057692307692 0.03125 0.014423076923076924
1 0.6478365384615384 0.4411057692307692 0.06490384615384616 0.03125
2 0.5949519230769231 0.44471153846153844 0.04326923076923077 0.009615384615384616
2 0.46153846153846156 0.43028846153846156 0.038461538461538464 0.01201923076923077
1 0.40625 0.4338942307692308 0.06971153846153846 0.03125
2 0.36538461538461536 0.43509615384615385 0.014423076923076924 0.009615384615384616
1 0.48197115384615385 0.6814903846153846 0.0625 0.03125
2 0.4326923076923077 0.6826923076923077 0.03365384615384615 0.019230769230769232
2 0.53125 0.6742788461538461 0.036057692307692304 0.016826923076923076
1 0.24639423076923078 0.6694711538461539 0.036057692307692304 0.02403846153846154
2 0.2824519230769231 0.6670673076923077 0.038461538461538464 0.014423076923076924
1 0.5324519230769231 0.6225961538461539 0.06490384615384616 0.026442307692307692
2 0.6021634615384616 0.6177884615384616 0.07451923076923077 0.014423076923076924
2 0.4579326923076923 0.6286057692307693 0.08413461538461539 0.01201923076923077
2 0.6646634615384616 0.578125 0.009615384615384616 0.02403846153846154
2 0.26322115384615385 0.5961538461538461 0.014423076923076924 0.014423076923076924
2 0.3870192307692308 0.5805288461538461 0.009615384615384616 0.026442307692307692
2 0.4855769230769231 0.5685096153846154 0.014423076923076924 0.026442307692307692
1 0.6634615384615384 0.5372596153846154 0.028846153846153848 0.06490384615384616
1 0.25600961538461536 0.5600961538461539 0.026442307692307692 0.06490384615384616
0 0.5024038461538461 0.5288461538461539 0.5985576923076923 0.5769230769230769
1 0.38461538461538464 0.5348557692307693 0.026442307692307692 0.06490384615384616
1 0.4795673076923077 0.5252403846153846 0.026442307692307692 0.0625
2 0.6586538461538461 0.49399038461538464 0.009615384615384616 0.016826923076923076
2 0.2536057692307692 0.5216346153846154 0.009615384615384616 0.009615384615384616
2 0.3786057692307692 0.49399038461538464 0.009615384615384616 0.021634615384615384