2 0.8016826923076923 0.4230769230769231 0.014423076923076924 0.002403846153846154
1 0.8257211538461539 0.421875 0.03365384615384615 0.009615384615384616
2 0.2932692307692308 0.48677884615384615 0.007211538461538462 0.007211538461538462
1 0.4639423076923077 0.4963942307692308 0.01201923076923077 0.03365384615384615
2 0.15144230769230768 0.5060096153846154 0.009615384615384616 0.007211538461538462
1 0.29086538461538464 0.5084134615384616 0.014423076923076924 0.03365384615384615
2 0.2956730769230769 0.5276442307692307 0.007211538461538462 0.004807692307692308
1 0.1466346153846154 0.5276442307692307 0.016826923076923076 0.036057692307692304
2 0.5492788461538461 0.5516826923076923 0.004807692307692308 0.002403846153846154
2 0.5060096153846154 0.5528846153846154 0.009615384615384616 0.002403846153846154
2 0.15264423076923078 0.5492788461538461 0.009615384615384616 0.004807692307692308
1 0.5276442307692307 0.5528846153846154 0.03125 0.01201923076923077
0 0.4879807692307692 0.5120192307692307 0.7980769230769231 0.31971153846153844