2 0.15865384615384615 0.39302884615384615 0.002403846153846154 0.002403846153846154
2 0.4891826923076923 0.3858173076923077 0.009615384615384616 0.05048076923076923
2 0.20432692307692307 0.3954326923076923 0.014423076923076924 0.002403846153846154
2 0.27163461538461536 0.40384615384615385 0.004807692307692308 0.002403846153846154
1 0.18028846153846154 0.3942307692307692 0.038461538461538464 0.014423076923076924
2 0.3173076923076923 0.40625 0.01201923076923077 0.002403846153846154
2 0.37259615384615385 0.4110576923076923 0.004807692307692308 0.002403846153846154
1 0.29086538461538464 0.4050480769230769 0.036057692307692304 0.014423076923076924
2 0.4182692307692308 0.41586538461538464 0.01201923076923077 0.004807692307692308
1 0.3942307692307692 0.41225961538461536 0.036057692307692304 0.014423076923076924
2 0.2403846153846154 0.41225961538461536 0.0673076923076923 0.009615384615384616
2 0.453125 0.4326923076923077 0.0673076923076923 0.009615384615384616
2 0.2127403846153846 0.421875 0.11538461538461539 0.016826923076923076
2 0.3173076923076923 0.44471153846153844 0.004807692307692308 0.002403846153846154
2 0.3629807692307692 0.4495192307692308 0.01201923076923077 0.002403846153846154
1 0.3389423076923077 0.4483173076923077 0.036057692307692304 0.014423076923076924
2 0.16826923076923078 0.4831730769230769 0.028846153846153848 0.007211538461538462
2 0.19951923076923078 0.4963942307692308 0.014423076923076924 0.002403846153846154
2 0.265625 0.4735576923076923 0.01201923076923077 0.06490384615384616
1 0.17548076923076922 0.4951923076923077 0.036057692307692304 0.01201923076923077
2 0.23197115384615385 0.5240384615384616 0.06490384615384616 0.009615384615384616
2 0.17548076923076922 0.5360576923076923 0.01201923076923077 0.057692307692307696
0 0.5420673076923077 0.4855769230769231 0.8894230769230769 0.3629807692307692