2 0.5673076923076923 0.5649038461538461 0.007211538461538462 0.04567307692307692
2 0.48677884615384615 0.45072115384615385 0.007211538461538462 0.002403846153846154
2 0.5324519230769231 0.4519230769230769 0.007211538461538462 0.002403846153846154
1 0.5108173076923077 0.45072115384615385 0.036057692307692304 0.01201923076923077
2 0.5733173076923077 0.4855769230769231 0.01201923076923077 0.09134615384615384
2 0.47115384615384615 0.43509615384615385 0.026442307692307692 0.007211538461538462
2 0.5480769230769231 0.4266826923076923 0.10336538461538461 0.01201923076923077
2 0.5877403846153846 0.4170673076923077 0.028846153846153848 0.007211538461538462
2 0.5192307692307693 0.39783653846153844 0.040865384615384616 0.009615384615384616
2 0.46033653846153844 0.3858173076923077 0.01201923076923077 0.07692307692307693
0 0.46033653846153844 0.4735576923076923 0.8942307692307693 0.35336538461538464