2 0.8497596153846154 0.4411057692307692 0.014423076923076924 0.004807692307692308
2 0.5132211538461539 0.4495192307692308 0.004807692307692308 0.002403846153846154
2 0.4723557692307692 0.4495192307692308 0.007211538461538462 0.002403846153846154
2 0.4411057692307692 0.45072115384615385 0.007211538461538462 0.002403846153846154
2 0.39783653846153844 0.45072115384615385 0.007211538461538462 0.002403846153846154
1 0.49158653846153844 0.4495192307692308 0.03365384615384615 0.009615384615384616
1 0.41947115384615385 0.4483173076923077 0.03365384615384615 0.009615384615384616
1 0.8569711538461539 0.46033653846153844 0.014423076923076924 0.03125
2 0.8509615384615384 0.48197115384615385 0.014423076923076924 0.007211538461538462
2 0.15384615384615385 0.47716346153846156 0.014423076923076924 0.007211538461538462
2 0.8293269230769231 0.5228365384615384 0.014423076923076924 0.007211538461538462
1 0.1466346153846154 0.4987980769230769 0.014423076923076924 0.036057692307692304
2 0.49278846153846156 0.5240384615384616 0.002403846153846154 0.007211538461538462
2 0.15384615384615385 0.5204326923076923 0.01201923076923077 0.004807692307692308
1 0.8353365384615384 0.5420673076923077 0.014423076923076924 0.03125
2 0.8305288461538461 0.5612980769230769 0.01201923076923077 0.004807692307692308
1 0.49158653846153844 0.5456730769230769 0.009615384615384616 0.03365384615384615
2 0.31850961538461536 0.5709134615384616 0.01201923076923077 0.004807692307692308
2 0.27283653846153844 0.5709134615384616 0.004807692307692308 0.002403846153846154
1 0.29447115384615385 0.5733173076923077 0.036057692307692304 0.01201923076923077
0 0.49278846153846156 0.5144230769230769 0.7884615384615384 0.28365384615384615