2 0.5889423076923077 0.7439903846153846 0.004807692307692308 0.009615384615384616
2 0.5540865384615384 0.4387019230769231 0.004807692307692308 0.002403846153846154
2 0.5745192307692307 0.8149038461538461 0.002403846153846154 0.016826923076923076
1 0.5793269230769231 0.8365384615384616 0.01201923076923077 0.03365384615384615
1 0.5685096153846154 0.7512019230769231 0.03125 0.016826923076923076
2 0.5492788461538461 0.75 0.007211538461538462 0.007211538461538462
2 0.5408653846153846 0.6394230769230769 0.007211538461538462 0.007211538461538462
1 0.5324519230769231 0.43990384615384615 0.03365384615384615 0.014423076923076924
2 0.5108173076923077 0.44350961538461536 0.007211538461538462 0.002403846153846154
1 0.5192307692307693 0.6454326923076923 0.03125 0.014423076923076924
2 0.5 0.6442307692307693 0.004807692307692308 0.007211538461538462
2 0.46634615384615385 0.6706730769230769 0.002403846153846154 0.002403846153846154
2 0.46033653846153844 0.6286057692307693 0.002403846153846154 0.01201923076923077
1 0.46274038461538464 0.6514423076923077 0.014423076923076924 0.03365384615384615
2 0.421875 0.23798076923076922 0.002403846153846154 0.014423076923076924
2 0.41346153846153844 0.1875 0.002403846153846154 0.004807692307692308
1 0.4170673076923077 0.21153846153846154 0.014423076923076924 0.038461538461538464
0 0.4879807692307692 0.49399038461538464 0.3485576923076923 0.8100961538461539