2 0.5841346153846154 0.36538461538461536 0.004807692307692308 0.007211538461538462
2 0.5420673076923077 0.2091346153846154 0.002403846153846154 0.014423076923076924
1 0.5649038461538461 0.3641826923076923 0.03365384615384615 0.014423076923076924
2 0.5564903846153846 0.5216346153846154 0.007211538461538462 0.002403846153846154
1 0.5408653846153846 0.18269230769230768 0.01201923076923077 0.038461538461538464
2 0.5432692307692307 0.36778846153846156 0.007211538461538462 0.007211538461538462
1 0.5348557692307693 0.5252403846153846 0.03365384615384615 0.01201923076923077
2 0.515625 0.5228365384615384 0.004807692307692308 0.002403846153846154
2 0.5168269230769231 0.6790865384615384 0.007211538461538462 0.007211538461538462
2 0.4795673076923077 0.5588942307692307 0.002403846153846154 0.004807692307692308
2 0.47716346153846156 0.5180288461538461 0.004807692307692308 0.007211538461538462
1 0.49759615384615385 0.6826923076923077 0.03365384615384615 0.014423076923076924
1 0.47596153846153844 0.5396634615384616 0.01201923076923077 0.03365384615384615
2 0.47596153846153844 0.6790865384615384 0.004807692307692308 0.007211538461538462
0 0.5276442307692307 0.5324519230769231 0.30288461538461536 0.8100961538461539