2 0.4519230769230769 0.3701923076923077 0.06009615384615385 0.007211538461538462
2 0.5216346153846154 0.3701923076923077 0.007211538461538462 0.004807692307692308
2 0.5528846153846154 0.5240384615384616 0.002403846153846154 0.007211538461538462
2 0.5528846153846154 0.47836538461538464 0.002403846153846154 0.007211538461538462
1 0.5528846153846154 0.5 0.009615384615384616 0.036057692307692304
1 0.5432692307692307 0.36778846153846156 0.036057692307692304 0.009615384615384616
2 0.5673076923076923 0.3701923076923077 0.007211538461538462 0.004807692307692308
2 0.5697115384615384 0.43509615384615385 0.004807692307692308 0.03125
2 0.5817307692307693 0.38461538461538464 0.004807692307692308 0.028846153846153848
2 0.5817307692307693 0.4423076923076923 0.007211538461538462 0.04326923076923077
2 0.59375 0.46875 0.002403846153846154 0.014423076923076924
2 0.6081730769230769 0.44711538461538464 0.004807692307692308 0.009615384615384616
2 0.6081730769230769 0.39903846153846156 0.002403846153846154 0.004807692307692308
1 0.6081730769230769 0.4230769230769231 0.01201923076923077 0.036057692307692304
2 0.6081730769230769 0.5264423076923077 0.0889423076923077 0.007211538461538462
0 0.5384615384615384 0.47596153846153844 0.3004807692307692 0.875