2 0.65625 0.3870192307692308 0.009615384615384616 0.05048076923076923
2 0.6478365384615384 0.4543269230769231 0.004807692307692308 0.007211538461538462
1 0.6466346153846154 0.47836538461538464 0.01201923076923077 0.036057692307692304
2 0.5793269230769231 0.4987980769230769 0.028846153846153848 0.004807692307692308
2 0.6442307692307693 0.5 0.004807692307692308 0.007211538461538462
2 0.6850961538461539 0.5060096153846154 0.01201923076923077 0.002403846153846154
2 0.7331730769230769 0.5084134615384616 0.004807692307692308 0.002403846153846154
1 0.7115384615384616 0.5060096153846154 0.038461538461538464 0.01201923076923077
2 0.6875 0.5180288461538461 0.09375 0.01201923076923077
2 0.6225961538461539 0.5264423076923077 0.06971153846153846 0.009615384615384616
2 0.6069711538461539 0.5384615384615384 0.0673076923076923 0.007211538461538462
2 0.6646634615384616 0.5408653846153846 0.028846153846153848 0.004807692307692308
2 0.6069711538461539 0.5528846153846154 0.0673076923076923 0.007211538461538462
2 0.5612980769230769 0.5564903846153846 0.01201923076923077 0.07211538461538461
0 0.5096153846153846 0.46634615384615385 0.8846153846153846 0.3317307692307692