2 0.29447115384615385 0.5829326923076923 0.014423076923076924 0.04567307692307692
2 0.27524038461538464 0.5504807692307693 0.04326923076923077 0.009615384615384616
2 0.22355769230769232 0.5384615384615384 0.06971153846153846 0.014423076923076924
2 0.27283653846153844 0.5252403846153846 0.04326923076923077 0.009615384615384616
2 0.18870192307692307 0.5252403846153846 0.007211538461538462 0.007211538461538462
2 0.27163461538461536 0.5132211538461539 0.04326923076923077 0.009615384615384616
1 0.18389423076923078 0.5012019230769231 0.016826923076923076 0.036057692307692304
2 0.18629807692307693 0.4795673076923077 0.007211538461538462 0.007211538461538462
2 0.16826923076923078 0.4639423076923077 0.016826923076923076 0.004807692307692308
1 0.13942307692307693 0.46634615384615385 0.038461538461538464 0.014423076923076924
2 0.22956730769230768 0.44591346153846156 0.12259615384615384 0.019230769230769232
2 0.234375 0.421875 0.10817307692307693 0.019230769230769232
2 0.11538461538461539 0.4110576923076923 0.016826923076923076 0.06009615384615385
0 0.5012019230769231 0.4807692307692308 0.8870192307692307 0.38221153846153844