2 0.8617788461538461 0.45552884615384615 0.01201923076923077 0.04807692307692308
2 0.5733173076923077 0.5516826923076923 0.11778846153846154 0.014423076923076924
2 0.8605769230769231 0.5300480769230769 0.016826923076923076 0.08173076923076923
2 0.5252403846153846 0.5745192307692307 0.026442307692307692 0.007211538461538462
2 0.796875 0.5817307692307693 0.04807692307692308 0.007211538461538462
2 0.6310096153846154 0.59375 0.01201923076923077 0.004807692307692308
2 0.7415865384615384 0.5889423076923077 0.12740384615384615 0.016826923076923076
2 0.6790865384615384 0.5973557692307693 0.004807692307692308 0.002403846153846154
2 0.8377403846153846 0.5973557692307693 0.04807692307692308 0.007211538461538462
1 0.6574519230769231 0.5985576923076923 0.038461538461538464 0.01201923076923077
2 0.8076923076923077 0.6081730769230769 0.016826923076923076 0.004807692307692308
2 0.8581730769230769 0.6117788461538461 0.004807692307692308 0.002403846153846154
1 0.8341346153846154 0.609375 0.040865384615384616 0.014423076923076924
2 0.8173076923076923 0.6213942307692307 0.0889423076923077 0.014423076923076924
2 0.5360576923076923 0.6165865384615384 0.007211538461538462 0.0625
0 0.5228365384615384 0.5360576923076923 0.8798076923076923 0.3581730769230769