2 0.8509615384615384 0.4375 0.016826923076923076 0.04326923076923077
2 0.8353365384615384 0.47115384615384615 0.06971153846153846 0.01201923076923077
2 0.7175480769230769 0.47596153846153844 0.07932692307692307 0.01201923076923077
2 0.7872596153846154 0.4855769230769231 0.014423076923076924 0.002403846153846154
1 0.8112980769230769 0.484375 0.038461538461538464 0.014423076923076924
2 0.8629807692307693 0.4963942307692308 0.019230769230769232 0.004807692307692308
2 0.7932692307692307 0.4987980769230769 0.028846153846153848 0.004807692307692308
2 0.7956730769230769 0.5108173076923077 0.07932692307692307 0.01201923076923077
2 0.8449519230769231 0.5456730769230769 0.019230769230769232 0.002403846153846154
2 0.8016826923076923 0.5492788461538461 0.004807692307692308 0.002403846153846154
1 0.7800480769230769 0.5504807692307693 0.038461538461538464 0.014423076923076924
2 0.8197115384615384 0.5612980769230769 0.06971153846153846 0.01201923076923077
2 0.6862980769230769 0.5348557692307693 0.019230769230769232 0.09134615384615384
2 0.7980769230769231 0.5877403846153846 0.019230769230769232 0.004807692307692308
2 0.7223557692307693 0.6069711538461539 0.06971153846153846 0.01201923076923077
2 0.8473557692307693 0.6081730769230769 0.02403846153846154 0.07451923076923077
0 0.49278846153846156 0.5528846153846154 0.8918269230769231 0.37740384615384615