2 0.5552884615384616 0.36778846153846156 0.004807692307692308 0.007211538461538462
1 0.5336538461538461 0.3641826923076923 0.03365384615384615 0.01201923076923077
2 0.5144230769230769 0.36778846153846156 0.007211538461538462 0.007211538461538462
2 0.5072115384615384 0.28365384615384615 0.004807692307692308 0.007211538461538462
2 0.5132211538461539 0.6033653846153846 0.007211538461538462 0.004807692307692308
2 0.5144230769230769 0.6394230769230769 0.007211538461538462 0.007211538461538462
1 0.4879807692307692 0.27884615384615385 0.03365384615384615 0.014423076923076924
1 0.49399038461538464 0.6033653846153846 0.03365384615384615 0.01201923076923077
2 0.46634615384615385 0.2824519230769231 0.004807692307692308 0.007211538461538462
1 0.49278846153846156 0.6418269230769231 0.03365384615384615 0.01201923076923077
2 0.4723557692307692 0.6021634615384616 0.004807692307692308 0.004807692307692308
2 0.4735576923076923 0.6382211538461539 0.004807692307692308 0.007211538461538462
0 0.484375 0.5432692307692307 0.31971153846153844 0.8052884615384616