2 0.5949519230769231 0.5805288461538461 0.04807692307692308 0.007211538461538462
2 0.5685096153846154 0.7367788461538461 0.01201923076923077 0.08173076923076923
2 0.5612980769230769 0.6021634615384616 0.01201923076923077 0.09375
2 0.5504807692307693 0.6478365384615384 0.01201923076923077 0.08173076923076923
2 0.5408653846153846 0.6670673076923077 0.007211538461538462 0.04326923076923077
2 0.5348557692307693 0.578125 0.004807692307692308 0.016826923076923076
2 0.5240384615384616 0.6538461538461539 0.01201923076923077 0.09375
2 0.5204326923076923 0.5649038461538461 0.002403846153846154 0.016826923076923076
2 0.5240384615384616 0.7764423076923077 0.06490384615384616 0.01201923076923077
2 0.4891826923076923 0.7163461538461539 0.002403846153846154 0.01201923076923077
1 0.49038461538461536 0.7427884615384616 0.01201923076923077 0.036057692307692304
2 0.48197115384615385 0.8149038461538461 0.002403846153846154 0.002403846153846154
1 0.4807692307692308 0.7932692307692307 0.01201923076923077 0.038461538461538464
2 0.44471153846153844 0.796875 0.007211538461538462 0.04326923076923077
2 0.42908653846153844 0.7175480769230769 0.07211538461538461 0.014423076923076924
0 0.49759615384615385 0.4879807692307692 0.34615384615384615 0.875