2 0.3762019230769231 0.48677884615384615 0.01201923076923077 0.002403846153846154
2 0.3329326923076923 0.4855769230769231 0.004807692307692308 0.002403846153846154
1 0.3545673076923077 0.484375 0.036057692307692304 0.014423076923076924
1 0.22716346153846154 0.4807692307692308 0.038461538461538464 0.014423076923076924
2 0.18629807692307693 0.5300480769230769 0.016826923076923076 0.004807692307692308
2 0.13822115384615385 0.5288461538461539 0.002403846153846154 0.002403846153846154
2 0.6478365384615384 0.5757211538461539 0.002403846153846154 0.002403846153846154
1 0.15985576923076922 0.5300480769230769 0.040865384615384616 0.014423076923076924
2 0.6069711538461539 0.5745192307692307 0.01201923076923077 0.002403846153846154
1 0.6286057692307693 0.5769230769230769 0.03365384615384615 0.014423076923076924
2 0.34975961538461536 0.5564903846153846 0.01201923076923077 0.002403846153846154
2 0.30408653846153844 0.5576923076923077 0.004807692307692308 0.002403846153846154
1 0.32572115384615385 0.5600961538461539 0.036057692307692304 0.014423076923076924
2 0.20793269230769232 0.5805288461538461 0.014423076923076924 0.007211538461538462
2 0.15985576923076922 0.5793269230769231 0.004807692307692308 0.002403846153846154
1 0.1814903846153846 0.5805288461538461 0.040865384615384616 0.014423076923076924
0 0.5096153846153846 0.5276442307692307 0.8173076923076923 0.36778846153846156