2 0.40384615384615385 0.7512019230769231 0.04807692307692308 0.009615384615384616
2 0.4387019230769231 0.7103365384615384 0.007211538461538462 0.08413461538461539
2 0.5168269230769231 0.7788461538461539 0.002403846153846154 0.014423076923076924
2 0.515625 0.8653846153846154 0.004807692307692308 0.03365384615384615
2 0.515625 0.7091346153846154 0.004807692307692308 0.03125
1 0.5168269230769231 0.8052884615384616 0.009615384615384616 0.038461538461538464
2 0.5276442307692307 0.7259615384615384 0.002403846153846154 0.014423076923076924
2 0.5288461538461539 0.7740384615384616 0.002403846153846154 0.004807692307692308
2 0.49038461538461536 0.6706730769230769 0.07932692307692307 0.009615384615384616
1 0.5288461538461539 0.7524038461538461 0.009615384615384616 0.038461538461538464
2 0.5420673076923077 0.8377403846153846 0.004807692307692308 0.03365384615384615
2 0.5420673076923077 0.7079326923076923 0.007211538461538462 0.08173076923076923
2 0.5540865384615384 0.6983173076923077 0.002403846153846154 0.01201923076923077
2 0.5552884615384616 0.7439903846153846 0.002403846153846154 0.004807692307692308
1 0.5540865384615384 0.7223557692307693 0.009615384615384616 0.038461538461538464
2 0.5721153846153846 0.8786057692307693 0.08413461538461539 0.014423076923076924
0 0.4879807692307692 0.5048076923076923 0.30528846153846156 0.8677884615384616