2 0.5276442307692307 0.5444711538461539 0.002403846153846154 0.009615384615384616
2 0.5276442307692307 0.5853365384615384 0.002403846153846154 0.004807692307692308
2 0.546875 0.8653846153846154 0.007211538461538462 0.014423076923076924
1 0.5288461538461539 0.5649038461538461 0.01201923076923077 0.03365384615384615
2 0.5276442307692307 0.6574519230769231 0.007211538461538462 0.007211538461538462
2 0.4879807692307692 0.4387019230769231 0.002403846153846154 0.004807692307692308
2 0.4891826923076923 0.4795673076923077 0.002403846153846154 0.004807692307692308
1 0.4879807692307692 0.4579326923076923 0.01201923076923077 0.03365384615384615
1 0.5264423076923077 0.8713942307692307 0.03125 0.016826923076923076
1 0.5060096153846154 0.6610576923076923 0.03125 0.014423076923076924
2 0.5060096153846154 0.8653846153846154 0.004807692307692308 0.014423076923076924
2 0.4807692307692308 0.5685096153846154 0.002403846153846154 0.009615384615384616
2 0.48677884615384615 0.6574519230769231 0.004807692307692308 0.007211538461538462
1 0.48197115384615385 0.5901442307692307 0.01201923076923077 0.03365384615384615
2 0.46033653846153844 0.6622596153846154 0.002403846153846154 0.014423076923076924
2 0.46153846153846156 0.7055288461538461 0.002403846153846154 0.002403846153846154
1 0.46033653846153844 0.6862980769230769 0.01201923076923077 0.03365384615384615
0 0.5108173076923077 0.5180288461538461 0.33653846153846156 0.8052884615384616