2 0.5216346153846154 0.4375 0.004807692307692308 0.002403846153846154
2 0.4807692307692308 0.4375 0.004807692307692308 0.004807692307692308
1 0.5024038461538461 0.4375 0.03365384615384615 0.009615384615384616
2 0.8269230769230769 0.4423076923076923 0.009615384615384616 0.007211538461538462
2 0.8846153846153846 0.4519230769230769 0.021634615384615384 0.002403846153846154
1 0.9158653846153846 0.4519230769230769 0.04326923076923077 0.01201923076923077
2 0.375 0.4735576923076923 0.007211538461538462 0.004807692307692308
1 0.8293269230769231 0.4639423076923077 0.014423076923076924 0.036057692307692304
2 0.8269230769230769 0.4855769230769231 0.009615384615384616 0.007211538461538462
2 0.6201923076923077 0.49038461538461536 0.004807692307692308 0.007211538461538462
1 0.37259615384615385 0.4951923076923077 0.01201923076923077 0.03125
2 0.375 0.5144230769230769 0.004807692307692308 0.004807692307692308
1 0.6225961538461539 0.5120192307692307 0.01201923076923077 0.03365384615384615
2 0.6201923076923077 0.53125 0.004807692307692308 0.004807692307692308
2 0.3076923076923077 0.5504807692307693 0.004807692307692308 0.002403846153846154
2 0.3485576923076923 0.5504807692307693 0.01201923076923077 0.002403846153846154
1 0.3245192307692308 0.5504807692307693 0.03365384615384615 0.009615384615384616
2 0.6490384615384616 0.5600961538461539 0.01201923076923077 0.002403846153846154
2 0.6947115384615384 0.5600961538461539 0.004807692307692308 0.002403846153846154
2 0.38461538461538464 0.5649038461538461 0.004807692307692308 0.002403846153846154
2 0.42788461538461536 0.5649038461538461 0.009615384615384616 0.004807692307692308
1 0.6730769230769231 0.5625 0.036057692307692304 0.01201923076923077
1 0.40384615384615385 0.5649038461538461 0.03125 0.009615384615384616
0 0.5985576923076923 0.5144230769230769 0.8028846153846154 0.2764423076923077