2 0.24519230769230768 0.5240384615384616 0.014423076923076924 0.002403846153846154
2 0.7956730769230769 0.53125 0.014423076923076924 0.002403846153846154
1 0.8245192307692307 0.5348557692307693 0.040865384615384616 0.01201923076923077
1 0.22355769230769232 0.5216346153846154 0.03125 0.009615384615384616
2 0.3798076923076923 0.5048076923076923 0.007211538461538462 0.004807692307692308
1 0.37740384615384615 0.4855769230769231 0.009615384615384616 0.03125
2 0.3798076923076923 0.46634615384615385 0.007211538461538462 0.004807692307692308
2 0.39302884615384615 0.45913461538461536 0.004807692307692308 0.007211538461538462
2 0.5901442307692307 0.46033653846153844 0.007211538461538462 0.002403846153846154
2 0.546875 0.46033653846153844 0.007211538461538462 0.002403846153846154
2 0.19831730769230768 0.4519230769230769 0.009615384615384616 0.007211538461538462
1 0.5685096153846154 0.4579326923076923 0.03365384615384615 0.01201923076923077
1 0.390625 0.43990384615384615 0.009615384615384616 0.03125
1 0.1935096153846154 0.43028846153846156 0.01201923076923077 0.03125
2 0.39302884615384615 0.4182692307692308 0.004807692307692308 0.004807692307692308
2 0.19831730769230768 0.41346153846153844 0.009615384615384616 0.004807692307692308
0 0.5336538461538461 0.49278846153846156 0.7956730769230769 0.2956730769230769