2 0.41586538461538464 0.6189903846153846 0.004807692307692308 0.004807692307692308
2 0.4254807692307692 0.7439903846153846 0.002403846153846154 0.014423076923076924
1 0.4254807692307692 0.765625 0.009615384615384616 0.03365384615384615
1 0.43509615384615385 0.6213942307692307 0.03125 0.009615384615384616
2 0.4567307692307692 0.6189903846153846 0.007211538461538462 0.004807692307692308
2 0.46033653846153844 0.31850961538461536 0.007211538461538462 0.007211538461538462
1 0.48197115384615385 0.31490384615384615 0.03365384615384615 0.01201923076923077
2 0.5036057692307693 0.31971153846153844 0.004807692307692308 0.007211538461538462
2 0.5288461538461539 0.5216346153846154 0.004807692307692308 0.007211538461538462
2 0.5288461538461539 0.4807692307692308 0.002403846153846154 0.007211538461538462
1 0.53125 0.5024038461538461 0.009615384615384616 0.03125
2 0.5396634615384616 0.7055288461538461 0.002403846153846154 0.004807692307692308
2 0.5384615384615384 0.6622596153846154 0.002403846153846154 0.01201923076923077
1 0.5420673076923077 0.6862980769230769 0.009615384615384616 0.03125
0 0.48197115384615385 0.40384615384615385 0.29086538461538464 0.8076923076923077