2 0.3701923076923077 0.2800480769230769 0.007211538461538462 0.009615384615384616
2 0.44471153846153844 0.8112980769230769 0.004807692307692308 0.009615384615384616
1 0.390625 0.27524038461538464 0.036057692307692304 0.014423076923076924
2 0.41225961538461536 0.2764423076923077 0.007211538461538462 0.007211538461538462
2 0.4675480769230769 0.7151442307692307 0.007211538461538462 0.007211538461538462
1 0.4675480769230769 0.8112980769230769 0.03125 0.016826923076923076
2 0.4855769230769231 0.8028846153846154 0.004807692307692308 0.009615384615384616
1 0.4495192307692308 0.140625 0.014423076923076924 0.040865384615384616
1 0.49038461538461536 0.7151442307692307 0.03125 0.014423076923076924
2 0.5084134615384616 0.7091346153846154 0.004807692307692308 0.007211538461538462
2 0.5228365384615384 0.7632211538461539 0.007211538461538462 0.009615384615384616
1 0.5420673076923077 0.7644230769230769 0.03125 0.016826923076923076
2 0.5612980769230769 0.7548076923076923 0.004807692307692308 0.009615384615384616
0 0.4483173076923077 0.4326923076923077 0.36538461538461536 0.8365384615384616