2 0.1971153846153846 0.6382211538461539 0.016826923076923076 0.05048076923076923
2 0.20432692307692307 0.5997596153846154 0.019230769230769232 0.002403846153846154
2 0.3713942307692308 0.5793269230769231 0.08413461538461539 0.009615384615384616
2 0.1778846153846154 0.5889423076923077 0.07451923076923077 0.009615384615384616
2 0.17908653846153846 0.5745192307692307 0.07451923076923077 0.009615384615384616
2 0.41225961538461536 0.5600961538461539 0.002403846153846154 0.007211538461538462
2 0.27163461538461536 0.5576923076923077 0.125 0.01201923076923077
1 0.4074519230769231 0.5360576923076923 0.014423076923076924 0.036057692307692304
2 0.4254807692307692 0.5108173076923077 0.007211538461538462 0.002403846153846154
2 0.46875 0.5084134615384616 0.007211538461538462 0.002403846153846154
2 0.4098557692307692 0.5144230769230769 0.004807692307692308 0.007211538461538462
1 0.44711538461538464 0.5096153846153846 0.036057692307692304 0.01201923076923077
2 0.4423076923076923 0.4987980769230769 0.0673076923076923 0.007211538461538462
2 0.4206730769230769 0.45072115384615385 0.01201923076923077 0.07211538461538461
0 0.47475961538461536 0.5324519230769231 0.8966346153846154 0.33653846153846156