2 0.7259615384615384 0.38822115384615385 0.01201923076923077 0.04567307692307692
2 0.6790865384615384 0.4387019230769231 0.10576923076923077 0.014423076923076924
2 0.6298076923076923 0.46153846153846156 0.004807692307692308 0.007211538461538462
1 0.6334134615384616 0.4831730769230769 0.014423076923076924 0.03365384615384615
2 0.7091346153846154 0.5 0.004807692307692308 0.002403846153846154
2 0.6646634615384616 0.5048076923076923 0.014423076923076924 0.002403846153846154
2 0.6358173076923077 0.5048076923076923 0.004807692307692308 0.007211538461538462
1 0.6887019230769231 0.5036057692307693 0.036057692307692304 0.01201923076923077
2 0.6069711538461539 0.5504807692307693 0.0673076923076923 0.01201923076923077
2 0.6201923076923077 0.5612980769230769 0.09375 0.014423076923076924
2 0.7175480769230769 0.5745192307692307 0.01201923076923077 0.04567307692307692
0 0.4807692307692308 0.5012019230769231 0.8798076923076923 0.3605769230769231