2 0.5096153846153846 0.3870192307692308 0.002403846153846154 0.009615384615384616
2 0.5096153846153846 0.34375 0.002403846153846154 0.004807692307692308
2 0.5072115384615384 0.6875 0.002403846153846154 0.014423076923076924
1 0.5096153846153846 0.3629807692307692 0.009615384615384616 0.03365384615384615
1 0.5072115384615384 0.7115384615384616 0.009615384615384616 0.03365384615384615
2 0.49759615384615385 0.7572115384615384 0.002403846153846154 0.014423076923076924
2 0.5 0.5096153846153846 0.007211538461538462 0.002403846153846154
1 0.49759615384615385 0.78125 0.009615384615384616 0.036057692307692304
1 0.47836538461538464 0.5096153846153846 0.03365384615384615 0.01201923076923077
1 0.47836538461538464 0.49759615384615385 0.03365384615384615 0.01201923076923077
2 0.4567307692307692 0.5096153846153846 0.004807692307692308 0.002403846153846154
2 0.4423076923076923 0.53125 0.002403846153846154 0.004807692307692308
2 0.4423076923076923 0.49038461538461536 0.002403846153846154 0.007211538461538462
1 0.4423076923076923 0.5120192307692307 0.01201923076923077 0.03365384615384615
0 0.4639423076923077 0.5288461538461539 0.27884615384615385 0.8004807692307693