2 0.6045673076923077 0.5925480769230769 0.05048076923076923 0.009615384615384616
2 0.5721153846153846 0.7620192307692307 0.01201923076923077 0.13221153846153846
2 0.5432692307692307 0.6454326923076923 0.01201923076923077 0.11298076923076923
2 0.5396634615384616 0.8233173076923077 0.007211538461538462 0.007211538461538462
1 0.5180288461538461 0.8269230769230769 0.036057692307692304 0.016826923076923076
2 0.49399038461538464 0.8221153846153846 0.007211538461538462 0.009615384615384616
2 0.49158653846153844 0.8822115384615384 0.002403846153846154 0.016826923076923076
1 0.49278846153846156 0.9110576923076923 0.014423076923076924 0.04326923076923077
2 0.47836538461538464 0.8425480769230769 0.009615384615384616 0.07692307692307693
2 0.4651442307692308 0.8257211538461539 0.002403846153846154 0.016826923076923076
2 0.4651442307692308 0.8786057692307693 0.002403846153846154 0.004807692307692308
1 0.4639423076923077 0.8545673076923077 0.014423076923076924 0.04326923076923077
2 0.4387019230769231 0.8822115384615384 0.002403846153846154 0.019230769230769232
2 0.4387019230769231 0.9350961538461539 0.002403846153846154 0.004807692307692308
1 0.4375 0.9110576923076923 0.014423076923076924 0.04326923076923077
2 0.42908653846153844 0.8076923076923077 0.07451923076923077 0.016826923076923076
0 0.5072115384615384 0.5576923076923077 0.33413461538461536 0.8822115384615384