2 0.8052884615384616 0.5036057692307693 0.009615384615384616 0.007211538461538462
2 0.20673076923076922 0.49399038461538464 0.014423076923076924 0.007211538461538462
1 0.8076923076923077 0.48197115384615385 0.014423076923076924 0.03365384615384615
2 0.8016826923076923 0.46033653846153844 0.009615384615384616 0.004807692307692308
1 0.2920673076923077 0.4735576923076923 0.03365384615384615 0.01201923076923077
2 0.49399038461538464 0.4567307692307692 0.002403846153846154 0.007211538461538462
1 0.19591346153846154 0.4723557692307692 0.014423076923076924 0.03125
2 0.1971153846153846 0.453125 0.01201923076923077 0.004807692307692308
2 0.6490384615384616 0.4375 0.004807692307692308 0.007211538461538462
1 0.49038461538461536 0.43509615384615385 0.01201923076923077 0.03365384615384615
2 0.4891826923076923 0.41346153846153844 0.002403846153846154 0.004807692307692308
1 0.6490384615384616 0.41346153846153844 0.01201923076923077 0.03365384615384615
2 0.6454326923076923 0.3942307692307692 0.004807692307692308 0.004807692307692308
0 0.48197115384615385 0.4699519230769231 0.8076923076923077 0.34615384615384615