2 0.5012019230769231 0.6033653846153846 0.007211538461538462 0.05048076923076923
2 0.4963942307692308 0.5673076923076923 0.014423076923076924 0.002403846153846154
2 0.4951923076923077 0.5096153846153846 0.007211538461538462 0.040865384615384616
2 0.5913461538461539 0.49759615384615385 0.09375 0.009615384615384616
2 0.5901442307692307 0.47115384615384615 0.009615384615384616 0.002403846153846154
2 0.6334134615384616 0.4735576923076923 0.004807692307692308 0.002403846153846154
1 0.6117788461538461 0.4723557692307692 0.036057692307692304 0.01201923076923077
2 0.5456730769230769 0.4567307692307692 0.007211538461538462 0.002403846153846154
2 0.5024038461538461 0.4519230769230769 0.007211538461538462 0.002403846153846154
1 0.5240384615384616 0.453125 0.03365384615384615 0.01201923076923077
2 0.5901442307692307 0.43028846153846156 0.007211538461538462 0.06009615384615385
0 0.4891826923076923 0.5144230769230769 0.8798076923076923 0.3389423076923077