2 0.5709134615384616 0.46153846153846156 0.002403846153846154 0.009615384615384616
2 0.5721153846153846 0.4182692307692308 0.002403846153846154 0.004807692307692308
1 0.5745192307692307 0.43990384615384615 0.01201923076923077 0.03365384615384615
2 0.5504807692307693 0.9158653846153846 0.007211538461538462 0.016826923076923076
2 0.5564903846153846 0.5961538461538461 0.007211538461538462 0.004807692307692308
2 0.5396634615384616 0.7944711538461539 0.007211538461538462 0.007211538461538462
1 0.5288461538461539 0.9194711538461539 0.036057692307692304 0.019230769230769232
1 0.5348557692307693 0.5973557692307693 0.03365384615384615 0.009615384615384616
2 0.5072115384615384 0.9086538461538461 0.004807692307692308 0.016826923076923076
2 0.5132211538461539 0.59375 0.004807692307692308 0.004807692307692308
1 0.5180288461538461 0.796875 0.03365384615384615 0.014423076923076924
1 0.5072115384615384 0.7211538461538461 0.01201923076923077 0.036057692307692304
2 0.49759615384615385 0.7908653846153846 0.004807692307692308 0.007211538461538462
2 0.5096153846153846 0.42788461538461536 0.007211538461538462 0.004807692307692308
2 0.515625 0.19951923076923078 0.007211538461538462 0.01201923076923077
1 0.4879807692307692 0.42788461538461536 0.03125 0.009615384615384616
1 0.49399038461538464 0.19471153846153846 0.03125 0.014423076923076924
2 0.46875 0.42908653846153844 0.004807692307692308 0.004807692307692308
2 0.4639423076923077 0.578125 0.002403846153846154 0.004807692307692308
2 0.4651442307692308 0.5372596153846154 0.002403846153846154 0.007211538461538462
2 0.47475961538461536 0.20072115384615385 0.004807692307692308 0.01201923076923077
1 0.46153846153846156 0.5588942307692307 0.009615384615384616 0.03365384615384615
0 0.5336538461538461 0.5757211538461539 0.30288461538461536 0.8221153846153846