2 0.42908653846153844 0.7524038461538461 0.002403846153846154 0.014423076923076924
1 0.4254807692307692 0.7764423076923077 0.014423076923076924 0.03365384615384615
2 0.45072115384615385 0.5084134615384616 0.004807692307692308 0.002403846153846154
2 0.49759615384615385 0.14783653846153846 0.004807692307692308 0.014423076923076924
2 0.49759615384615385 0.21995192307692307 0.002403846153846154 0.016826923076923076
1 0.5024038461538461 0.19471153846153846 0.014423076923076924 0.038461538461538464
1 0.4699519230769231 0.5120192307692307 0.03365384615384615 0.014423076923076924
2 0.49278846153846156 0.46875 0.004807692307692308 0.002403846153846154
2 0.49158653846153844 0.5168269230769231 0.007211538461538462 0.002403846153846154
1 0.5204326923076923 0.14423076923076922 0.03365384615384615 0.016826923076923076
2 0.5408653846153846 0.15144230769230768 0.004807692307692308 0.01201923076923077
1 0.5144230769230769 0.4699519230769231 0.03365384615384615 0.014423076923076924
2 0.5336538461538461 0.4735576923076923 0.004807692307692308 0.002403846153846154
2 0.5336538461538461 0.7475961538461539 0.002403846153846154 0.014423076923076924
1 0.53125 0.7716346153846154 0.014423076923076924 0.036057692307692304
0 0.53125 0.43990384615384615 0.3605769230769231 0.8221153846153846