2 0.5997596153846154 0.7439903846153846 0.04567307692307692 0.014423076923076924
2 0.5348557692307693 0.734375 0.007211538461538462 0.007211538461538462
1 0.5132211538461539 0.7367788461538461 0.03365384615384615 0.014423076923076924
2 0.4951923076923077 0.6346153846153846 0.002403846153846154 0.01201923076923077
2 0.49399038461538464 0.6802884615384616 0.002403846153846154 0.004807692307692308
2 0.49158653846153844 0.7307692307692307 0.007211538461538462 0.007211538461538462
1 0.49399038461538464 0.6586538461538461 0.009615384615384616 0.03365384615384615
2 0.48197115384615385 0.6850961538461539 0.01201923076923077 0.11538461538461539
2 0.46634615384615385 0.7199519230769231 0.007211538461538462 0.040865384615384616
2 0.4543269230769231 0.6911057692307693 0.002403846153846154 0.01201923076923077
2 0.453125 0.7367788461538461 0.002403846153846154 0.004807692307692308
1 0.4543269230769231 0.7151442307692307 0.01201923076923077 0.036057692307692304
2 0.4423076923076923 0.6923076923076923 0.004807692307692308 0.016826923076923076
2 0.4387019230769231 0.7283653846153846 0.004807692307692308 0.016826923076923076
2 0.4338942307692308 0.6754807692307693 0.06971153846153846 0.014423076923076924
0 0.5420673076923077 0.46033653846153844 0.34134615384615385 0.8918269230769231