2 0.5576923076923077 0.23197115384615385 0.04567307692307692 0.009615384615384616
2 0.4519230769230769 0.3858173076923077 0.002403846153846154 0.009615384615384616
2 0.4495192307692308 0.3401442307692308 0.002403846153846154 0.004807692307692308
1 0.4495192307692308 0.36177884615384615 0.01201923076923077 0.036057692307692304
2 0.4639423076923077 0.23197115384615385 0.0673076923076923 0.009615384615384616
2 0.4338942307692308 0.2920673076923077 0.01201923076923077 0.09375
2 0.4074519230769231 0.2800480769230769 0.01201923076923077 0.06971153846153846
2 0.40384615384615385 0.21514423076923078 0.007211538461538462 0.04567307692307692
2 0.3942307692307692 0.2548076923076923 0.014423076923076924 0.12259615384615384
2 0.37740384615384615 0.3918269230769231 0.05048076923076923 0.007211538461538462
0 0.47596153846153844 0.5096153846153846 0.34134615384615385 0.875