2 0.5552884615384616 0.3317307692307692 0.002403846153846154 0.01201923076923077
2 0.5504807692307693 0.2848557692307692 0.002403846153846154 0.004807692307692308
2 0.5612980769230769 0.4182692307692308 0.004807692307692308 0.004807692307692308
1 0.5540865384615384 0.30528846153846156 0.01201923076923077 0.036057692307692304
1 0.5396634615384616 0.4206730769230769 0.03365384615384615 0.014423076923076924
2 0.5144230769230769 0.32572115384615385 0.007211538461538462 0.007211538461538462
2 0.5192307692307693 0.42427884615384615 0.007211538461538462 0.004807692307692308
1 0.49278846153846156 0.3245192307692308 0.03365384615384615 0.014423076923076924
2 0.4735576923076923 0.328125 0.004807692307692308 0.007211538461538462
2 0.4891826923076923 0.5564903846153846 0.007211538461538462 0.004807692307692308
1 0.5036057692307693 0.7884615384615384 0.01201923076923077 0.03365384615384615
1 0.4675480769230769 0.5600961538461539 0.03125 0.01201923076923077
2 0.4483173076923077 0.5588942307692307 0.004807692307692308 0.002403846153846154
0 0.49759615384615385 0.5 0.3293269230769231 0.8028846153846154