2 0.9182692307692307 0.4567307692307692 0.016826923076923076 0.04807692307692308
2 0.9098557692307693 0.5240384615384616 0.009615384615384616 0.007211538461538462
1 0.9110576923076923 0.5480769230769231 0.019230769230769232 0.036057692307692304
2 0.7716346153846154 0.5576923076923077 0.014423076923076924 0.002403846153846154
1 0.7980769230769231 0.5612980769230769 0.040865384615384616 0.014423076923076924
2 0.9050480769230769 0.5697115384615384 0.009615384615384616 0.007211538461538462
2 0.7992788461538461 0.5733173076923077 0.04807692307692308 0.009615384615384616
2 0.8689903846153846 0.5817307692307693 0.07692307692307693 0.014423076923076924
2 0.7848557692307693 0.5841346153846154 0.019230769230769232 0.004807692307692308
2 0.8245192307692307 0.5889423076923077 0.04807692307692308 0.009615384615384616
2 0.8149038461538461 0.6033653846153846 0.03365384615384615 0.009615384615384616
2 0.7920673076923077 0.6117788461538461 0.014423076923076924 0.004807692307692308
2 0.8401442307692307 0.6189903846153846 0.004807692307692308 0.002403846153846154
1 0.8185096153846154 0.6177884615384616 0.040865384615384616 0.014423076923076924
2 0.7608173076923077 0.6129807692307693 0.019230769230769232 0.0889423076923077
0 0.5396634615384616 0.5144230769230769 0.8894230769230769 0.375