2 0.4362980769230769 0.42908653846153844 0.002403846153846154 0.007211538461538462
2 0.6141826923076923 0.43990384615384615 0.01201923076923077 0.002403846153846154
2 0.6550480769230769 0.4423076923076923 0.004807692307692308 0.002403846153846154
1 0.6358173076923077 0.43990384615384615 0.03125 0.01201923076923077
1 0.43149038461538464 0.45072115384615385 0.01201923076923077 0.03365384615384615
2 0.4326923076923077 0.4723557692307692 0.002403846153846154 0.007211538461538462
2 0.7524038461538461 0.4855769230769231 0.009615384615384616 0.007211538461538462
2 0.6298076923076923 0.49038461538461536 0.004807692307692308 0.007211538461538462
2 0.2956730769230769 0.515625 0.004807692307692308 0.002403846153846154
2 0.4182692307692308 0.5132211538461539 0.004807692307692308 0.007211538461538462
1 0.3173076923076923 0.5180288461538461 0.036057692307692304 0.01201923076923077
1 0.7548076923076923 0.5072115384615384 0.014423076923076924 0.03125
1 0.6298076923076923 0.5096153846153846 0.01201923076923077 0.03125
2 0.75 0.5240384615384616 0.009615384615384616 0.004807692307692308
2 0.6274038461538461 0.5288461538461539 0.004807692307692308 0.004807692307692308
2 0.7752403846153846 0.5408653846153846 0.014423076923076924 0.002403846153846154
1 0.41346153846153844 0.5348557692307693 0.01201923076923077 0.03365384615384615
1 0.796875 0.5432692307692307 0.03365384615384615 0.01201923076923077
2 0.41466346153846156 0.5564903846153846 0.004807692307692308 0.004807692307692308
0 0.4879807692307692 0.49038461538461536 0.8004807692307693 0.32211538461538464