2 0.5144230769230769 0.7427884615384616 0.002403846153846154 0.014423076923076924
1 0.5168269230769231 0.7668269230769231 0.009615384615384616 0.03365384615384615
2 0.4987980769230769 0.6730769230769231 0.004807692307692308 0.007211538461538462
2 0.4951923076923077 0.5 0.007211538461538462 0.002403846153846154
1 0.4795673076923077 0.6778846153846154 0.03125 0.01201923076923077
2 0.4579326923076923 0.6742788461538461 0.004807692307692308 0.007211538461538462
2 0.45552884615384615 0.8233173076923077 0.007211538461538462 0.01201923076923077
1 0.4735576923076923 0.5 0.03365384615384615 0.01201923076923077
2 0.4543269230769231 0.4987980769230769 0.004807692307692308 0.002403846153846154
2 0.42908653846153844 0.546875 0.002403846153846154 0.004807692307692308
2 0.42788461538461536 0.5036057692307693 0.002403846153846154 0.007211538461538462
1 0.4362980769230769 0.828125 0.03365384615384615 0.014423076923076924
1 0.42788461538461536 0.5252403846153846 0.01201923076923077 0.03365384615384615
2 0.41466346153846156 0.8257211538461539 0.004807692307692308 0.009615384615384616
2 0.41346153846153844 0.390625 0.004807692307692308 0.009615384615384616
2 0.40865384615384615 0.3449519230769231 0.002403846153846154 0.004807692307692308
1 0.40865384615384615 0.36658653846153844 0.01201923076923077 0.036057692307692304
0 0.45913461538461536 0.5108173076923077 0.30288461538461536 0.8052884615384616