2 0.6802884615384616 0.4567307692307692 0.01201923076923077 0.04567307692307692
2 0.6622596153846154 0.4891826923076923 0.04326923076923077 0.007211538461538462
2 0.640625 0.5192307692307693 0.004807692307692308 0.007211538461538462
1 0.6442307692307693 0.5408653846153846 0.014423076923076924 0.036057692307692304
2 0.640625 0.5649038461538461 0.004807692307692308 0.007211538461538462
2 0.49399038461538464 0.5625 0.007211538461538462 0.002403846153846154
2 0.4483173076923077 0.5625 0.007211538461538462 0.002403846153846154
2 0.42908653846153844 0.5612980769230769 0.009615384615384616 0.002403846153846154
2 0.38341346153846156 0.5588942307692307 0.007211538461538462 0.002403846153846154
1 0.4699519230769231 0.5637019230769231 0.036057692307692304 0.01201923076923077
1 0.4050480769230769 0.5600961538461539 0.036057692307692304 0.01201923076923077
2 0.5949519230769231 0.5793269230769231 0.016826923076923076 0.004807692307692308
2 0.46033653846153844 0.5745192307692307 0.026442307692307692 0.007211538461538462
2 0.5456730769230769 0.5913461538461539 0.007211538461538462 0.002403846153846154
2 0.6346153846153846 0.59375 0.09615384615384616 0.01201923076923077
2 0.5 0.5889423076923077 0.007211538461538462 0.002403846153846154
2 0.46634615384615385 0.5877403846153846 0.009615384615384616 0.002403846153846154
2 0.4206730769230769 0.5877403846153846 0.007211538461538462 0.002403846153846154
1 0.5240384615384616 0.5901442307692307 0.036057692307692304 0.014423076923076924
1 0.44471153846153844 0.5889423076923077 0.036057692307692304 0.014423076923076924
2 0.5973557692307693 0.6057692307692307 0.007211538461538462 0.002403846153846154
2 0.6610576923076923 0.6069711538461539 0.04567307692307692 0.007211538461538462
2 0.5528846153846154 0.6033653846153846 0.009615384615384616 0.002403846153846154
1 0.5757211538461539 0.6069711538461539 0.036057692307692304 0.014423076923076924
2 0.4266826923076923 0.6141826923076923 0.016826923076923076 0.004807692307692308
2 0.3786057692307692 0.6165865384615384 0.009615384615384616 0.0889423076923077
0 0.5264423076923077 0.5420673076923077 0.8990384615384616 0.34615384615384615