2 0.5961538461538461 0.33413461538461536 0.04807692307692308 0.014423076923076924
2 0.5588942307692307 0.38461538461538464 0.002403846153846154 0.009615384615384616
2 0.5600961538461539 0.3389423076923077 0.002403846153846154 0.007211538461538462
1 0.5600961538461539 0.3605769230769231 0.014423076923076924 0.038461538461538464
2 0.48197115384615385 0.25961538461538464 0.02403846153846154 0.12740384615384615
2 0.5 0.3870192307692308 0.09134615384615384 0.019230769230769232
2 0.46875 0.1622596153846154 0.01201923076923077 0.04807692307692308
2 0.44350961538461536 0.35216346153846156 0.016826923076923076 0.06971153846153846
2 0.44350961538461536 0.23197115384615385 0.021634615384615384 0.10096153846153846
2 0.42908653846153844 0.23798076923076922 0.019230769230769232 0.08653846153846154
2 0.4206730769230769 0.140625 0.07692307692307693 0.02403846153846154
0 0.49399038461538464 0.4495192307692308 0.4110576923076923 0.8990384615384616