2 0.5060096153846154 0.4495192307692308 0.009615384615384616 0.002403846153846154
2 0.546875 0.4483173076923077 0.004807692307692308 0.002403846153846154
1 0.5276442307692307 0.44711538461538464 0.03365384615384615 0.014423076923076924
2 0.2956730769230769 0.47596153846153844 0.009615384615384616 0.007211538461538462
1 0.2920673076923077 0.49759615384615385 0.016826923076923076 0.036057692307692304
2 0.296875 0.5192307692307693 0.009615384615384616 0.004807692307692308
2 0.3485576923076923 0.5348557692307693 0.004807692307692308 0.002403846153846154
2 0.3942307692307692 0.53125 0.009615384615384616 0.002403846153846154
2 0.4735576923076923 0.53125 0.007211538461538462 0.002403846153846154
1 0.3701923076923077 0.5336538461538461 0.036057692307692304 0.014423076923076924
2 0.5144230769230769 0.5300480769230769 0.004807692307692308 0.002403846153846154
1 0.49278846153846156 0.53125 0.03365384615384615 0.014423076923076924
0 0.49158653846153844 0.4831730769230769 0.8100961538461539 0.3557692307692308