2 0.5757211538461539 0.8100961538461539 0.07692307692307693 0.021634615384615384
2 0.5060096153846154 0.7992788461538461 0.007211538461538462 0.007211538461538462
2 0.4831730769230769 0.6790865384615384 0.014423076923076924 0.09615384615384616
1 0.484375 0.7980769230769231 0.036057692307692304 0.016826923076923076
2 0.47836538461538464 0.5973557692307693 0.01201923076923077 0.06971153846153846
2 0.46634615384615385 0.7175480769230769 0.009615384615384616 0.04567307692307692
2 0.46274038461538464 0.7920673076923077 0.007211538461538462 0.009615384615384616
2 0.4519230769230769 0.8653846153846154 0.009615384615384616 0.04807692307692308
2 0.46153846153846156 0.6466346153846154 0.002403846153846154 0.01201923076923077
2 0.4567307692307692 0.6923076923076923 0.002403846153846154 0.004807692307692308
1 0.4579326923076923 0.6706730769230769 0.014423076923076924 0.038461538461538464
2 0.44350961538461536 0.8052884615384616 0.002403846153846154 0.016826923076923076
2 0.4375 0.8581730769230769 0.002403846153846154 0.004807692307692308
2 0.4543269230769231 0.5817307692307693 0.009615384615384616 0.040865384615384616
1 0.4411057692307692 0.8341346153846154 0.014423076923076924 0.040865384615384616
2 0.4411057692307692 0.7067307692307693 0.007211538461538462 0.03125
2 0.43990384615384615 0.7379807692307693 0.002403846153846154 0.014423076923076924
2 0.4338942307692308 0.7848557692307693 0.002403846153846154 0.004807692307692308
2 0.42908653846153844 0.8449519230769231 0.004807692307692308 0.021634615384615384
1 0.4362980769230769 0.7620192307692307 0.014423076923076924 0.038461538461538464
2 0.4387019230769231 0.6189903846153846 0.009615384615384616 0.04326923076923077
2 0.42427884615384615 0.7439903846153846 0.014423076923076924 0.11298076923076923
2 0.40024038461538464 0.8774038461538461 0.07211538461538461 0.02403846153846154
0 0.5192307692307693 0.5420673076923077 0.36538461538461536 0.8918269230769231