2 0.5288461538461539 0.75 0.004807692307692308 0.009615384615384616
2 0.5048076923076923 0.34375 0.002403846153846154 0.004807692307692308
2 0.5024038461538461 0.3870192307692308 0.002403846153846154 0.009615384615384616
1 0.5048076923076923 0.3629807692307692 0.009615384615384616 0.03365384615384615
2 0.4951923076923077 0.6225961538461539 0.007211538461538462 0.004807692307692308
1 0.5072115384615384 0.7524038461538461 0.03365384615384615 0.01201923076923077
2 0.48677884615384615 0.4326923076923077 0.007211538461538462 0.004807692307692308
2 0.4855769230769231 0.7475961538461539 0.004807692307692308 0.009615384615384616
1 0.4735576923076923 0.625 0.03365384615384615 0.01201923076923077
1 0.4675480769230769 0.43028846153846156 0.03365384615384615 0.01201923076923077
2 0.4519230769230769 0.6237980769230769 0.004807692307692308 0.004807692307692308
2 0.44591346153846156 0.43149038461538464 0.004807692307692308 0.004807692307692308
2 0.4326923076923077 0.3737980769230769 0.002403846153846154 0.004807692307692308
2 0.43149038461538464 0.4170673076923077 0.002403846153846154 0.009615384615384616
1 0.4326923076923077 0.3954326923076923 0.01201923076923077 0.03365384615384615
0 0.45552884615384615 0.5829326923076923 0.3076923076923077 0.8221153846153846