2 0.6081730769230769 0.6298076923076923 0.05048076923076923 0.007211538461538462
2 0.5757211538461539 0.734375 0.002403846153846154 0.004807692307692308
2 0.5793269230769231 0.7944711538461539 0.009615384615384616 0.07211538461538461
2 0.5757211538461539 0.6862980769230769 0.002403846153846154 0.01201923076923077
1 0.5757211538461539 0.7127403846153846 0.01201923076923077 0.038461538461538464
2 0.5637019230769231 0.734375 0.009615384615384616 0.11057692307692307
2 0.5528846153846154 0.8064903846153846 0.004807692307692308 0.04567307692307692
2 0.5492788461538461 0.6838942307692307 0.009615384615384616 0.10817307692307693
2 0.5480769230769231 0.7608173076923077 0.007211538461538462 0.007211538461538462
1 0.5264423076923077 0.7644230769230769 0.036057692307692304 0.01201923076923077
2 0.5036057692307693 0.8269230769230769 0.004807692307692308 0.03125
2 0.5024038461538461 0.7620192307692307 0.007211538461538462 0.007211538461538462
2 0.4879807692307692 0.8004807692307693 0.007211538461538462 0.08413461538461539
2 0.4651442307692308 0.8689903846153846 0.002403846153846154 0.002403846153846154
2 0.46274038461538464 0.8185096153846154 0.002403846153846154 0.016826923076923076
1 0.46274038461538464 0.8449519230769231 0.009615384615384616 0.038461538461538464
2 0.42908653846153844 0.8665865384615384 0.04567307692307692 0.01201923076923077
0 0.5144230769230769 0.5024038461538461 0.3125 0.8701923076923077