2 0.5637019230769231 0.296875 0.04567307692307692 0.01201923076923077
2 0.484375 0.296875 0.0673076923076923 0.014423076923076924
2 0.43990384615384615 0.3954326923076923 0.004807692307692308 0.014423076923076924
2 0.4423076923076923 0.3713942307692308 0.002403846153846154 0.01201923076923077
2 0.43990384615384615 0.32572115384615385 0.002403846153846154 0.004807692307692308
2 0.44591346153846156 0.18870192307692307 0.014423076923076924 0.09375
1 0.4387019230769231 0.3473557692307692 0.014423076923076924 0.036057692307692304
2 0.4362980769230769 0.23918269230769232 0.019230769230769232 0.1201923076923077
2 0.4266826923076923 0.33774038461538464 0.014423076923076924 0.08173076923076923
2 0.41346153846153844 0.3557692307692308 0.014423076923076924 0.06971153846153846
2 0.4206730769230769 0.13701923076923078 0.004807692307692308 0.019230769230769232
2 0.40865384615384615 0.1778846153846154 0.004807692307692308 0.014423076923076924
2 0.40625 0.12860576923076922 0.002403846153846154 0.002403846153846154
2 0.39903846153846156 0.34975961538461536 0.019230769230769232 0.10817307692307693
1 0.4074519230769231 0.15144230769230768 0.014423076923076924 0.038461538461538464
2 0.3870192307692308 0.23197115384615385 0.07451923076923077 0.016826923076923076
0 0.47596153846153844 0.5108173076923077 0.3870192307692308 0.8918269230769231