2 0.45072115384615385 0.4230769230769231 0.004807692307692308 0.004807692307692308
2 0.2608173076923077 0.43149038461538464 0.014423076923076924 0.002403846153846154
1 0.23677884615384615 0.42788461538461536 0.03365384615384615 0.014423076923076924
1 0.44471153846153844 0.44471153846153844 0.014423076923076924 0.03365384615384615
2 0.44350961538461536 0.46634615384615385 0.004807692307692308 0.007211538461538462
2 0.8834134615384616 0.5324519230769231 0.016826923076923076 0.007211538461538462
2 0.7548076923076923 0.546875 0.014423076923076924 0.002403846153846154
1 0.7788461538461539 0.5504807692307693 0.038461538461538464 0.014423076923076924
1 0.8870192307692307 0.5540865384615384 0.019230769230769232 0.03365384615384615
2 0.8762019230769231 0.5745192307692307 0.016826923076923076 0.004807692307692308
2 0.5060096153846154 0.5600961538461539 0.007211538461538462 0.004807692307692308
2 0.546875 0.5649038461538461 0.004807692307692308 0.004807692307692308
1 0.5252403846153846 0.5637019230769231 0.03365384615384615 0.014423076923076924
0 0.5769230769230769 0.5084134615384616 0.8245192307692307 0.3581730769230769