2 0.40865384615384615 0.3173076923076923 0.002403846153846154 0.004807692307692308
2 0.40625 0.3605769230769231 0.004807692307692308 0.01201923076923077
2 0.4026442307692308 0.43990384615384615 0.002403846153846154 0.004807692307692308
1 0.4074519230769231 0.33653846153846156 0.014423076923076924 0.036057692307692304
2 0.40024038461538464 0.4831730769230769 0.004807692307692308 0.007211538461538462
1 0.4014423076923077 0.46153846153846156 0.014423076923076924 0.03365384615384615
2 0.453125 0.23197115384615385 0.007211538461538462 0.009615384615384616
2 0.42788461538461536 0.6778846153846154 0.002403846153846154 0.01201923076923077
2 0.42427884615384615 0.7211538461538461 0.002403846153846154 0.004807692307692308
1 0.4254807692307692 0.7019230769230769 0.01201923076923077 0.03365384615384615
2 0.4579326923076923 0.3088942307692308 0.002403846153846154 0.002403846153846154
2 0.4567307692307692 0.35216346153846156 0.002403846153846154 0.01201923076923077
1 0.4567307692307692 0.328125 0.01201923076923077 0.036057692307692304
2 0.45072115384615385 0.5132211538461539 0.007211538461538462 0.002403846153846154
2 0.4375 0.734375 0.007211538461538462 0.009615384615384616
1 0.47596153846153844 0.2283653846153846 0.03365384615384615 0.016826923076923076
2 0.4963942307692308 0.23677884615384615 0.004807692307692308 0.009615384615384616
1 0.4723557692307692 0.5144230769230769 0.03365384615384615 0.01201923076923077
1 0.45913461538461536 0.7379807692307693 0.03365384615384615 0.016826923076923076
2 0.49158653846153844 0.5144230769230769 0.004807692307692308 0.002403846153846154
2 0.47836538461538464 0.734375 0.004807692307692308 0.009615384615384616
0 0.46634615384615385 0.42788461538461536 0.3269230769230769 0.8293269230769231