2 0.5973557692307693 0.578125 0.04807692307692308 0.007211538461538462
2 0.5757211538461539 0.734375 0.01201923076923077 0.08173076923076923
2 0.5637019230769231 0.5997596153846154 0.01201923076923077 0.09375
2 0.5552884615384616 0.6454326923076923 0.01201923076923077 0.08173076923076923
2 0.5456730769230769 0.6646634615384616 0.007211538461538462 0.04326923076923077
2 0.5372596153846154 0.5757211538461539 0.004807692307692308 0.016826923076923076
2 0.5288461538461539 0.6538461538461539 0.01201923076923077 0.09375
2 0.5228365384615384 0.5649038461538461 0.002403846153846154 0.016826923076923076
2 0.5336538461538461 0.7764423076923077 0.06490384615384616 0.01201923076923077
2 0.4963942307692308 0.7163461538461539 0.002403846153846154 0.01201923076923077
1 0.5 0.7427884615384616 0.01201923076923077 0.036057692307692304
2 0.49399038461538464 0.8149038461538461 0.002403846153846154 0.002403846153846154
1 0.49038461538461536 0.7932692307692307 0.01201923076923077 0.038461538461538464
2 0.4543269230769231 0.7992788461538461 0.007211538461538462 0.04326923076923077
2 0.4362980769230769 0.7199519230769231 0.07211538461538461 0.014423076923076924
0 0.49759615384615385 0.4879807692307692 0.34615384615384615 0.875