2 0.41346153846153844 0.5132211538461539 0.004807692307692308 0.002403846153846154
2 0.41466346153846156 0.5492788461538461 0.004807692307692308 0.004807692307692308
1 0.43509615384615385 0.5132211538461539 0.03365384615384615 0.009615384615384616
1 0.4338942307692308 0.5492788461538461 0.03365384615384615 0.009615384615384616
2 0.4567307692307692 0.5108173076923077 0.007211538461538462 0.002403846153846154
2 0.45552884615384615 0.546875 0.007211538461538462 0.004807692307692308
1 0.4831730769230769 0.49038461538461536 0.03365384615384615 0.009615384615384616
2 0.5180288461538461 0.6778846153846154 0.002403846153846154 0.01201923076923077
2 0.5180288461538461 0.71875 0.002403846153846154 0.004807692307692308
1 0.5180288461538461 0.6995192307692307 0.009615384615384616 0.03365384615384615
0 0.47475961538461536 0.4254807692307692 0.2860576923076923 0.8100961538461539