2 0.30408653846153844 0.47596153846153844 0.009615384615384616 0.004807692307692308
2 0.7127403846153846 0.5216346153846154 0.007211538461538462 0.007211538461538462
1 0.2956730769230769 0.4951923076923077 0.014423076923076924 0.03125
2 0.9146634615384616 0.53125 0.01201923076923077 0.007211538461538462
2 0.296875 0.5144230769230769 0.007211538461538462 0.004807692307692308
2 0.5516826923076923 0.5360576923076923 0.007211538461538462 0.002403846153846154
2 0.5949519230769231 0.5420673076923077 0.004807692307692308 0.002403846153846154
1 0.5733173076923077 0.5384615384615384 0.03365384615384615 0.01201923076923077
1 0.7151442307692307 0.5432692307692307 0.014423076923076924 0.03365384615384615
1 0.9170673076923077 0.5528846153846154 0.019230769230769232 0.036057692307692304
2 0.7091346153846154 0.5649038461538461 0.007211538461538462 0.004807692307692308
2 0.9110576923076923 0.5745192307692307 0.01201923076923077 0.004807692307692308
2 0.4519230769230769 0.5733173076923077 0.004807692307692308 0.004807692307692308
2 0.49278846153846156 0.5769230769230769 0.007211538461538462 0.004807692307692308
1 0.47115384615384615 0.5757211538461539 0.03125 0.01201923076923077
0 0.59375 0.5372596153846154 0.8125 0.34375