2 0.703125 0.40865384615384615 0.009615384615384616 0.007211538461538462
1 0.7091346153846154 0.42788461538461536 0.016826923076923076 0.036057692307692304
2 0.7079326923076923 0.4519230769230769 0.007211538461538462 0.007211538461538462
2 0.7752403846153846 0.4519230769230769 0.01201923076923077 0.007211538461538462
2 0.9819711538461539 0.47115384615384615 0.014423076923076924 0.007211538461538462
1 0.7800480769230769 0.4735576923076923 0.016826923076923076 0.036057692307692304
2 0.7788461538461539 0.4951923076923077 0.01201923076923077 0.007211538461538462
1 0.9879807692307693 0.49278846153846156 0.021634615384615384 0.036057692307692304
2 0.984375 0.5144230769230769 0.014423076923076924 0.004807692307692308
2 0.41346153846153844 0.5661057692307693 0.009615384615384616 0.004807692307692308
2 0.37259615384615385 0.5697115384615384 0.004807692307692308 0.002403846153846154
1 0.3918269230769231 0.5685096153846154 0.03125 0.009615384615384616
0 0.5949519230769231 0.4735576923076923 0.8100961538461539 0.33653846153846156