2 0.5336538461538461 0.41947115384615385 0.009615384615384616 0.04807692307692308
2 0.5348557692307693 0.45552884615384615 0.009615384615384616 0.002403846153846154
2 0.5805288461538461 0.4567307692307692 0.007211538461538462 0.002403846153846154
1 0.5588942307692307 0.4543269230769231 0.036057692307692304 0.014423076923076924
2 0.5793269230769231 0.5144230769230769 0.01201923076923077 0.040865384615384616
2 0.7512019230769231 0.5420673076923077 0.014423076923076924 0.002403846153846154
2 0.7127403846153846 0.5408653846153846 0.04326923076923077 0.009615384615384616
2 0.5829326923076923 0.5480769230769231 0.016826923076923076 0.004807692307692308
2 0.7992788461538461 0.5444711538461539 0.004807692307692308 0.002403846153846154
1 0.7776442307692307 0.5432692307692307 0.038461538461538464 0.014423076923076924
2 0.8581730769230769 0.5480769230769231 0.021634615384615384 0.004807692307692308
2 0.7019230769230769 0.5528846153846154 0.06971153846153846 0.01201923076923077
2 0.8028846153846154 0.5564903846153846 0.014423076923076924 0.002403846153846154
2 0.8509615384615384 0.5600961538461539 0.002403846153846154 0.002403846153846154
1 0.8293269230769231 0.5576923076923077 0.038461538461538464 0.014423076923076924
2 0.7379807692307693 0.5685096153846154 0.1201923076923077 0.019230769230769232
2 0.6286057692307693 0.5865384615384616 0.08173076923076923 0.014423076923076924
2 0.6862980769230769 0.5901442307692307 0.016826923076923076 0.004807692307692308
2 0.7487980769230769 0.5949519230769231 0.014423076923076924 0.002403846153846154
2 0.7944711538461539 0.5961538461538461 0.004807692307692308 0.002403846153846154
1 0.7728365384615384 0.5961538461538461 0.038461538461538464 0.014423076923076924
2 0.8617788461538461 0.6033653846153846 0.019230769230769232 0.08653846153846154
0 0.5024038461538461 0.5096153846153846 0.8846153846153846 0.375