2 0.46033653846153844 0.25240384615384615 0.004807692307692308 0.009615384615384616
2 0.46634615384615385 0.765625 0.002403846153846154 0.014423076923076924
1 0.4795673076923077 0.24879807692307693 0.03365384615384615 0.016826923076923076
1 0.4651442307692308 0.7896634615384616 0.01201923076923077 0.036057692307692304
2 0.5012019230769231 0.2548076923076923 0.007211538461538462 0.009615384615384616
2 0.5072115384615384 0.3245192307692308 0.007211538461538462 0.007211538461538462
1 0.5288461538461539 0.3233173076923077 0.03365384615384615 0.014423076923076924
2 0.5396634615384616 0.4230769230769231 0.007211538461538462 0.004807692307692308
2 0.5480769230769231 0.3269230769230769 0.004807692307692308 0.007211538461538462
2 0.5757211538461539 0.24879807692307693 0.002403846153846154 0.016826923076923076
1 0.5793269230769231 0.2247596153846154 0.014423076923076924 0.036057692307692304
1 0.5612980769230769 0.421875 0.03365384615384615 0.014423076923076924
2 0.5805288461538461 0.421875 0.004807692307692308 0.002403846153846154
0 0.5216346153846154 0.45072115384615385 0.31490384615384615 0.8100961538461539