2 0.49759615384615385 0.5576923076923077 0.007211538461538462 0.002403846153846154
2 0.4567307692307692 0.5516826923076923 0.004807692307692308 0.002403846153846154
1 0.47836538461538464 0.5564903846153846 0.03365384615384615 0.01201923076923077
2 0.5588942307692307 0.5384615384615384 0.004807692307692308 0.002403846153846154
2 0.5180288461538461 0.5348557692307693 0.007211538461538462 0.002403846153846154
1 0.5396634615384616 0.5372596153846154 0.03365384615384615 0.01201923076923077
2 0.6694711538461539 0.5264423076923077 0.004807692307692308 0.002403846153846154
2 0.6262019230769231 0.5228365384615384 0.01201923076923077 0.002403846153846154
1 0.6502403846153846 0.5252403846153846 0.03365384615384615 0.01201923076923077
2 0.34134615384615385 0.4879807692307692 0.007211538461538462 0.007211538461538462
1 0.34134615384615385 0.46875 0.014423076923076924 0.03365384615384615
2 0.3449519230769231 0.4483173076923077 0.007211538461538462 0.004807692307692308
2 0.10817307692307693 0.42908653846153844 0.014423076923076924 0.009615384615384616
2 0.23677884615384615 0.421875 0.014423076923076924 0.004807692307692308
1 0.2127403846153846 0.41947115384615385 0.036057692307692304 0.01201923076923077
1 0.10216346153846154 0.4074519230769231 0.016826923076923076 0.03365384615384615
2 0.11177884615384616 0.3858173076923077 0.014423076923076924 0.007211538461538462
0 0.4651442307692308 0.484375 0.8100961538461539 0.33653846153846156