2 0.4074519230769231 0.2776442307692308 0.04807692307692308 0.009615384615384616
2 0.44471153846153844 0.25600961538461536 0.004807692307692308 0.019230769230769232
2 0.44350961538461536 0.2776442307692308 0.002403846153846154 0.004807692307692308
2 0.4483173076923077 0.32572115384615385 0.002403846153846154 0.01201923076923077
1 0.44591346153846156 0.3016826923076923 0.01201923076923077 0.038461538461538464
2 0.46033653846153844 0.3016826923076923 0.01201923076923077 0.08653846153846154
2 0.484375 0.28846153846153844 0.009615384615384616 0.08653846153846154
2 0.5252403846153846 0.3076923076923077 0.004807692307692308 0.04567307692307692
2 0.5072115384615384 0.34134615384615385 0.040865384615384616 0.009615384615384616
2 0.5384615384615384 0.33533653846153844 0.004807692307692308 0.019230769230769232
2 0.5805288461538461 0.2824519230769231 0.0889423076923077 0.014423076923076924
0 0.5012019230769231 0.44471153846153844 0.3317307692307692 0.8798076923076923