2 0.5805288461538461 0.3125 0.007211538461538462 0.007211538461538462
2 0.5745192307692307 0.22596153846153846 0.004807692307692308 0.007211538461538462
1 0.5516826923076923 0.1875 0.014423076923076924 0.038461538461538464
1 0.5588942307692307 0.31009615384615385 0.03365384615384615 0.014423076923076924
1 0.5528846153846154 0.22355769230769232 0.03365384615384615 0.014423076923076924
2 0.5372596153846154 0.3161057692307692 0.007211538461538462 0.007211538461538462
2 0.53125 0.23197115384615385 0.004807692307692308 0.009615384615384616
2 0.5336538461538461 0.35216346153846156 0.007211538461538462 0.007211538461538462
1 0.5120192307692307 0.35096153846153844 0.03365384615384615 0.01201923076923077
2 0.4951923076923077 0.4254807692307692 0.002403846153846154 0.009615384615384616
2 0.49278846153846156 0.3557692307692308 0.004807692307692308 0.007211538461538462
2 0.49158653846153844 0.38221153846153844 0.002403846153846154 0.004807692307692308
1 0.49158653846153844 0.40384615384615385 0.009615384615384616 0.03365384615384615
2 0.44591346153846156 0.2608173076923077 0.002403846153846154 0.014423076923076924
2 0.44471153846153844 0.21514423076923078 0.002403846153846154 0.004807692307692308
1 0.44471153846153844 0.23677884615384615 0.014423076923076924 0.036057692307692304
0 0.5300480769230769 0.5228365384615384 0.3076923076923077 0.8076923076923077