2 0.5216346153846154 0.39302884615384615 0.009615384615384616 0.05048076923076923
2 0.5877403846153846 0.41947115384615385 0.10576923076923077 0.019230769230769232
2 0.6802884615384616 0.421875 0.08173076923076923 0.014423076923076924
2 0.5588942307692307 0.4375 0.0673076923076923 0.01201923076923077
2 0.6622596153846154 0.43509615384615385 0.1201923076923077 0.016826923076923076
2 0.5877403846153846 0.44591346153846156 0.004807692307692308 0.002403846153846154
2 0.5444711538461539 0.453125 0.009615384615384616 0.002403846153846154
1 0.5661057692307693 0.4495192307692308 0.036057692307692304 0.014423076923076924
2 0.7103365384615384 0.4831730769230769 0.004807692307692308 0.002403846153846154
1 0.6887019230769231 0.484375 0.036057692307692304 0.014423076923076924
2 0.609375 0.47596153846153844 0.01201923076923077 0.040865384615384616
2 0.6610576923076923 0.5012019230769231 0.004807692307692308 0.002403846153846154
2 0.6165865384615384 0.5060096153846154 0.01201923076923077 0.002403846153846154
1 0.640625 0.5048076923076923 0.036057692307692304 0.014423076923076924
2 0.7199519230769231 0.546875 0.014423076923076924 0.057692307692307696
0 0.4795673076923077 0.4891826923076923 0.8918269230769231 0.3894230769230769