2 0.45913461538461536 0.34975961538461536 0.004807692307692308 0.007211538461538462
2 0.46634615384615385 0.5805288461538461 0.002403846153846154 0.007211538461538462
2 0.4699519230769231 0.5396634615384616 0.002403846153846154 0.007211538461538462
1 0.46634615384615385 0.5588942307692307 0.01201923076923077 0.03365384615384615
2 0.4855769230769231 0.4326923076923077 0.004807692307692308 0.004807692307692308
1 0.47836538461538464 0.34975961538461536 0.03125 0.01201923076923077
2 0.5 0.35336538461538464 0.004807692307692308 0.007211538461538462
1 0.5048076923076923 0.23076923076923078 0.01201923076923077 0.03365384615384615
2 0.5132211538461539 0.20192307692307693 0.004807692307692308 0.009615384615384616
2 0.5252403846153846 0.18389423076923078 0.007211538461538462 0.01201923076923077
1 0.5048076923076923 0.4326923076923077 0.03125 0.01201923076923077
2 0.5264423076923077 0.4362980769230769 0.004807692307692308 0.004807692307692308
2 0.5276442307692307 0.6887019230769231 0.002403846153846154 0.004807692307692308
1 0.5324519230769231 0.20072115384615385 0.03125 0.014423076923076924
2 0.53125 0.6430288461538461 0.002403846153846154 0.01201923076923077
1 0.5300480769230769 0.6670673076923077 0.014423076923076924 0.036057692307692304
2 0.5516826923076923 0.20552884615384615 0.004807692307692308 0.009615384615384616
1 0.5444711538461539 0.17908653846153846 0.03125 0.014423076923076924
2 0.5637019230769231 0.1875 0.004807692307692308 0.009615384615384616
2 0.5745192307692307 0.4375 0.004807692307692308 0.009615384615384616
2 0.5805288461538461 0.39663461538461536 0.002403846153846154 0.002403846153846154
1 0.5793269230769231 0.41586538461538464 0.01201923076923077 0.03125
0 0.49399038461538464 0.5264423076923077 0.33653846153846156 0.8052884615384616