2 0.16105769230769232 0.5961538461538461 0.002403846153846154 0.002403846153846154
2 0.21153846153846154 0.5913461538461539 0.016826923076923076 0.002403846153846154
1 0.18509615384615385 0.59375 0.040865384615384616 0.014423076923076924
2 0.1466346153846154 0.5841346153846154 0.019230769230769232 0.002403846153846154
1 0.11538461538461539 0.5865384615384616 0.04326923076923077 0.014423076923076924
2 0.4206730769230769 0.5721153846153846 0.002403846153846154 0.007211538461538462
2 0.33413461538461536 0.5673076923076923 0.007211538461538462 0.007211538461538462
2 0.12259615384615384 0.5456730769230769 0.01201923076923077 0.007211538461538462
1 0.4182692307692308 0.5504807692307693 0.01201923076923077 0.03365384615384615
1 0.3293269230769231 0.5456730769230769 0.01201923076923077 0.03365384615384615
2 0.4182692307692308 0.5288461538461539 0.002403846153846154 0.004807692307692308
2 0.3317307692307692 0.5240384615384616 0.004807692307692308 0.004807692307692308
2 0.6754807692307693 0.5072115384615384 0.01201923076923077 0.002403846153846154
1 0.11778846153846154 0.5216346153846154 0.014423076923076924 0.036057692307692304
1 0.6971153846153846 0.5048076923076923 0.03365384615384615 0.01201923076923077
2 0.12259615384615384 0.5 0.01201923076923077 0.004807692307692308
2 0.6610576923076923 0.4735576923076923 0.01201923076923077 0.002403846153846154
2 0.7019230769230769 0.47115384615384615 0.002403846153846154 0.002403846153846154
1 0.6826923076923077 0.47115384615384615 0.03125 0.01201923076923077
0 0.4110576923076923 0.5576923076923077 0.8197115384615384 0.32211538461538464