2 0.42788461538461536 0.43990384615384615 0.004807692307692308 0.004807692307692308
1 0.42908653846153844 0.45913461538461536 0.01201923076923077 0.03365384615384615
2 0.43149038461538464 0.4807692307692308 0.004807692307692308 0.007211538461538462
1 0.8317307692307693 0.5 0.036057692307692304 0.014423076923076924
2 0.7019230769230769 0.5096153846153846 0.007211538461538462 0.007211538461538462
1 0.8088942307692307 0.5252403846153846 0.036057692307692304 0.014423076923076924
2 0.5252403846153846 0.5180288461538461 0.004807692307692308 0.007211538461538462
1 0.8329326923076923 0.5360576923076923 0.036057692307692304 0.014423076923076924
1 0.703125 0.53125 0.014423076923076924 0.03125
2 0.703125 0.5480769230769231 0.004807692307692308 0.004807692307692308
1 0.5300480769230769 0.5396634615384616 0.01201923076923077 0.03365384615384615
2 0.5288461538461539 0.5588942307692307 0.002403846153846154 0.004807692307692308
2 0.2860576923076923 0.5769230769230769 0.014423076923076924 0.004807692307692308
2 0.2403846153846154 0.5769230769230769 0.004807692307692308 0.002403846153846154
1 0.2620192307692308 0.578125 0.036057692307692304 0.014423076923076924
0 0.5120192307692307 0.5024038461538461 0.8076923076923077 0.34375