2 0.7415865384615384 0.4723557692307692 0.014423076923076924 0.002403846153846154
1 0.765625 0.46875 0.03365384615384615 0.009615384615384616
2 0.6730769230769231 0.49158653846153844 0.007211538461538462 0.004807692307692308
2 0.5 0.5048076923076923 0.002403846153846154 0.007211538461538462
1 0.6778846153846154 0.5108173076923077 0.01201923076923077 0.03125
2 0.6766826923076923 0.5324519230769231 0.007211538461538462 0.004807692307692308
2 0.8257211538461539 0.5276442307692307 0.01201923076923077 0.007211538461538462
1 0.5012019230769231 0.5264423076923077 0.01201923076923077 0.03365384615384615
2 0.5012019230769231 0.5456730769230769 0.002403846153846154 0.004807692307692308
2 0.5504807692307693 0.5685096153846154 0.004807692307692308 0.002403846153846154
2 0.5072115384615384 0.5721153846153846 0.007211538461538462 0.002403846153846154
1 0.8317307692307693 0.5456730769230769 0.014423076923076924 0.03365384615384615
1 0.5288461538461539 0.5709134615384616 0.03365384615384615 0.01201923076923077
2 0.8293269230769231 0.5673076923076923 0.009615384615384616 0.004807692307692308
2 0.3954326923076923 0.5925480769230769 0.009615384615384616 0.004807692307692308
2 0.34975961538461536 0.5985576923076923 0.004807692307692308 0.002403846153846154
1 0.3713942307692308 0.5985576923076923 0.036057692307692304 0.014423076923076924
0 0.5132211538461539 0.5408653846153846 0.8100961538461539 0.3173076923076923