2 0.3629807692307692 0.5480769230769231 0.01201923076923077 0.04807692307692308
2 0.3088942307692308 0.5072115384615384 0.125 0.021634615384615384
2 0.12980769230769232 0.484375 0.10576923076923077 0.016826923076923076
2 0.1814903846153846 0.47716346153846156 0.09134615384615384 0.014423076923076924
2 0.18269230769230768 0.46033653846153844 0.007211538461538462 0.007211538461538462
2 0.23798076923076922 0.4579326923076923 0.03365384615384615 0.007211538461538462
2 0.13581730769230768 0.44350961538461536 0.019230769230769232 0.004807692307692308
1 0.10697115384615384 0.4411057692307692 0.04326923076923077 0.016826923076923076
1 0.18028846153846154 0.4362980769230769 0.016826923076923076 0.036057692307692304
2 0.18629807692307693 0.41466346153846156 0.007211538461538462 0.007211538461538462
2 0.23197115384615385 0.3894230769230769 0.0889423076923077 0.016826923076923076
2 0.1971153846153846 0.3701923076923077 0.10576923076923077 0.019230769230769232
2 0.2608173076923077 0.36538461538461536 0.03365384615384615 0.009615384615384616
2 0.15144230769230768 0.3245192307692308 0.016826923076923076 0.05048076923076923
0 0.46033653846153844 0.46033653846153844 0.8966346153846154 0.3942307692307692