2 0.3701923076923077 0.5048076923076923 0.004807692307692308 0.007211538461538462
2 0.3004807692307692 0.49278846153846156 0.007211538461538462 0.007211538461538462
1 0.36778846153846156 0.4831730769230769 0.01201923076923077 0.03365384615384615
2 0.36899038461538464 0.4639423076923077 0.004807692307692308 0.004807692307692308
1 0.296875 0.4735576923076923 0.014423076923076924 0.03125
2 0.296875 0.4519230769230769 0.007211538461538462 0.004807692307692308
2 0.2620192307692308 0.4362980769230769 0.002403846153846154 0.002403846153846154
2 0.30528846153846156 0.4375 0.014423076923076924 0.002403846153846154
2 0.7512019230769231 0.45552884615384615 0.007211538461538462 0.007211538461538462
2 0.7632211538461539 0.4567307692307692 0.009615384615384616 0.007211538461538462
1 0.28125 0.4375 0.036057692307692304 0.014423076923076924
1 0.7548076923076923 0.4338942307692308 0.01201923076923077 0.03365384615384615
1 0.7692307692307693 0.4326923076923077 0.01201923076923077 0.03365384615384615
2 0.7512019230769231 0.41225961538461536 0.007211538461538462 0.004807692307692308
2 0.765625 0.41346153846153844 0.009615384615384616 0.004807692307692308
0 0.46274038461538464 0.4723557692307692 0.8076923076923077 0.31490384615384615