2 0.5360576923076923 0.38221153846153844 0.007211538461538462 0.05048076923076923
2 0.59375 0.49759615384615385 0.028846153846153848 0.004807692307692308
2 0.5336538461538461 0.4639423076923077 0.007211538461538462 0.09134615384615384
2 0.6418269230769231 0.5144230769230769 0.06971153846153846 0.007211538461538462
2 0.49759615384615385 0.5192307692307693 0.014423076923076924 0.002403846153846154
2 0.5336538461538461 0.5216346153846154 0.007211538461538462 0.004807692307692308
2 0.5793269230769231 0.5240384615384616 0.007211538461538462 0.002403846153846154
1 0.5576923076923077 0.5240384615384616 0.036057692307692304 0.01201923076923077
2 0.5432692307692307 0.5336538461538461 0.07932692307692307 0.007211538461538462
2 0.625 0.5504807692307693 0.09375 0.009615384615384616
2 0.49038461538461536 0.5600961538461539 0.007211538461538462 0.06009615384615385
0 0.5432692307692307 0.4735576923076923 0.8822115384615384 0.31490384615384615