2 0.45552884615384615 0.5901442307692307 0.009615384615384616 0.04807692307692308
2 0.5625 0.4639423076923077 0.11778846153846154 0.016826923076923076
2 0.49038461538461536 0.46033653846153844 0.07932692307692307 0.01201923076923077
2 0.5661057692307693 0.4495192307692308 0.028846153846153848 0.007211538461538462
2 0.44471153846153844 0.4963942307692308 0.016826923076923076 0.09134615384615384
2 0.5300480769230769 0.4423076923076923 0.009615384615384616 0.004807692307692308
2 0.5745192307692307 0.43509615384615385 0.004807692307692308 0.002403846153846154
1 0.5540865384615384 0.4387019230769231 0.03365384615384615 0.014423076923076924
2 0.4519230769230769 0.4387019230769231 0.007211538461538462 0.002403846153846154
2 0.49759615384615385 0.4326923076923077 0.007211538461538462 0.002403846153846154
1 0.47596153846153844 0.4338942307692308 0.036057692307692304 0.014423076923076924
2 0.49158653846153844 0.4182692307692308 0.11778846153846154 0.016826923076923076
2 0.6141826923076923 0.4026442307692308 0.014423076923076924 0.08413461538461539
0 0.46634615384615385 0.5 0.8894230769230769 0.3798076923076923