2 0.59375 0.6021634615384616 0.004807692307692308 0.004807692307692308
2 0.5600961538461539 0.22355769230769232 0.007211538461538462 0.009615384615384616
2 0.5637019230769231 0.5168269230769231 0.002403846153846154 0.004807692307692308
2 0.5612980769230769 0.47596153846153844 0.002403846153846154 0.007211538461538462
1 0.5625 0.4951923076923077 0.01201923076923077 0.03365384615384615
1 0.5721153846153846 0.6057692307692307 0.03365384615384615 0.01201923076923077
1 0.5408653846153846 0.22235576923076922 0.03365384615384615 0.016826923076923076
2 0.5504807692307693 0.6045673076923077 0.007211538461538462 0.004807692307692308
2 0.5192307692307693 0.2283653846153846 0.007211538461538462 0.009615384615384616
1 0.5264423076923077 0.8064903846153846 0.01201923076923077 0.038461538461538464
2 0.5060096153846154 0.5841346153846154 0.007211538461538462 0.004807692307692308
2 0.4855769230769231 0.3269230769230769 0.007211538461538462 0.007211538461538462
1 0.484375 0.5877403846153846 0.03365384615384615 0.01201923076923077
1 0.4639423076923077 0.3269230769230769 0.03125 0.014423076923076924
2 0.4651442307692308 0.5865384615384616 0.004807692307692308 0.004807692307692308
2 0.44471153846153844 0.33052884615384615 0.004807692307692308 0.007211538461538462
0 0.5252403846153846 0.5540865384615384 0.3245192307692308 0.8149038461538461