2 0.7524038461538461 0.4362980769230769 0.009615384615384616 0.004807692307692308
2 0.44471153846153844 0.43990384615384615 0.002403846153846154 0.004807692307692308
2 0.8209134615384616 0.4579326923076923 0.016826923076923076 0.002403846153846154
1 0.8425480769230769 0.4567307692307692 0.03365384615384615 0.009615384615384616
1 0.7560096153846154 0.4579326923076923 0.014423076923076924 0.03125
2 0.7536057692307693 0.47716346153846156 0.007211538461538462 0.007211538461538462
2 0.6430288461538461 0.4735576923076923 0.007211538461538462 0.007211538461538462
1 0.44350961538461536 0.46153846153846156 0.01201923076923077 0.03365384615384615
2 0.44471153846153844 0.4831730769230769 0.002403846153846154 0.007211538461538462
1 0.6466346153846154 0.4951923076923077 0.01201923076923077 0.03125
2 0.6442307692307693 0.5144230769230769 0.007211538461538462 0.004807692307692308
2 0.6670673076923077 0.5516826923076923 0.002403846153846154 0.002403846153846154
2 0.6237980769230769 0.5528846153846154 0.01201923076923077 0.002403846153846154
1 0.6478365384615384 0.5528846153846154 0.03365384615384615 0.01201923076923077
2 0.23076923076923078 0.5504807692307693 0.014423076923076924 0.002403846153846154
2 0.18028846153846154 0.5540865384615384 0.004807692307692308 0.002403846153846154
1 0.20432692307692307 0.5516826923076923 0.038461538461538464 0.014423076923076924
0 0.49278846153846156 0.5120192307692307 0.8004807692307693 0.31971153846153844