2 0.45552884615384615 0.625 0.04567307692307692 0.01201923076923077
2 0.5649038461538461 0.6298076923076923 0.002403846153846154 0.01201923076923077
2 0.5709134615384616 0.6742788461538461 0.002403846153846154 0.004807692307692308
1 0.5685096153846154 0.6526442307692307 0.01201923076923077 0.036057692307692304
2 0.5396634615384616 0.6177884615384616 0.07692307692307693 0.014423076923076924
2 0.5925480769230769 0.6418269230769231 0.007211538461538462 0.040865384615384616
2 0.6021634615384616 0.6141826923076923 0.002403846153846154 0.01201923076923077
2 0.6081730769230769 0.6598557692307693 0.002403846153846154 0.004807692307692308
1 0.6057692307692307 0.6382211538461539 0.01201923076923077 0.036057692307692304
2 0.6262019230769231 0.671875 0.08653846153846154 0.014423076923076924
0 0.5228365384615384 0.4519230769230769 0.36778846153846156 0.8990384615384616