2 0.4699519230769231 0.25600961538461536 0.002403846153846154 0.014423076923076924
2 0.47115384615384615 0.21033653846153846 0.002403846153846154 0.002403846153846154
1 0.46875 0.23197115384615385 0.014423076923076924 0.038461538461538464
2 0.484375 0.055288461538461536 0.007211538461538462 0.014423076923076924
2 0.49759615384615385 0.34615384615384615 0.007211538461538462 0.004807692307692308
1 0.5060096153846154 0.04807692307692308 0.03365384615384615 0.016826923076923076
1 0.5192307692307693 0.3449519230769231 0.03365384615384615 0.01201923076923077
2 0.5396634615384616 0.47475961538461536 0.002403846153846154 0.007211538461538462
2 0.5408653846153846 0.4338942307692308 0.002403846153846154 0.004807692307692308
2 0.5276442307692307 0.054086538461538464 0.004807692307692308 0.014423076923076924
2 0.5384615384615384 0.3473557692307692 0.004807692307692308 0.004807692307692308
1 0.5420673076923077 0.453125 0.009615384615384616 0.03365384615384615
2 0.578125 0.4639423076923077 0.004807692307692308 0.007211538461538462
2 0.5769230769230769 0.4206730769230769 0.004807692307692308 0.004807692307692308
1 0.5793269230769231 0.4423076923076923 0.01201923076923077 0.03365384615384615
0 0.5216346153846154 0.42908653846153844 0.3125 0.8100961538461539