2 0.8521634615384616 0.45913461538461536 0.014423076923076924 0.004807692307692308
2 0.515625 0.45072115384615385 0.004807692307692308 0.002403846153846154
2 0.47475961538461536 0.44711538461538464 0.007211538461538462 0.002403846153846154
2 0.44350961538461536 0.4483173076923077 0.007211538461538462 0.002403846153846154
2 0.40024038461538464 0.44471153846153844 0.007211538461538462 0.002403846153846154
1 0.49399038461538464 0.4495192307692308 0.03365384615384615 0.01201923076923077
1 0.421875 0.44350961538461536 0.03365384615384615 0.01201923076923077
1 0.8581730769230769 0.4795673076923077 0.016826923076923076 0.03125
2 0.8521634615384616 0.5 0.014423076923076924 0.007211538461538462
2 0.15625 0.45913461538461536 0.014423076923076924 0.007211538461538462
2 0.8269230769230769 0.5396634615384616 0.014423076923076924 0.007211538461538462
1 0.1466346153846154 0.4795673076923077 0.016826923076923076 0.036057692307692304
2 0.49158653846153844 0.5240384615384616 0.002403846153846154 0.007211538461538462
2 0.15264423076923078 0.5024038461538461 0.01201923076923077 0.004807692307692308
1 0.8329326923076923 0.5588942307692307 0.016826923076923076 0.03125
2 0.8269230769230769 0.578125 0.01201923076923077 0.004807692307692308
1 0.4891826923076923 0.5444711538461539 0.01201923076923077 0.03365384615384615
2 0.31490384615384615 0.5612980769230769 0.01201923076923077 0.004807692307692308
2 0.2692307692307692 0.5588942307692307 0.004807692307692308 0.002403846153846154
1 0.29086538461538464 0.5625 0.036057692307692304 0.014423076923076924
0 0.49158653846153844 0.5144230769230769 0.8004807692307693 0.32211538461538464