2 0.44711538461538464 0.3425480769230769 0.002403846153846154 0.01201923076923077
2 0.44591346153846156 0.29927884615384615 0.002403846153846154 0.002403846153846154
1 0.44591346153846156 0.31850961538461536 0.01201923076923077 0.036057692307692304
2 0.4567307692307692 0.6189903846153846 0.007211538461538462 0.004807692307692308
2 0.4651442307692308 0.7391826923076923 0.007211538461538462 0.009615384615384616
1 0.47596153846153844 0.6225961538461539 0.03365384615384615 0.01201923076923077
2 0.49759615384615385 0.6201923076923077 0.004807692307692308 0.004807692307692308
1 0.4855769230769231 0.7427884615384616 0.03365384615384615 0.01201923076923077
2 0.5060096153846154 0.7379807692307693 0.004807692307692308 0.009615384615384616
2 0.5132211538461539 0.5480769230769231 0.002403846153846154 0.004807692307692308
2 0.5144230769230769 0.5048076923076923 0.002403846153846154 0.007211538461538462
1 0.5144230769230769 0.5264423076923077 0.009615384615384616 0.03365384615384615
2 0.5240384615384616 0.6442307692307693 0.002403846153846154 0.004807692307692308
2 0.5228365384615384 0.6009615384615384 0.002403846153846154 0.009615384615384616
1 0.5240384615384616 0.6225961538461539 0.009615384615384616 0.03365384615384615
0 0.48677884615384615 0.44711538461538464 0.2980769230769231 0.8004807692307693