2 0.5456730769230769 0.3449519230769231 0.002403846153846154 0.01201923076923077
2 0.5432692307692307 0.29927884615384615 0.002403846153846154 0.004807692307692308
2 0.5649038461538461 0.9014423076923077 0.007211538461538462 0.01201923076923077
1 0.546875 0.32091346153846156 0.009615384615384616 0.03365384615384615
1 0.5432692307692307 0.9050480769230769 0.03365384615384615 0.016826923076923076
2 0.5240384615384616 0.9014423076923077 0.004807692307692308 0.009615384615384616
1 0.5012019230769231 0.3942307692307692 0.009615384615384616 0.03365384615384615
1 0.4951923076923077 0.2403846153846154 0.01201923076923077 0.036057692307692304
2 0.4699519230769231 0.4651442307692308 0.004807692307692308 0.009615384615384616
2 0.46634615384615385 0.42427884615384615 0.002403846153846154 0.004807692307692308
1 0.46634615384615385 0.44350961538461536 0.009615384615384616 0.03365384615384615
2 0.45913461538461536 0.4891826923076923 0.004807692307692308 0.007211538461538462
2 0.4567307692307692 0.44591346153846156 0.004807692307692308 0.004807692307692308
1 0.45552884615384615 0.4675480769230769 0.009615384615384616 0.03365384615384615
0 0.5240384615384616 0.5564903846153846 0.2932692307692308 0.8100961538461539