2 0.4338942307692308 0.16947115384615385 0.04326923076923077 0.009615384615384616
2 0.4639423076923077 0.21754807692307693 0.009615384615384616 0.0985576923076923
2 0.4891826923076923 0.2668269230769231 0.007211538461538462 0.007211538461538462
1 0.5108173076923077 0.2644230769230769 0.03365384615384615 0.01201923076923077
2 0.5324519230769231 0.2668269230769231 0.007211538461538462 0.007211538461538462
2 0.5384615384615384 0.20552884615384615 0.004807692307692308 0.06490384615384616
2 0.546875 0.26322115384615385 0.004807692307692308 0.06490384615384616
2 0.5600961538461539 0.2536057692307692 0.002403846153846154 0.014423076923076924
1 0.5625 0.22956730769230768 0.009615384615384616 0.036057692307692304
2 0.5745192307692307 0.21995192307692307 0.002403846153846154 0.014423076923076924
2 0.5757211538461539 0.17668269230769232 0.002403846153846154 0.002403846153846154
2 0.5745192307692307 0.25841346153846156 0.004807692307692308 0.028846153846153848
1 0.5769230769230769 0.19591346153846154 0.009615384615384616 0.03365384615384615
2 0.5853365384615384 0.2776442307692308 0.004807692307692308 0.040865384615384616
2 0.5865384615384616 0.23677884615384615 0.004807692307692308 0.028846153846153848
2 0.6081730769230769 0.21394230769230768 0.04567307692307692 0.009615384615384616
0 0.49158653846153844 0.5576923076923077 0.31971153846153844 0.875