2 0.1622596153846154 0.6021634615384616 0.002403846153846154 0.002403846153846154
2 0.2127403846153846 0.5961538461538461 0.016826923076923076 0.002403846153846154
1 0.18629807692307693 0.5997596153846154 0.040865384615384616 0.014423076923076924
2 0.14783653846153846 0.5901442307692307 0.019230769230769232 0.002403846153846154
1 0.11658653846153846 0.59375 0.04326923076923077 0.014423076923076924
2 0.421875 0.5733173076923077 0.002403846153846154 0.007211538461538462
2 0.33533653846153844 0.5697115384615384 0.007211538461538462 0.007211538461538462
2 0.12379807692307693 0.5516826923076923 0.01201923076923077 0.007211538461538462
1 0.41947115384615385 0.5516826923076923 0.01201923076923077 0.03365384615384615
1 0.33052884615384615 0.5480769230769231 0.01201923076923077 0.03365384615384615
2 0.4182692307692308 0.5300480769230769 0.002403846153846154 0.004807692307692308
2 0.3317307692307692 0.5264423076923077 0.004807692307692308 0.004807692307692308
2 0.6754807692307693 0.5036057692307693 0.01201923076923077 0.002403846153846154
1 0.11778846153846154 0.5288461538461539 0.014423076923076924 0.036057692307692304
1 0.6971153846153846 0.5012019230769231 0.03365384615384615 0.01201923076923077
2 0.12259615384615384 0.5060096153846154 0.01201923076923077 0.004807692307692308
2 0.6610576923076923 0.47115384615384615 0.01201923076923077 0.002403846153846154
2 0.7019230769230769 0.4675480769230769 0.002403846153846154 0.002403846153846154
1 0.6826923076923077 0.4675480769230769 0.03125 0.01201923076923077
0 0.41225961538461536 0.5588942307692307 0.8245192307692307 0.33653846153846156