2 0.40024038461538464 0.6790865384615384 0.007211538461538462 0.007211538461538462
2 0.39663461538461536 0.765625 0.004807692307692308 0.007211538461538462
1 0.41586538461538464 0.8052884615384616 0.014423076923076924 0.038461538461538464
1 0.421875 0.6826923076923077 0.03365384615384615 0.016826923076923076
1 0.4182692307692308 0.7692307692307693 0.03365384615384615 0.016826923076923076
2 0.44350961538461536 0.6790865384615384 0.007211538461538462 0.007211538461538462
2 0.4411057692307692 0.7632211538461539 0.004807692307692308 0.009615384615384616
2 0.4519230769230769 0.6430288461538461 0.007211538461538462 0.007211538461538462
1 0.4723557692307692 0.6478365384615384 0.03365384615384615 0.014423076923076924
2 0.49759615384615385 0.5745192307692307 0.002403846153846154 0.009615384615384616
2 0.49278846153846156 0.6442307692307693 0.004807692307692308 0.007211538461538462
2 0.4963942307692308 0.6177884615384616 0.002403846153846154 0.004807692307692308
1 0.49759615384615385 0.5961538461538461 0.01201923076923077 0.03365384615384615
2 0.5288461538461539 0.7427884615384616 0.002403846153846154 0.014423076923076924
2 0.5252403846153846 0.7884615384615384 0.002403846153846154 0.004807692307692308
1 0.5276442307692307 0.7668269230769231 0.014423076923076924 0.036057692307692304
0 0.4723557692307692 0.4735576923076923 0.33413461538461536 0.8149038461538461