2 0.42427884615384615 0.421875 0.06009615384615385 0.009615384615384616
2 0.48197115384615385 0.4182692307692308 0.007211538461538462 0.004807692307692308
1 0.5036057692307693 0.41586538461538464 0.03365384615384615 0.01201923076923077
2 0.5252403846153846 0.41586538461538464 0.007211538461538462 0.004807692307692308
2 0.5360576923076923 0.35216346153846156 0.002403846153846154 0.004807692307692308
2 0.5396634615384616 0.39783653846153844 0.002403846153846154 0.01201923076923077
1 0.5384615384615384 0.3737980769230769 0.01201923076923077 0.03365384615384615
2 0.5444711538461539 0.4651442307692308 0.01201923076923077 0.10336538461538461
2 0.5516826923076923 0.4170673076923077 0.002403846153846154 0.004807692307692308
2 0.5564903846153846 0.46274038461538464 0.002403846153846154 0.009615384615384616
1 0.5564903846153846 0.4387019230769231 0.01201923076923077 0.03365384615384615
2 0.578125 0.4074519230769231 0.004807692307692308 0.016826923076923076
2 0.5829326923076923 0.4651442307692308 0.004807692307692308 0.007211538461538462
2 0.5841346153846154 0.5108173076923077 0.002403846153846154 0.007211538461538462
1 0.5841346153846154 0.4891826923076923 0.01201923076923077 0.036057692307692304
2 0.5841346153846154 0.3473557692307692 0.07211538461538461 0.014423076923076924
0 0.5204326923076923 0.5384615384615384 0.35096153846153844 0.8798076923076923