2 0.46153846153846156 0.5264423076923077 0.004807692307692308 0.002403846153846154
2 0.46875 0.23798076923076922 0.004807692307692308 0.007211538461538462
2 0.47115384615384615 0.05048076923076923 0.007211538461538462 0.016826923076923076
1 0.4807692307692308 0.5288461538461539 0.03125 0.009615384615384616
1 0.4879807692307692 0.23317307692307693 0.03365384615384615 0.014423076923076924
2 0.5024038461538461 0.5288461538461539 0.007211538461538462 0.002403846153846154
2 0.5048076923076923 0.1971153846153846 0.007211538461538462 0.007211538461538462
1 0.49278846153846156 0.04326923076923077 0.036057692307692304 0.019230769230769232
2 0.5072115384615384 0.5745192307692307 0.007211538461538462 0.004807692307692308
2 0.5096153846153846 0.23557692307692307 0.007211538461538462 0.007211538461538462
2 0.5144230769230769 0.05048076923076923 0.007211538461538462 0.016826923076923076
1 0.5264423076923077 0.19471153846153846 0.03365384615384615 0.014423076923076924
1 0.5288461538461539 0.5793269230769231 0.03365384615384615 0.01201923076923077
2 0.5480769230769231 0.5769230769230769 0.004807692307692308 0.004807692307692308
2 0.5480769230769231 0.1971153846153846 0.004807692307692308 0.007211538461538462
2 0.5480769230769231 0.3870192307692308 0.007211538461538462 0.004807692307692308
1 0.5721153846153846 0.38461538461538464 0.03365384615384615 0.01201923076923077
2 0.59375 0.11057692307692307 0.002403846153846154 0.021634615384615384
2 0.5913461538461539 0.3870192307692308 0.004807692307692308 0.004807692307692308
1 0.5961538461538461 0.08173076923076923 0.01201923076923077 0.04326923076923077
0 0.5384615384615384 0.4110576923076923 0.28125 0.8173076923076923