2 0.5901442307692307 0.19230769230769232 0.04567307692307692 0.014423076923076924
2 0.4543269230769231 0.5036057692307693 0.007211538461538462 0.026442307692307692
2 0.46153846153846156 0.3858173076923077 0.014423076923076924 0.10576923076923077
2 0.4987980769230769 0.18389423076923078 0.040865384615384616 0.01201923076923077
2 0.44471153846153844 0.44471153846153844 0.007211538461538462 0.014423076923076924
2 0.43028846153846156 0.4675480769230769 0.007211538461538462 0.040865384615384616
2 0.4362980769230769 0.3713942307692308 0.007211538461538462 0.028846153846153848
2 0.4495192307692308 0.22235576923076922 0.01201923076923077 0.06971153846153846
2 0.43028846153846156 0.30528846153846156 0.014423076923076924 0.10817307692307693
2 0.41225961538461536 0.3786057692307692 0.002403846153846154 0.01201923076923077
2 0.41586538461538464 0.33052884615384615 0.002403846153846154 0.004807692307692308
2 0.4266826923076923 0.18269230769230768 0.004807692307692308 0.019230769230769232
1 0.4110576923076923 0.35216346153846156 0.01201923076923077 0.036057692307692304
2 0.3786057692307692 0.5108173076923077 0.05048076923076923 0.009615384615384616
0 0.47475961538461536 0.5096153846153846 0.3629807692307692 0.8894230769230769