2 0.12259615384615384 0.5901442307692307 0.016826923076923076 0.007211538461538462
2 0.3125 0.5661057692307693 0.002403846153846154 0.002403846153846154
2 0.3557692307692308 0.5625 0.01201923076923077 0.004807692307692308
1 0.3317307692307692 0.5661057692307693 0.03365384615384615 0.009615384615384616
2 0.28846153846153844 0.5552884615384616 0.002403846153846154 0.002403846153846154
2 0.33052884615384615 0.5540865384615384 0.014423076923076924 0.002403846153846154
1 0.30649038461538464 0.5552884615384616 0.03365384615384615 0.009615384615384616
1 0.11538461538461539 0.5709134615384616 0.014423076923076924 0.03365384615384615
2 0.11899038461538461 0.5492788461538461 0.014423076923076924 0.007211538461538462
1 0.5228365384615384 0.5396634615384616 0.009615384615384616 0.03365384615384615
2 0.5228365384615384 0.5180288461538461 0.002403846153846154 0.007211538461538462
2 0.6262019230769231 0.46875 0.004807692307692308 0.007211538461538462
1 0.6262019230769231 0.44711538461538464 0.01201923076923077 0.03365384615384615
2 0.6225961538461539 0.42788461538461536 0.004807692307692308 0.004807692307692308
0 0.4639423076923077 0.4987980769230769 0.8004807692307693 0.3076923076923077