2 0.5528846153846154 0.44471153846153844 0.007211538461538462 0.002403846153846154
2 0.30649038461538464 0.43149038461538464 0.009615384615384616 0.004807692307692308
2 0.59375 0.4495192307692308 0.004807692307692308 0.002403846153846154
1 0.5745192307692307 0.4483173076923077 0.03365384615384615 0.014423076923076924
2 0.38221153846153844 0.45072115384615385 0.009615384615384616 0.002403846153846154
1 0.3581730769230769 0.44711538461538464 0.03365384615384615 0.014423076923076924
2 0.4519230769230769 0.46153846153846156 0.004807692307692308 0.007211538461538462
1 0.3004807692307692 0.453125 0.014423076923076924 0.03125
2 0.8617788461538461 0.49759615384615385 0.014423076923076924 0.007211538461538462
2 0.3016826923076923 0.4723557692307692 0.009615384615384616 0.004807692307692308
1 0.4483173076923077 0.4831730769230769 0.014423076923076924 0.03365384615384615
2 0.44711538461538464 0.5024038461538461 0.004807692307692308 0.004807692307692308
2 0.5649038461538461 0.5108173076923077 0.002403846153846154 0.007211538461538462
1 0.8653846153846154 0.5192307692307693 0.019230769230769232 0.036057692307692304
2 0.8545673076923077 0.5372596153846154 0.014423076923076924 0.004807692307692308
2 0.8293269230769231 0.5504807692307693 0.019230769230769232 0.002403846153846154
1 0.8581730769230769 0.5552884615384616 0.040865384615384616 0.014423076923076924
1 0.5637019230769231 0.5324519230769231 0.014423076923076924 0.03365384615384615
2 0.5600961538461539 0.5516826923076923 0.002403846153846154 0.004807692307692308
0 0.5901442307692307 0.4963942307692308 0.8197115384615384 0.34375