2 0.39783653846153844 0.4362980769230769 0.009615384615384616 0.002403846153846154
2 0.3545673076923077 0.43990384615384615 0.004807692307692308 0.002403846153846154
1 0.3737980769230769 0.4375 0.03365384615384615 0.01201923076923077
2 0.24879807692307693 0.44711538461538464 0.014423076923076924 0.002403846153846154
2 0.20552884615384615 0.4495192307692308 0.002403846153846154 0.002403846153846154
1 0.2247596153846154 0.4495192307692308 0.03365384615384615 0.01201923076923077
2 0.5793269230769231 0.47475961538461536 0.004807692307692308 0.007211538461538462
2 0.4254807692307692 0.48197115384615385 0.009615384615384616 0.002403846153846154
2 0.38221153846153844 0.4855769230769231 0.004807692307692308 0.002403846153846154
1 0.4014423076923077 0.48197115384615385 0.03365384615384615 0.01201923076923077
1 0.7331730769230769 0.4987980769230769 0.036057692307692304 0.01201923076923077
1 0.5817307692307693 0.4963942307692308 0.01201923076923077 0.03365384615384615
2 0.36778846153846156 0.5216346153846154 0.01201923076923077 0.002403846153846154
2 0.5817307692307693 0.5180288461538461 0.002403846153846154 0.004807692307692308
1 0.34615384615384615 0.5216346153846154 0.03365384615384615 0.009615384615384616
2 0.6586538461538461 0.5264423076923077 0.014423076923076924 0.002403846153846154
1 0.6826923076923077 0.5252403846153846 0.036057692307692304 0.01201923076923077
2 0.32572115384615385 0.5588942307692307 0.01201923076923077 0.002403846153846154
2 0.2824519230769231 0.5612980769230769 0.004807692307692308 0.002403846153846154
1 0.3016826923076923 0.5612980769230769 0.03365384615384615 0.009615384615384616
0 0.5721153846153846 0.48677884615384615 0.8076923076923077 0.30528846153846156