2 0.5192307692307693 0.46634615384615385 0.004807692307692308 0.002403846153846154
2 0.47836538461538464 0.46875 0.007211538461538462 0.002403846153846154
1 0.5 0.46634615384615385 0.03365384615384615 0.01201923076923077
2 0.8185096153846154 0.5420673076923077 0.014423076923076924 0.007211538461538462
1 0.7896634615384616 0.5528846153846154 0.03365384615384615 0.009615384615384616
1 0.8257211538461539 0.5637019230769231 0.014423076923076924 0.03125
2 0.26322115384615385 0.5709134615384616 0.014423076923076924 0.002403846153846154
2 0.21514423076923078 0.5721153846153846 0.004807692307692308 0.002403846153846154
2 0.8233173076923077 0.5829326923076923 0.01201923076923077 0.004807692307692308
2 0.18629807692307693 0.5709134615384616 0.016826923076923076 0.002403846153846154
2 0.13341346153846154 0.5757211538461539 0.004807692307692308 0.002403846153846154
1 0.23918269230769232 0.5721153846153846 0.038461538461538464 0.01201923076923077
1 0.15745192307692307 0.5733173076923077 0.040865384615384616 0.01201923076923077
2 0.4050480769230769 0.5901442307692307 0.009615384615384616 0.004807692307692308
2 0.359375 0.5913461538461539 0.004807692307692308 0.002403846153846154
1 0.38100961538461536 0.5913461538461539 0.036057692307692304 0.01201923076923077
0 0.49158653846153844 0.5456730769230769 0.8052884615384616 0.30528846153846156