2 0.6586538461538461 0.5961538461538461 0.004807692307692308 0.004807692307692308
2 0.6129807692307693 0.5913461538461539 0.009615384615384616 0.004807692307692308
1 0.6370192307692307 0.59375 0.03365384615384615 0.01201923076923077
2 0.5168269230769231 0.5817307692307693 0.002403846153846154 0.004807692307692308
2 0.2283653846153846 0.5600961538461539 0.014423076923076924 0.002403846153846154
2 0.6225961538461539 0.5552884615384616 0.004807692307692308 0.002403846153846154
1 0.20192307692307693 0.5600961538461539 0.036057692307692304 0.01201923076923077
2 0.5793269230769231 0.5528846153846154 0.009615384615384616 0.002403846153846154
1 0.6033653846153846 0.5552884615384616 0.03365384615384615 0.01201923076923077
1 0.5168269230769231 0.5600961538461539 0.01201923076923077 0.03365384615384615
2 0.44711538461538464 0.5384615384615384 0.004807692307692308 0.007211538461538462
2 0.5192307692307693 0.5384615384615384 0.002403846153846154 0.007211538461538462
1 0.18269230769230768 0.5216346153846154 0.036057692307692304 0.01201923076923077
1 0.44711538461538464 0.5192307692307693 0.01201923076923077 0.03365384615384615
2 0.4519230769230769 0.49759615384615385 0.004807692307692308 0.004807692307692308
2 0.40384615384615385 0.44471153846153844 0.009615384615384616 0.004807692307692308
2 0.3629807692307692 0.4423076923076923 0.002403846153846154 0.002403846153846154
1 0.38221153846153844 0.4423076923076923 0.03365384615384615 0.01201923076923077
0 0.46153846153846156 0.5168269230769231 0.7980769230769231 0.31009615384615385