2 0.49038461538461536 0.6754807692307693 0.007211538461538462 0.007211538461538462
2 0.5 0.47596153846153844 0.007211538461538462 0.002403846153846154
1 0.5120192307692307 0.6778846153846154 0.03125 0.01201923076923077
2 0.53125 0.6754807692307693 0.004807692307692308 0.007211538461538462
2 0.5336538461538461 0.1201923076923077 0.007211538461538462 0.014423076923076924
1 0.5216346153846154 0.47596153846153844 0.03365384615384615 0.009615384615384616
2 0.5408653846153846 0.47596153846153844 0.004807692307692308 0.002403846153846154
1 0.5552884615384616 0.11298076923076923 0.03365384615384615 0.016826923076923076
2 0.5769230769230769 0.1201923076923077 0.004807692307692308 0.014423076923076924
2 0.5817307692307693 0.6322115384615384 0.004807692307692308 0.01201923076923077
2 0.5817307692307693 0.6754807692307693 0.002403846153846154 0.004807692307692308
2 0.5817307692307693 0.7716346153846154 0.002403846153846154 0.014423076923076924
2 0.5841346153846154 0.8173076923076923 0.002403846153846154 0.004807692307692308
1 0.5841346153846154 0.6538461538461539 0.009615384615384616 0.03365384615384615
1 0.5841346153846154 0.7980769230769231 0.009615384615384616 0.036057692307692304
0 0.5168269230769231 0.4423076923076923 0.2644230769230769 0.7980769230769231