2 0.5360576923076923 0.46153846153846156 0.007211538461538462 0.004807692307692308
2 0.5216346153846154 0.5516826923076923 0.002403846153846154 0.004807692307692308
2 0.5240384615384616 0.5108173076923077 0.002403846153846154 0.007211538461538462
2 0.5144230769230769 0.6766826923076923 0.007211538461538462 0.007211538461538462
1 0.5252403846153846 0.5300480769230769 0.01201923076923077 0.03365384615384615
1 0.5144230769230769 0.4579326923076923 0.03365384615384615 0.01201923076923077
2 0.49278846153846156 0.45913461538461536 0.004807692307692308 0.004807692307692308
2 0.47115384615384615 0.8569711538461539 0.007211538461538462 0.014423076923076924
1 0.49278846153846156 0.6778846153846154 0.03365384615384615 0.014423076923076924
2 0.4735576923076923 0.6742788461538461 0.004807692307692308 0.007211538461538462
1 0.4495192307692308 0.8605769230769231 0.036057692307692304 0.016826923076923076
2 0.42788461538461536 0.8545673076923077 0.004807692307692308 0.014423076923076924
0 0.5072115384615384 0.5865384615384616 0.31490384615384615 0.8149038461538461