2 0.6213942307692307 0.6694711538461539 0.04807692307692308 0.01201923076923077
2 0.5985576923076923 0.7896634615384616 0.014423076923076924 0.09375
2 0.5913461538461539 0.8485576923076923 0.004807692307692308 0.03125
2 0.5769230769230769 0.7115384615384616 0.01201923076923077 0.07932692307692307
2 0.578125 0.8605769230769231 0.007211538461538462 0.009615384615384616
1 0.5564903846153846 0.8665865384615384 0.03365384615384615 0.014423076923076924
2 0.5348557692307693 0.8641826923076923 0.007211538461538462 0.009615384615384616
2 0.5132211538461539 0.8221153846153846 0.01201923076923077 0.09134615384615384
2 0.5084134615384616 0.6610576923076923 0.016826923076923076 0.11778846153846154
2 0.5048076923076923 0.8605769230769231 0.002403846153846154 0.019230769230769232
2 0.49158653846153844 0.75 0.009615384615384616 0.0673076923076923
2 0.49278846153846156 0.8605769230769231 0.002403846153846154 0.019230769230769232
2 0.4483173076923077 0.6105769230769231 0.08413461538461539 0.014423076923076924
0 0.5060096153846154 0.46875 0.37259615384615385 0.8870192307692307