2 0.7427884615384616 0.6057692307692307 0.01201923076923077 0.05048076923076923
2 0.47716346153846156 0.5793269230769231 0.09134615384615384 0.009615384615384616
2 0.6887019230769231 0.5564903846153846 0.0985576923076923 0.009615384615384616
2 0.40024038461538464 0.5564903846153846 0.0673076923076923 0.004807692307692308
2 0.5805288461538461 0.5492788461538461 0.1201923076923077 0.009615384615384616
2 0.36899038461538464 0.5408653846153846 0.004807692307692308 0.007211538461538462
1 0.36538461538461536 0.5192307692307693 0.009615384615384616 0.03365384615384615
2 0.36778846153846156 0.49759615384615385 0.004807692307692308 0.007211538461538462
2 0.3870192307692308 0.4951923076923077 0.016826923076923076 0.002403846153846154
2 0.3605769230769231 0.4831730769230769 0.040865384615384616 0.004807692307692308
2 0.3545673076923077 0.45913461538461536 0.028846153846153848 0.004807692307692308
2 0.38822115384615385 0.43509615384615385 0.007211538461538462 0.04567307692307692
0 0.5480769230769231 0.5180288461538461 0.8846153846153846 0.32211538461538464