2 0.765625 0.41346153846153844 0.002403846153846154 0.002403846153846154
2 0.7223557692307693 0.4206730769230769 0.014423076923076924 0.004807692307692308
1 0.7463942307692307 0.4170673076923077 0.036057692307692304 0.014423076923076924
2 0.5096153846153846 0.4495192307692308 0.002403846153846154 0.007211538461538462
1 0.5108173076923077 0.47115384615384615 0.014423076923076924 0.03365384615384615
2 0.5144230769230769 0.4891826923076923 0.002403846153846154 0.007211538461538462
2 0.18870192307692307 0.5745192307692307 0.009615384615384616 0.007211538461538462
2 0.3161057692307692 0.5793269230769231 0.01201923076923077 0.002403846153846154
2 0.27283653846153844 0.5841346153846154 0.004807692307692308 0.002403846153846154
1 0.2920673076923077 0.5829326923076923 0.036057692307692304 0.014423076923076924
1 0.18509615384615385 0.5961538461538461 0.016826923076923076 0.03365384615384615
2 0.19110576923076922 0.6177884615384616 0.009615384615384616 0.004807692307692308
0 0.5420673076923077 0.5120192307692307 0.8125 0.3485576923076923