2 0.18990384615384615 0.6225961538461539 0.014423076923076924 0.05048076923076923
2 0.19951923076923078 0.5841346153846154 0.019230769230769232 0.002403846153846154
2 0.36778846153846156 0.5721153846153846 0.08413461538461539 0.004807692307692308
2 0.17307692307692307 0.5721153846153846 0.07451923076923077 0.004807692307692308
2 0.17548076923076922 0.5576923076923077 0.07451923076923077 0.004807692307692308
2 0.40865384615384615 0.5552884615384616 0.002403846153846154 0.007211538461538462
2 0.2692307692307692 0.5456730769230769 0.125 0.004807692307692308
1 0.40625 0.53125 0.01201923076923077 0.036057692307692304
2 0.4254807692307692 0.5072115384615384 0.007211538461538462 0.002403846153846154
2 0.46875 0.5072115384615384 0.007211538461538462 0.002403846153846154
2 0.40865384615384615 0.5096153846153846 0.004807692307692308 0.007211538461538462
1 0.44711538461538464 0.5072115384615384 0.036057692307692304 0.009615384615384616
2 0.4423076923076923 0.4951923076923077 0.0673076923076923 0.004807692307692308
2 0.4230769230769231 0.44711538461538464 0.007211538461538462 0.07211538461538461
0 0.4735576923076923 0.53125 0.8822115384615384 0.29086538461538464