2 0.28725961538461536 0.5360576923076923 0.002403846153846154 0.002403846153846154
2 0.3293269230769231 0.5336538461538461 0.014423076923076924 0.004807692307692308
1 0.3076923076923077 0.5348557692307693 0.03365384615384615 0.014423076923076924
2 0.25961538461538464 0.5 0.014423076923076924 0.002403846153846154
1 0.234375 0.5012019230769231 0.036057692307692304 0.014423076923076924
2 0.1346153846153846 0.48677884615384615 0.016826923076923076 0.004807692307692308
2 0.3557692307692308 0.5 0.002403846153846154 0.002403846153846154
2 0.39663461538461536 0.5 0.01201923076923077 0.002403846153846154
1 0.375 0.4987980769230769 0.03365384615384615 0.014423076923076924
2 0.6153846153846154 0.5084134615384616 0.009615384615384616 0.002403846153846154
2 0.6610576923076923 0.5084134615384616 0.004807692307692308 0.002403846153846154
1 0.6394230769230769 0.5096153846153846 0.03365384615384615 0.014423076923076924
2 0.41225961538461536 0.484375 0.004807692307692308 0.007211538461538462
1 0.12620192307692307 0.46634615384615385 0.019230769230769232 0.03365384615384615
2 0.12980769230769232 0.44711538461538464 0.014423076923076924 0.004807692307692308
1 0.4110576923076923 0.46274038461538464 0.014423076923076924 0.03365384615384615
2 0.4098557692307692 0.44350961538461536 0.004807692307692308 0.004807692307692308
0 0.47115384615384615 0.45913461538461536 0.8197115384615384 0.36778846153846156