2 0.6430288461538461 0.41346153846153844 0.007211538461538462 0.004807692307692308
2 0.6081730769230769 0.4230769230769231 0.002403846153846154 0.002403846153846154
2 0.3425480769230769 0.4014423076923077 0.01201923076923077 0.002403846153846154
2 0.5649038461538461 0.4206730769230769 0.009615384615384616 0.004807692307692308
2 0.29447115384615385 0.39783653846153844 0.004807692307692308 0.002403846153846154
1 0.5889423076923077 0.4206730769230769 0.03365384615384615 0.014423076923076924
1 0.3161057692307692 0.39903846153846156 0.038461538461538464 0.014423076923076924
2 0.203125 0.39663461538461536 0.009615384615384616 0.007211538461538462
1 0.6454326923076923 0.43509615384615385 0.014423076923076924 0.03365384615384615
2 0.6418269230769231 0.4543269230769231 0.004807692307692308 0.007211538461538462
1 0.19831730769230768 0.4182692307692308 0.019230769230769232 0.038461538461538464
2 0.203125 0.43990384615384615 0.01201923076923077 0.007211538461538462
2 0.2644230769230769 0.484375 0.014423076923076924 0.004807692307692308
1 0.2403846153846154 0.484375 0.038461538461538464 0.014423076923076924
0 0.47836538461538464 0.47596153846153844 0.8173076923076923 0.3629807692307692