2 0.39663461538461536 0.6081730769230769 0.007211538461538462 0.04807692307692308
2 0.43149038461538464 0.5588942307692307 0.10576923076923077 0.01201923076923077
2 0.38100961538461536 0.5456730769230769 0.004807692307692308 0.007211538461538462
2 0.4375 0.5324519230769231 0.09134615384615384 0.009615384615384616
2 0.15865384615384615 0.5132211538461539 0.028846153846153848 0.004807692307692308
1 0.37740384615384615 0.5240384615384616 0.01201923076923077 0.03365384615384615
2 0.27403846153846156 0.5060096153846154 0.040865384615384616 0.004807692307692308
2 0.37740384615384615 0.5 0.004807692307692308 0.007211538461538462
2 0.19951923076923078 0.4831730769230769 0.11298076923076923 0.01201923076923077
2 0.3329326923076923 0.46153846153846156 0.09134615384615384 0.01201923076923077
2 0.16706730769230768 0.4411057692307692 0.009615384615384616 0.04326923076923077
0 0.5456730769230769 0.5036057692307693 0.875 0.33413461538461536