2 0.5576923076923077 0.6189903846153846 0.04807692307692308 0.007211538461538462
2 0.5240384615384616 0.6177884615384616 0.002403846153846154 0.007211538461538462
2 0.5204326923076923 0.5697115384615384 0.002403846153846154 0.009615384615384616
1 0.5228365384615384 0.59375 0.01201923076923077 0.036057692307692304
2 0.4338942307692308 0.734375 0.002403846153846154 0.004807692307692308
2 0.4338942307692308 0.6838942307692307 0.002403846153846154 0.014423076923076924
1 0.4338942307692308 0.7103365384615384 0.01201923076923077 0.038461538461538464
2 0.46274038461538464 0.5709134615384616 0.09375 0.01201923076923077
2 0.3918269230769231 0.6274038461538461 0.01201923076923077 0.11298076923076923
2 0.36778846153846156 0.7403846153846154 0.052884615384615384 0.014423076923076924
0 0.46875 0.5637019230769231 0.3317307692307692 0.8725961538461539