2 0.11778846153846154 0.4423076923076923 0.01201923076923077 0.007211538461538462
2 0.671875 0.4375 0.007211538461538462 0.007211538461538462
2 0.6045673076923077 0.4423076923076923 0.007211538461538462 0.007211538461538462
2 0.5108173076923077 0.45072115384615385 0.002403846153846154 0.007211538461538462
1 0.1141826923076923 0.4639423076923077 0.019230769230769232 0.036057692307692304
2 0.12259615384615384 0.4855769230769231 0.014423076923076924 0.007211538461538462
2 0.5817307692307693 0.4579326923076923 0.004807692307692308 0.007211538461538462
1 0.6778846153846154 0.45913461538461536 0.014423076923076924 0.03365384615384615
1 0.6081730769230769 0.4639423076923077 0.01201923076923077 0.03365384615384615
1 0.5120192307692307 0.4699519230769231 0.01201923076923077 0.03365384615384615
2 0.6742788461538461 0.47836538461538464 0.007211538461538462 0.004807692307692308
2 0.6069711538461539 0.4831730769230769 0.004807692307692308 0.004807692307692308
2 0.5144230769230769 0.49158653846153844 0.002403846153846154 0.004807692307692308
1 0.5853365384615384 0.47716346153846156 0.01201923076923077 0.03125
2 0.5264423076923077 0.4951923076923077 0.002403846153846154 0.007211538461538462
2 0.5841346153846154 0.4963942307692308 0.004807692307692308 0.004807692307692308
1 0.5276442307692307 0.5168269230769231 0.01201923076923077 0.03125
2 0.5288461538461539 0.5384615384615384 0.002403846153846154 0.004807692307692308
2 0.24879807692307693 0.5661057692307693 0.014423076923076924 0.002403846153846154
2 0.19951923076923078 0.5721153846153846 0.004807692307692308 0.002403846153846154
1 0.22235576923076922 0.5697115384615384 0.038461538461538464 0.014423076923076924
0 0.48677884615384615 0.484375 0.8076923076923077 0.3269230769230769