2 0.6129807692307693 0.6754807692307693 0.04567307692307692 0.009615384615384616
2 0.5504807692307693 0.6766826923076923 0.007211538461538462 0.004807692307692308
1 0.5300480769230769 0.6814903846153846 0.03365384615384615 0.01201923076923077
2 0.5072115384615384 0.6802884615384616 0.007211538461538462 0.004807692307692308
2 0.5036057692307693 0.6538461538461539 0.002403846153846154 0.004807692307692308
2 0.49759615384615385 0.6105769230769231 0.002403846153846154 0.01201923076923077
1 0.5024038461538461 0.6346153846153846 0.01201923076923077 0.03365384615384615
2 0.49158653846153844 0.6526442307692307 0.002403846153846154 0.016826923076923076
2 0.484375 0.578125 0.01201923076923077 0.0889423076923077
2 0.47596153846153844 0.6418269230769231 0.007211538461538462 0.040865384615384616
2 0.4699519230769231 0.5913461538461539 0.007211538461538462 0.040865384615384616
2 0.4639423076923077 0.49278846153846156 0.01201923076923077 0.06490384615384616
2 0.46875 0.6995192307692307 0.014423076923076924 0.11057692307692307
2 0.45913461538461536 0.5709134615384616 0.002403846153846154 0.004807692307692308
2 0.453125 0.5276442307692307 0.002403846153846154 0.009615384615384616
1 0.45552884615384615 0.5516826923076923 0.01201923076923077 0.03365384615384615
2 0.4543269230769231 0.671875 0.007211538461538462 0.026442307692307692
2 0.4375 0.5 0.01201923076923077 0.07692307692307693
2 0.44350961538461536 0.7572115384615384 0.04326923076923077 0.01201923076923077
0 0.5024038461538461 0.4387019230769231 0.36538461538461536 0.8774038461538461