2 0.8605769230769231 0.4182692307692308 0.016826923076923076 0.05048076923076923
2 0.7944711538461539 0.4483173076923077 0.12980769230769232 0.014423076923076924
2 0.7295673076923077 0.47596153846153844 0.007211538461538462 0.007211538461538462
1 0.7307692307692307 0.5 0.016826923076923076 0.036057692307692304
2 0.7247596153846154 0.5216346153846154 0.007211538461538462 0.007211538461538462
2 0.7680288461538461 0.5408653846153846 0.014423076923076924 0.002403846153846154
2 0.8173076923076923 0.5456730769230769 0.004807692307692308 0.002403846153846154
1 0.7932692307692307 0.5444711538461539 0.040865384615384616 0.01201923076923077
2 0.7427884615384616 0.5516826923076923 0.04567307692307692 0.007211538461538462
2 0.8064903846153846 0.5685096153846154 0.019230769230769232 0.004807692307692308
2 0.7980769230769231 0.6045673076923077 0.014423076923076924 0.04807692307692308
0 0.5360576923076923 0.49038461538461536 0.8846153846153846 0.34615384615384615