2 0.6742788461538461 0.44591346153846156 0.007211538461538462 0.007211538461538462
2 0.8569711538461539 0.4495192307692308 0.01201923076923077 0.007211538461538462
2 0.46274038461538464 0.4651442307692308 0.009615384615384616 0.002403846153846154
2 0.421875 0.46634615384615385 0.004807692307692308 0.002403846153846154
1 0.4411057692307692 0.46634615384615385 0.03125 0.009615384615384616
1 0.6742788461538461 0.4651442307692308 0.01201923076923077 0.03365384615384615
2 0.6730769230769231 0.48677884615384615 0.007211538461538462 0.004807692307692308
1 0.8617788461538461 0.4699519230769231 0.016826923076923076 0.036057692307692304
2 0.8581730769230769 0.49278846153846156 0.01201923076923077 0.004807692307692308
2 0.9158653846153846 0.5048076923076923 0.021634615384615384 0.002403846153846154
1 0.9471153846153846 0.5060096153846154 0.04567307692307692 0.014423076923076924
2 0.4723557692307692 0.5348557692307693 0.004807692307692308 0.002403846153846154
2 0.5132211538461539 0.5336538461538461 0.007211538461538462 0.004807692307692308
1 0.49399038461538464 0.5360576923076923 0.03365384615384615 0.009615384615384616
0 0.5961538461538461 0.4723557692307692 0.8076923076923077 0.31009615384615385