2 0.40625 0.44471153846153844 0.007211538461538462 0.04807692307692308
2 0.3173076923076923 0.5552884615384616 0.014423076923076924 0.002403846153846154
2 0.2668269230769231 0.5552884615384616 0.004807692307692308 0.002403846153846154
2 0.40384615384615385 0.5240384615384616 0.007211538461538462 0.0673076923076923
2 0.5024038461538461 0.5576923076923077 0.0673076923076923 0.004807692307692308
1 0.29086538461538464 0.5552884615384616 0.038461538461538464 0.009615384615384616
2 0.375 0.5721153846153846 0.11298076923076923 0.004807692307692308
2 0.4951923076923077 0.5721153846153846 0.07932692307692307 0.004807692307692308
2 0.3173076923076923 0.5841346153846154 0.01201923076923077 0.002403846153846154
2 0.2668269230769231 0.5841346153846154 0.004807692307692308 0.002403846153846154
2 0.46875 0.5841346153846154 0.028846153846153848 0.004807692307692308
1 0.29086538461538464 0.5841346153846154 0.038461538461538464 0.009615384615384616
2 0.3173076923076923 0.5961538461538461 0.014423076923076924 0.002403846153846154
2 0.2644230769230769 0.5961538461538461 0.007211538461538462 0.002403846153846154
2 0.4423076923076923 0.5961538461538461 0.028846153846153848 0.004807692307692308
2 0.5 0.5985576923076923 0.040865384615384616 0.007211538461538462
1 0.28846153846153844 0.5985576923076923 0.040865384615384616 0.01201923076923077
2 0.5168269230769231 0.6105769230769231 0.007211538461538462 0.002403846153846154
2 0.4519230769230769 0.6105769230769231 0.009615384615384616 0.002403846153846154
2 0.4735576923076923 0.6105769230769231 0.007211538461538462 0.004807692307692308
2 0.40625 0.6105769230769231 0.007211538461538462 0.002403846153846154
1 0.4951923076923077 0.6129807692307693 0.036057692307692304 0.009615384615384616
1 0.42788461538461536 0.6129807692307693 0.036057692307692304 0.009615384615384616
2 0.2620192307692308 0.6346153846153846 0.009615384615384616 0.052884615384615384
0 0.4375 0.5336538461538461 0.875 0.30288461538461536