2 0.4098557692307692 0.45072115384615385 0.04807692307692308 0.009615384615384616
2 0.4338942307692308 0.35336538461538464 0.004807692307692308 0.016826923076923076
2 0.43509615384615385 0.22716346153846154 0.007211538461538462 0.04326923076923077
2 0.4483173076923077 0.3473557692307692 0.002403846153846154 0.004807692307692308
2 0.4543269230769231 0.3918269230769231 0.002403846153846154 0.01201923076923077
1 0.4495192307692308 0.36899038461538464 0.01201923076923077 0.036057692307692304
2 0.46033653846153844 0.47836538461538464 0.01201923076923077 0.0673076923076923
2 0.46033653846153844 0.35096153846153844 0.002403846153846154 0.016826923076923076
2 0.45072115384615385 0.20673076923076922 0.007211538461538462 0.007211538461538462
2 0.46875 0.2920673076923077 0.014423076923076924 0.10576923076923077
2 0.484375 0.45072115384615385 0.014423076923076924 0.11538461538461539
1 0.4723557692307692 0.20072115384615385 0.03365384615384615 0.016826923076923076
2 0.49399038461538464 0.20192307692307693 0.007211538461538462 0.007211538461538462
2 0.5168269230769231 0.39783653846153844 0.007211538461538462 0.040865384615384616
2 0.5276442307692307 0.23798076923076922 0.01201923076923077 0.08173076923076923
2 0.5625 0.32211538461538464 0.014423076923076924 0.10576923076923077
2 0.5925480769230769 0.40625 0.04807692307692308 0.009615384615384616
0 0.5084134615384616 0.5168269230769231 0.3629807692307692 0.8822115384615384