2 0.5144230769230769 0.19471153846153846 0.007211538461538462 0.009615384615384616
2 0.4831730769230769 0.7932692307692307 0.007211538461538462 0.014423076923076924
1 0.49278846153846156 0.19230769230769232 0.03365384615384615 0.014423076923076924
2 0.47115384615384615 0.1971153846153846 0.004807692307692308 0.009615384615384616
1 0.46634615384615385 0.7067307692307693 0.01201923076923077 0.03365384615384615
2 0.4567307692307692 0.5048076923076923 0.007211538461538462 0.002403846153846154
1 0.46153846153846156 0.8028846153846154 0.03125 0.014423076923076924
2 0.4423076923076923 0.8004807692307693 0.004807692307692308 0.01201923076923077
2 0.4423076923076923 0.3485576923076923 0.007211538461538462 0.004807692307692308
1 0.43509615384615385 0.5072115384615384 0.03365384615384615 0.01201923076923077
2 0.41346153846153844 0.5072115384615384 0.004807692307692308 0.002403846153846154
1 0.4182692307692308 0.3485576923076923 0.03365384615384615 0.01201923076923077
2 0.39903846153846156 0.35096153846153844 0.004807692307692308 0.004807692307692308
0 0.46875 0.5168269230769231 0.3173076923076923 0.7980769230769231