2 0.6850961538461539 0.44591346153846156 0.002403846153846154 0.002403846153846154
2 0.640625 0.44471153846153844 0.01201923076923077 0.002403846153846154
1 0.6658653846153846 0.44350961538461536 0.03365384615384615 0.014423076923076924
2 0.8353365384615384 0.4579326923076923 0.009615384615384616 0.007211538461538462
2 0.17908653846153846 0.42908653846153844 0.004807692307692308 0.002403846153846154
1 0.20072115384615385 0.43149038461538464 0.038461538461538464 0.014423076923076924
2 0.890625 0.49399038461538464 0.01201923076923077 0.007211538461538462
1 0.8389423076923077 0.4807692307692308 0.016826923076923076 0.03125
1 0.7704326923076923 0.49278846153846156 0.036057692307692304 0.014423076923076924
2 0.8329326923076923 0.4987980769230769 0.009615384615384616 0.004807692307692308
1 0.4963942307692308 0.4807692307692308 0.014423076923076924 0.03365384615384615
1 0.8942307692307693 0.515625 0.016826923076923076 0.03125
2 0.8882211538461539 0.5348557692307693 0.01201923076923077 0.004807692307692308
0 0.5168269230769231 0.47475961538461536 0.8149038461538461 0.3605769230769231