2 0.4026442307692308 0.4230769230769231 0.05048076923076923 0.009615384615384616
2 0.5132211538461539 0.484375 0.002403846153846154 0.014423076923076924
2 0.5168269230769231 0.35697115384615385 0.002403846153846154 0.01201923076923077
2 0.5192307692307693 0.30649038461538464 0.002403846153846154 0.007211538461538462
1 0.5180288461538461 0.33052884615384615 0.014423076923076924 0.038461538461538464
2 0.5204326923076923 0.24158653846153846 0.016826923076923076 0.10336538461538461
2 0.4891826923076923 0.4254807692307692 0.10576923076923077 0.016826923076923076
2 0.5300480769230769 0.3401442307692308 0.021634615384615384 0.125
2 0.5444711538461539 0.30288461538461536 0.004807692307692308 0.014423076923076924
2 0.5444711538461539 0.25240384615384615 0.002403846153846154 0.004807692307692308
2 0.5528846153846154 0.44711538461538464 0.016826923076923076 0.09134615384615384
1 0.5456730769230769 0.27403846153846156 0.014423076923076924 0.038461538461538464
2 0.5637019230769231 0.47716346153846156 0.004807692307692308 0.007211538461538462
2 0.5661057692307693 0.43149038461538464 0.002403846153846154 0.007211538461538462
1 0.5673076923076923 0.453125 0.014423076923076924 0.036057692307692304
2 0.5588942307692307 0.2512019230769231 0.016826923076923076 0.0889423076923077
2 0.5697115384615384 0.32091346153846156 0.016826923076923076 0.08653846153846154
2 0.5721153846153846 0.23197115384615385 0.01201923076923077 0.04807692307692308
2 0.578125 0.19471153846153846 0.0889423076923077 0.02403846153846154
0 0.5024038461538461 0.4362980769230769 0.38461538461538464 0.8725961538461539