2 0.6298076923076923 0.49278846153846156 0.004807692307692308 0.007211538461538462
2 0.6995192307692307 0.5036057692307693 0.007211538461538462 0.007211538461538462
1 0.6322115384615384 0.5144230769230769 0.01201923076923077 0.03365384615384615
2 0.6322115384615384 0.5336538461538461 0.004807692307692308 0.004807692307692308
1 0.7043269230769231 0.5228365384615384 0.014423076923076924 0.03125
2 0.703125 0.5444711538461539 0.007211538461538462 0.004807692307692308
2 0.7391826923076923 0.5588942307692307 0.002403846153846154 0.002403846153846154
2 0.6959134615384616 0.5588942307692307 0.014423076923076924 0.002403846153846154
2 0.24879807692307693 0.5480769230769231 0.007211538461538462 0.007211538461538462
2 0.23677884615384615 0.5480769230769231 0.009615384615384616 0.007211538461538462
1 0.7199519230769231 0.5588942307692307 0.036057692307692304 0.01201923076923077
1 0.24639423076923078 0.5697115384615384 0.01201923076923077 0.03365384615384615
1 0.23197115384615385 0.5721153846153846 0.01201923076923077 0.03365384615384615
2 0.2512019230769231 0.5913461538461539 0.007211538461538462 0.004807692307692308
2 0.23677884615384615 0.5913461538461539 0.009615384615384616 0.004807692307692308
0 0.5384615384615384 0.5276442307692307 0.8028846153846154 0.3004807692307692