2 0.4567307692307692 0.4675480769230769 0.004807692307692308 0.002403846153846154
2 0.4387019230769231 0.7151442307692307 0.002403846153846154 0.004807692307692308
2 0.44471153846153844 0.671875 0.002403846153846154 0.01201923076923077
1 0.4411057692307692 0.6959134615384616 0.01201923076923077 0.03365384615384615
2 0.4639423076923077 0.6971153846153846 0.002403846153846154 0.01201923076923077
2 0.46153846153846156 0.7403846153846154 0.002403846153846154 0.004807692307692308
1 0.46274038461538464 0.7211538461538461 0.01201923076923077 0.036057692307692304
2 0.4951923076923077 0.36658653846153844 0.002403846153846154 0.004807692307692308
2 0.5132211538461539 0.10336538461538461 0.007211538461538462 0.014423076923076924
2 0.49399038461538464 0.4074519230769231 0.002403846153846154 0.01201923076923077
1 0.47596153846153844 0.4699519230769231 0.03365384615384615 0.01201923076923077
1 0.49399038461538464 0.3858173076923077 0.01201923076923077 0.03365384615384615
2 0.48197115384615385 0.6478365384615384 0.007211538461538462 0.004807692307692308
2 0.49759615384615385 0.47115384615384615 0.007211538461538462 0.002403846153846154
1 0.5348557692307693 0.09735576923076923 0.03365384615384615 0.019230769230769232
2 0.5540865384615384 0.10336538461538461 0.004807692307692308 0.014423076923076924
1 0.5036057692307693 0.6526442307692307 0.03365384615384615 0.014423076923076924
2 0.5228365384615384 0.6514423076923077 0.004807692307692308 0.007211538461538462
2 0.5348557692307693 0.5913461538461539 0.007211538461538462 0.004807692307692308
1 0.5564903846153846 0.5949519230769231 0.03365384615384615 0.01201923076923077
2 0.5757211538461539 0.5949519230769231 0.004807692307692308 0.004807692307692308
0 0.5240384615384616 0.4579326923076923 0.32211538461538464 0.8125