2 0.3076923076923077 0.4579326923076923 0.009615384615384616 0.007211538461538462
2 0.6742788461538461 0.4855769230769231 0.007211538461538462 0.007211538461538462
2 0.6862980769230769 0.4963942307692308 0.009615384615384616 0.007211538461538462
2 0.2800480769230769 0.4675480769230769 0.009615384615384616 0.007211538461538462
1 0.6754807692307693 0.5048076923076923 0.01201923076923077 0.03125
1 0.3016826923076923 0.47836538461538464 0.014423076923076924 0.03365384615384615
2 0.671875 0.5240384615384616 0.004807692307692308 0.004807692307692308
2 0.30528846153846156 0.5012019230769231 0.009615384615384616 0.004807692307692308
1 0.6887019230769231 0.5180288461538461 0.014423076923076924 0.03365384615384615
1 0.640625 0.5264423076923077 0.03365384615384615 0.01201923076923077
1 0.27403846153846156 0.4891826923076923 0.014423076923076924 0.03365384615384615
2 0.6826923076923077 0.5372596153846154 0.007211538461538462 0.004807692307692308
2 0.2776442307692308 0.5108173076923077 0.009615384615384616 0.004807692307692308
2 0.36538461538461536 0.53125 0.004807692307692308 0.002403846153846154
2 0.40865384615384615 0.5348557692307693 0.009615384615384616 0.002403846153846154
1 0.38461538461538464 0.5324519230769231 0.03365384615384615 0.01201923076923077
0 0.5240384615384616 0.5036057692307693 0.7980769230769231 0.31490384615384615