2 0.6646634615384616 0.4338942307692308 0.004807692307692308 0.002403846153846154
2 0.6213942307692307 0.4338942307692308 0.01201923076923077 0.002403846153846154
1 0.6454326923076923 0.4326923076923077 0.03365384615384615 0.01201923076923077
2 0.484375 0.42908653846153844 0.007211538461538462 0.002403846153846154
2 0.4411057692307692 0.4266826923076923 0.004807692307692308 0.002403846153846154
1 0.46274038461538464 0.4254807692307692 0.03365384615384615 0.01201923076923077
2 0.6935096153846154 0.44711538461538464 0.014423076923076924 0.002403846153846154
1 0.7163461538461539 0.4483173076923077 0.036057692307692304 0.01201923076923077
2 0.3317307692307692 0.4387019230769231 0.004807692307692308 0.007211538461538462
2 0.5913461538461539 0.45913461538461536 0.004807692307692308 0.007211538461538462
2 0.34375 0.45072115384615385 0.007211538461538462 0.007211538461538462
1 0.3293269230769231 0.45913461538461536 0.014423076923076924 0.03365384615384615
2 0.33052884615384615 0.4795673076923077 0.004807692307692308 0.004807692307692308
1 0.5925480769230769 0.4807692307692308 0.01201923076923077 0.03365384615384615
1 0.33774038461538464 0.4699519230769231 0.014423076923076924 0.03365384615384615
2 0.5889423076923077 0.5 0.002403846153846154 0.004807692307692308
2 0.34134615384615385 0.49158653846153844 0.007211538461538462 0.004807692307692308
2 0.7908653846153846 0.546875 0.002403846153846154 0.002403846153846154
2 0.7451923076923077 0.5444711538461539 0.014423076923076924 0.002403846153846154
1 0.7716346153846154 0.5456730769230769 0.036057692307692304 0.01201923076923077
0 0.5444711538461539 0.47115384615384615 0.8125 0.31009615384615385