2 0.43990384615384615 0.5108173076923077 0.04567307692307692 0.007211538461538462
2 0.5432692307692307 0.34975961538461536 0.004807692307692308 0.040865384615384616
2 0.5540865384615384 0.2800480769230769 0.002403846153846154 0.004807692307692308
2 0.5564903846153846 0.32572115384615385 0.002403846153846154 0.014423076923076924
1 0.5540865384615384 0.3016826923076923 0.01201923076923077 0.036057692307692304
2 0.5576923076923077 0.3737980769230769 0.007211538461538462 0.0673076923076923
2 0.5192307692307693 0.5072115384615384 0.09134615384615384 0.009615384615384616
2 0.5685096153846154 0.3233173076923077 0.004807692307692308 0.040865384615384616
2 0.5757211538461539 0.46033653846153844 0.01201923076923077 0.09134615384615384
2 0.5817307692307693 0.3329326923076923 0.007211538461538462 0.0673076923076923
2 0.5853365384615384 0.4098557692307692 0.004807692307692308 0.016826923076923076
2 0.6021634615384616 0.27524038461538464 0.07211538461538461 0.016826923076923076
0 0.5396634615384616 0.5396634615384616 0.34375 0.8798076923076923