2 0.47596153846153844 0.4543269230769231 0.002403846153846154 0.009615384615384616
2 0.47836538461538464 0.41346153846153844 0.002403846153846154 0.004807692307692308
2 0.47836538461538464 0.13221153846153846 0.007211538461538462 0.014423076923076924
1 0.47596153846153844 0.4326923076923077 0.009615384615384616 0.03365384615384615
2 0.4831730769230769 0.34134615384615385 0.007211538461538462 0.007211538461538462
2 0.5072115384615384 0.5625 0.002403846153846154 0.004807692307692308
2 0.5096153846153846 0.5216346153846154 0.002403846153846154 0.004807692307692308
1 0.5096153846153846 0.5432692307692307 0.009615384615384616 0.03365384615384615
1 0.5 0.12740384615384615 0.03125 0.014423076923076924
1 0.5048076923076923 0.3389423076923077 0.03125 0.01201923076923077
2 0.5192307692307693 0.1346153846153846 0.004807692307692308 0.014423076923076924
2 0.5240384615384616 0.4326923076923077 0.002403846153846154 0.009615384615384616
2 0.5240384615384616 0.34375 0.004807692307692308 0.007211538461538462
1 0.5240384615384616 0.4110576923076923 0.009615384615384616 0.03365384615384615
2 0.5504807692307693 0.34134615384615385 0.002403846153846154 0.014423076923076924
2 0.5528846153846154 0.2980769230769231 0.002403846153846154 0.002403846153846154
1 0.5528846153846154 0.3173076923076923 0.009615384615384616 0.03365384615384615
0 0.49038461538461536 0.4807692307692308 0.28125 0.7884615384615384