2 0.5985576923076923 0.3161057692307692 0.002403846153846154 0.01201923076923077
2 0.6021634615384616 0.2704326923076923 0.002403846153846154 0.004807692307692308
1 0.5997596153846154 0.2920673076923077 0.01201923076923077 0.038461538461538464
2 0.5721153846153846 0.3161057692307692 0.002403846153846154 0.01201923076923077
2 0.5757211538461539 0.26802884615384615 0.002403846153846154 0.004807692307692308
1 0.5769230769230769 0.28966346153846156 0.01201923076923077 0.038461538461538464
2 0.5288461538461539 0.7223557692307693 0.004807692307692308 0.014423076923076924
1 0.5264423076923077 0.7439903846153846 0.01201923076923077 0.03365384615384615
2 0.5552884615384616 0.36538461538461536 0.002403846153846154 0.01201923076923077
2 0.5588942307692307 0.31971153846153844 0.002403846153846154 0.004807692307692308
2 0.5348557692307693 0.5925480769230769 0.007211538461538462 0.004807692307692308
1 0.5600961538461539 0.34134615384615385 0.01201923076923077 0.036057692307692304
2 0.5637019230769231 0.24278846153846154 0.007211538461538462 0.009615384615384616
1 0.515625 0.5925480769230769 0.03365384615384615 0.01201923076923077
1 0.5420673076923077 0.23557692307692307 0.03365384615384615 0.016826923076923076
2 0.4951923076923077 0.5889423076923077 0.004807692307692308 0.004807692307692308
2 0.5204326923076923 0.23918269230769232 0.004807692307692308 0.009615384615384616
2 0.49278846153846156 0.4098557692307692 0.002403846153846154 0.009615384615384616
1 0.4951923076923077 0.3858173076923077 0.01201923076923077 0.03365384615384615
2 0.48197115384615385 0.2091346153846154 0.004807692307692308 0.014423076923076924
2 0.48677884615384615 0.16105769230769232 0.002403846153846154 0.002403846153846154
1 0.484375 0.18269230769230768 0.01201923076923077 0.038461538461538464
0 0.5096153846153846 0.4987980769230769 0.33413461538461536 0.8052884615384616