2 0.5492788461538461 0.5588942307692307 0.04807692307692308 0.009615384615384616
2 0.5132211538461539 0.7319711538461539 0.016826923076923076 0.0889423076923077
2 0.5012019230769231 0.65625 0.01201923076923077 0.07211538461538461
2 0.4807692307692308 0.7752403846153846 0.007211538461538462 0.007211538461538462
2 0.47475961538461536 0.5901442307692307 0.01201923076923077 0.06971153846153846
1 0.45913461538461536 0.7788461538461539 0.036057692307692304 0.019230769230769232
2 0.43509615384615385 0.7776442307692307 0.007211538461538462 0.007211538461538462
2 0.4326923076923077 0.7007211538461539 0.01201923076923077 0.07451923076923077
2 0.4362980769230769 0.5913461538461539 0.01201923076923077 0.06971153846153846
2 0.421875 0.6490384615384616 0.002403846153846154 0.007211538461538462
2 0.4230769230769231 0.6009615384615384 0.002403846153846154 0.009615384615384616
1 0.4206730769230769 0.6274038461538461 0.014423076923076924 0.038461538461538464
2 0.4074519230769231 0.578125 0.009615384615384616 0.04326923076923077
2 0.3762019230769231 0.7584134615384616 0.009615384615384616 0.05048076923076923
2 0.38100961538461536 0.6574519230769231 0.007211538461538462 0.019230769230769232
2 0.3701923076923077 0.6262019230769231 0.07932692307692307 0.016826923076923076
0 0.46033653846153844 0.5588942307692307 0.38221153846153844 0.8822115384615384