2 0.5889423076923077 0.22115384615384615 0.04807692307692308 0.009615384615384616
2 0.5456730769230769 0.4567307692307692 0.004807692307692308 0.026442307692307692
2 0.5408653846153846 0.2091346153846154 0.004807692307692308 0.03365384615384615
2 0.5384615384615384 0.28846153846153844 0.002403846153846154 0.004807692307692308
2 0.5360576923076923 0.33653846153846156 0.002403846153846154 0.01201923076923077
1 0.5384615384615384 0.3125 0.01201923076923077 0.038461538461538464
2 0.5336538461538461 0.39903846153846156 0.007211538461538462 0.09375
2 0.5336538461538461 0.4879807692307692 0.007211538461538462 0.040865384615384616
2 0.5120192307692307 0.2403846153846154 0.007211538461538462 0.09615384615384616
2 0.5096153846153846 0.34615384615384615 0.002403846153846154 0.016826923076923076
2 0.4855769230769231 0.5072115384615384 0.040865384615384616 0.004807692307692308
2 0.4567307692307692 0.35336538461538464 0.002403846153846154 0.004807692307692308
2 0.4567307692307692 0.39903846153846156 0.002403846153846154 0.009615384615384616
1 0.4567307692307692 0.375 0.009615384615384616 0.036057692307692304
2 0.4423076923076923 0.4543269230769231 0.007211538461538462 0.10576923076923077
2 0.4326923076923077 0.35096153846153844 0.002403846153846154 0.007211538461538462
2 0.4326923076923077 0.39903846153846156 0.002403846153846154 0.01201923076923077
1 0.43028846153846156 0.37259615384615385 0.01201923076923077 0.036057692307692304
2 0.39663461538461536 0.39903846153846156 0.04807692307692308 0.007211538461538462
0 0.49278846153846156 0.4831730769230769 0.3004807692307692 0.8629807692307693