2 0.16105769230769232 0.6442307692307693 0.014423076923076924 0.05048076923076923
2 0.15504807692307693 0.6081730769230769 0.07932692307692307 0.009615384615384616
2 0.05889423076923077 0.6021634615384616 0.002403846153846154 0.002403846153846154
2 0.1141826923076923 0.5949519230769231 0.019230769230769232 0.002403846153846154
1 0.0829326923076923 0.5985576923076923 0.04567307692307692 0.014423076923076924
2 0.17908653846153846 0.5925480769230769 0.03365384615384615 0.004807692307692308
2 0.05889423076923077 0.5516826923076923 0.016826923076923076 0.07211538461538461
2 0.21875 0.49278846153846156 0.0889423076923077 0.009615384615384616
2 0.11899038461538461 0.48677884615384615 0.1201923076923077 0.01201923076923077
2 0.2548076923076923 0.44350961538461536 0.01201923076923077 0.04807692307692308
0 0.4483173076923077 0.5408653846153846 0.8918269230769231 0.34134615384615385