2 0.7091346153846154 0.4074519230769231 0.009615384615384616 0.004807692307692308
2 0.40865384615384615 0.4495192307692308 0.007211538461538462 0.002403846153846154
2 0.4519230769230769 0.4495192307692308 0.007211538461538462 0.002403846153846154
1 0.43028846153846156 0.4483173076923077 0.03365384615384615 0.014423076923076924
1 0.7127403846153846 0.4266826923076923 0.016826923076923076 0.03125
2 0.7091346153846154 0.44591346153846156 0.009615384615384616 0.007211538461538462
2 0.7403846153846154 0.453125 0.007211538461538462 0.007211538461538462
2 0.6514423076923077 0.48677884615384615 0.007211538461538462 0.007211538461538462
1 0.7415865384615384 0.4723557692307692 0.016826923076923076 0.03125
2 0.7379807692307693 0.4951923076923077 0.007211538461538462 0.004807692307692308
2 0.6766826923076923 0.5072115384615384 0.01201923076923077 0.002403846153846154
1 0.6983173076923077 0.5084134615384616 0.03365384615384615 0.014423076923076924
1 0.6550480769230769 0.5084134615384616 0.014423076923076924 0.03125
2 0.6502403846153846 0.5276442307692307 0.007211538461538462 0.004807692307692308
0 0.49278846153846156 0.4567307692307692 0.8125 0.3389423076923077