2 0.8461538461538461 0.3762019230769231 0.014423076923076924 0.05048076923076923
2 0.9002403846153846 0.4110576923076923 0.002403846153846154 0.002403846153846154
2 0.8473557692307693 0.41225961538461536 0.016826923076923076 0.002403846153846154
1 0.8762019230769231 0.41225961538461536 0.040865384615384616 0.009615384615384616
2 0.7800480769230769 0.4254807692307692 0.07451923076923077 0.007211538461538462
2 0.8064903846153846 0.4423076923076923 0.019230769230769232 0.002403846153846154
2 0.8737980769230769 0.4387019230769231 0.04807692307692308 0.004807692307692308
1 0.8305288461538461 0.453125 0.040865384615384616 0.009615384615384616
2 0.7463942307692307 0.45913461538461536 0.007211538461538462 0.007211538461538462
1 0.75 0.4807692307692308 0.014423076923076924 0.036057692307692304
2 0.7451923076923077 0.5024038461538461 0.007211538461538462 0.007211538461538462
2 0.7980769230769231 0.5192307692307693 0.004807692307692308 0.002403846153846154
2 0.7475961538461539 0.5192307692307693 0.014423076923076924 0.002403846153846154
1 0.7764423076923077 0.5192307692307693 0.038461538461538464 0.009615384615384616
2 0.796875 0.5600961538461539 0.01201923076923077 0.057692307692307696
0 0.5216346153846154 0.47115384615384615 0.8822115384615384 0.30288461538461536