2 0.5336538461538461 0.8149038461538461 0.004807692307692308 0.01201923076923077
2 0.5264423076923077 0.7211538461538461 0.002403846153846154 0.014423076923076924
2 0.5264423076923077 0.7668269230769231 0.002403846153846154 0.002403846153846154
1 0.5264423076923077 0.7451923076923077 0.01201923076923077 0.036057692307692304
2 0.5120192307692307 0.4206730769230769 0.004807692307692308 0.004807692307692308
2 0.5072115384615384 0.5769230769230769 0.002403846153846154 0.01201923076923077
2 0.5072115384615384 0.6201923076923077 0.002403846153846154 0.004807692307692308
1 0.5096153846153846 0.8581730769230769 0.01201923076923077 0.038461538461538464
2 0.5072115384615384 0.5264423076923077 0.007211538461538462 0.002403846153846154
1 0.5072115384615384 0.5985576923076923 0.01201923076923077 0.03365384615384615
1 0.5120192307692307 0.8197115384615384 0.03365384615384615 0.014423076923076924
2 0.49278846153846156 0.9014423076923077 0.007211538461538462 0.01201923076923077
2 0.49038461538461536 0.8149038461538461 0.004807692307692308 0.009615384615384616
1 0.49038461538461536 0.4182692307692308 0.03365384615384615 0.01201923076923077
1 0.4879807692307692 0.5240384615384616 0.03365384615384615 0.01201923076923077
2 0.47115384615384615 0.4182692307692308 0.004807692307692308 0.004807692307692308
2 0.46634615384615385 0.5240384615384616 0.004807692307692308 0.002403846153846154
1 0.47115384615384615 0.90625 0.03365384615384615 0.014423076923076924
2 0.4519230769230769 0.9014423076923077 0.004807692307692308 0.01201923076923077
2 0.4495192307692308 0.7908653846153846 0.007211538461538462 0.007211538461538462
2 0.4182692307692308 0.4423076923076923 0.004807692307692308 0.004807692307692308
2 0.4182692307692308 0.4831730769230769 0.004807692307692308 0.007211538461538462
1 0.41586538461538464 0.46153846153846156 0.01201923076923077 0.03365384615384615
1 0.4254807692307692 0.7932692307692307 0.03365384615384615 0.01201923076923077
2 0.40625 0.7884615384615384 0.004807692307692308 0.007211538461538462
0 0.4735576923076923 0.5528846153846154 0.2860576923076923 0.8004807692307693