2 0.4951923076923077 0.17067307692307693 0.007211538461538462 0.01201923076923077
1 0.5168269230769231 0.1658653846153846 0.03365384615384615 0.014423076923076924
2 0.5360576923076923 0.171875 0.004807692307692308 0.009615384615384616
2 0.5432692307692307 0.15745192307692307 0.007211538461538462 0.014423076923076924
2 0.53125 0.6502403846153846 0.007211538461538462 0.004807692307692308
2 0.5564903846153846 0.4543269230769231 0.002403846153846154 0.004807692307692308
2 0.5552884615384616 0.4951923076923077 0.002403846153846154 0.007211538461538462
1 0.5564903846153846 0.4735576923076923 0.009615384615384616 0.03365384615384615
1 0.5649038461538461 0.15144230769230768 0.03365384615384615 0.014423076923076924
1 0.5528846153846154 0.6538461538461539 0.03365384615384615 0.01201923076923077
2 0.5865384615384616 0.15625 0.004807692307692308 0.01201923076923077
2 0.5721153846153846 0.6514423076923077 0.004807692307692308 0.004807692307692308
0 0.5168269230769231 0.43990384615384615 0.2956730769230769 0.8076923076923077