2 0.43509615384615385 0.23918269230769232 0.04326923076923077 0.009615384615384616
2 0.46634615384615385 0.3293269230769231 0.007211538461538462 0.06490384615384616
2 0.47836538461538464 0.38221153846153844 0.002403846153846154 0.01201923076923077
2 0.47836538461538464 0.33653846153846156 0.002403846153846154 0.004807692307692308
1 0.47836538461538464 0.3581730769230769 0.009615384615384616 0.03365384615384615
2 0.49278846153846156 0.24759615384615385 0.002403846153846154 0.016826923076923076
2 0.5024038461538461 0.375 0.004807692307692308 0.028846153846153848
1 0.5060096153846154 0.27403846153846156 0.009615384615384616 0.03365384615384615
2 0.5420673076923077 0.2848557692307692 0.002403846153846154 0.014423076923076924
2 0.5432692307692307 0.23918269230769232 0.002403846153846154 0.002403846153846154
1 0.5444711538461539 0.2608173076923077 0.009615384615384616 0.036057692307692304
2 0.5216346153846154 0.33653846153846156 0.06490384615384616 0.009615384615384616
2 0.5673076923076923 0.3329326923076923 0.002403846153846154 0.014423076923076924
2 0.5661057692307693 0.28966346153846156 0.002403846153846154 0.004807692307692308
1 0.5685096153846154 0.3088942307692308 0.009615384615384616 0.03365384615384615
2 0.5805288461538461 0.2848557692307692 0.004807692307692308 0.016826923076923076
2 0.5925480769230769 0.2848557692307692 0.002403846153846154 0.016826923076923076
2 0.5961538461538461 0.24158653846153846 0.08413461538461539 0.01201923076923077
0 0.5084134615384616 0.5600961538461539 0.3245192307692308 0.8774038461538461