2 0.2800480769230769 0.578125 0.002403846153846154 0.002403846153846154
2 0.32572115384615385 0.5793269230769231 0.014423076923076924 0.004807692307692308
1 0.3016826923076923 0.5805288461538461 0.036057692307692304 0.014423076923076924
2 0.109375 0.5372596153846154 0.014423076923076924 0.007211538461538462
2 0.5132211538461539 0.5588942307692307 0.007211538461538462 0.002403846153846154
2 0.5540865384615384 0.5588942307692307 0.004807692307692308 0.002403846153846154
1 0.5348557692307693 0.5600961538461539 0.03365384615384615 0.014423076923076924
1 0.10336538461538461 0.515625 0.016826923076923076 0.03365384615384615
2 0.11298076923076923 0.49399038461538464 0.01201923076923077 0.004807692307692308
2 0.22235576923076922 0.5024038461538461 0.009615384615384616 0.007211538461538462
1 0.21995192307692307 0.4807692307692308 0.014423076923076924 0.03365384615384615
2 0.22596153846153846 0.46153846153846156 0.007211538461538462 0.004807692307692308
0 0.4495192307692308 0.5324519230769231 0.8221153846153846 0.35336538461538464