2 0.4579326923076923 0.7391826923076923 0.002403846153846154 0.004807692307692308
2 0.46153846153846156 0.6911057692307693 0.002403846153846154 0.01201923076923077
1 0.46153846153846156 0.7175480769230769 0.014423076923076924 0.036057692307692304
2 0.47836538461538464 0.6502403846153846 0.002403846153846154 0.004807692307692308
2 0.4795673076923077 0.6045673076923077 0.002403846153846154 0.009615384615384616
1 0.47836538461538464 0.6286057692307693 0.014423076923076924 0.036057692307692304
2 0.49278846153846156 0.8605769230769231 0.007211538461538462 0.014423076923076924
2 0.5036057692307693 0.5913461538461539 0.002403846153846154 0.004807692307692308
2 0.5084134615384616 0.5480769230769231 0.002403846153846154 0.007211538461538462
1 0.5048076923076923 0.5697115384615384 0.009615384615384616 0.03365384615384615
2 0.5168269230769231 0.43990384615384615 0.007211538461538462 0.004807692307692308
2 0.5276442307692307 0.2704326923076923 0.007211538461538462 0.007211538461538462
1 0.5132211538461539 0.8689903846153846 0.036057692307692304 0.019230769230769232
2 0.5348557692307693 0.8665865384615384 0.004807692307692308 0.01201923076923077
1 0.5384615384615384 0.4387019230769231 0.03365384615384615 0.009615384615384616
1 0.546875 0.26802884615384615 0.03125 0.01201923076923077
2 0.5576923076923077 0.4423076923076923 0.004807692307692308 0.004807692307692308
2 0.5661057692307693 0.27163461538461536 0.004807692307692308 0.007211538461538462
2 0.5528846153846154 0.8557692307692307 0.002403846153846154 0.004807692307692308
2 0.5540865384615384 0.8052884615384616 0.002403846153846154 0.016826923076923076
1 0.5528846153846154 0.8317307692307693 0.014423076923076924 0.040865384615384616
2 0.5793269230769231 0.29086538461538464 0.002403846153846154 0.014423076923076924
1 0.5829326923076923 0.2668269230769231 0.009615384615384616 0.03365384615384615
0 0.5264423076923077 0.515625 0.30288461538461536 0.8100961538461539