2 0.5961538461538461 0.3269230769230769 0.0625 0.009615384615384616
2 0.5216346153846154 0.32572115384615385 0.007211538461538462 0.004807692307692308
2 0.48197115384615385 0.4699519230769231 0.01201923076923077 0.07932692307692307
2 0.4879807692307692 0.2704326923076923 0.01201923076923077 0.0889423076923077
1 0.5 0.3245192307692308 0.036057692307692304 0.014423076923076924
2 0.47115384615384615 0.44350961538461536 0.002403846153846154 0.009615384615384616
2 0.47115384615384615 0.39783653846153844 0.002403846153846154 0.007211538461538462
2 0.47596153846153844 0.32572115384615385 0.007211538461538462 0.004807692307692308
1 0.4699519230769231 0.41947115384615385 0.01201923076923077 0.036057692307692304
2 0.45913461538461536 0.35096153846153844 0.01201923076923077 0.08413461538461539
2 0.46033653846153844 0.25 0.007211538461538462 0.04807692307692308
2 0.43149038461538464 0.4362980769230769 0.002403846153846154 0.014423076923076924
2 0.43509615384615385 0.32091346153846156 0.002403846153846154 0.014423076923076924
2 0.43509615384615385 0.2704326923076923 0.002403846153846154 0.004807692307692308
1 0.4338942307692308 0.29447115384615385 0.014423076923076924 0.038461538461538464
2 0.40865384615384615 0.5072115384615384 0.04807692307692308 0.009615384615384616
0 0.5012019230769231 0.4387019230769231 0.3485576923076923 0.8774038461538461