2 0.45913461538461536 0.8185096153846154 0.04567307692307692 0.01201923076923077
2 0.5444711538461539 0.4891826923076923 0.007211538461538462 0.026442307692307692
2 0.5552884615384616 0.6069711538461539 0.01201923076923077 0.10576923076923077
2 0.5504807692307693 0.8125 0.040865384615384616 0.01201923076923077
2 0.5637019230769231 0.5456730769230769 0.004807692307692308 0.014423076923076924
2 0.5733173076923077 0.5216346153846154 0.007211538461538462 0.040865384615384616
2 0.5829326923076923 0.6165865384615384 0.007211538461538462 0.028846153846153848
2 0.59375 0.765625 0.009615384615384616 0.06971153846153846
2 0.5997596153846154 0.6814903846153846 0.01201923076923077 0.10817307692307693
2 0.6057692307692307 0.6057692307692307 0.002403846153846154 0.01201923076923077
2 0.609375 0.6538461538461539 0.002403846153846154 0.004807692307692308
2 0.6225961538461539 0.8028846153846154 0.004807692307692308 0.019230769230769232
1 0.6105769230769231 0.6322115384615384 0.01201923076923077 0.036057692307692304
2 0.6189903846153846 0.4699519230769231 0.05048076923076923 0.007211538461538462
0 0.5228365384615384 0.48677884615384615 0.3485576923076923 0.8846153846153846