2 0.40384615384615385 0.27884615384615385 0.04807692307692308 0.009615384615384616
2 0.43990384615384615 0.25721153846153844 0.004807692307692308 0.019230769230769232
2 0.43990384615384615 0.27884615384615385 0.002403846153846154 0.004807692307692308
2 0.44471153846153844 0.3269230769230769 0.002403846153846154 0.01201923076923077
1 0.4423076923076923 0.30288461538461536 0.01201923076923077 0.038461538461538464
2 0.4567307692307692 0.30288461538461536 0.009615384615384616 0.08653846153846154
2 0.4807692307692308 0.28846153846153844 0.007211538461538462 0.08653846153846154
2 0.5216346153846154 0.3076923076923077 0.004807692307692308 0.04567307692307692
2 0.5048076923076923 0.34134615384615385 0.040865384615384616 0.009615384615384616
2 0.5360576923076923 0.33413461538461536 0.004807692307692308 0.019230769230769232
2 0.5769230769230769 0.28125 0.0889423076923077 0.01201923076923077
0 0.5 0.44471153846153844 0.3173076923076923 0.875