2 0.41346153846153844 0.2512019230769231 0.04567307692307692 0.016826923076923076
2 0.47716346153846156 0.2644230769230769 0.007211538461538462 0.007211538461538462
1 0.4987980769230769 0.26322115384615385 0.03365384615384615 0.016826923076923076
2 0.5120192307692307 0.36538461538461536 0.002403846153846154 0.01201923076923077
2 0.515625 0.32091346153846156 0.002403846153846154 0.004807692307692308
2 0.5204326923076923 0.2704326923076923 0.007211538461538462 0.007211538461538462
1 0.5144230769230769 0.3425480769230769 0.01201923076923077 0.03365384615384615
2 0.5276442307692307 0.3161057692307692 0.016826923076923076 0.11538461538461539
2 0.5456730769230769 0.2824519230769231 0.007211538461538462 0.040865384615384616
2 0.5552884615384616 0.3112980769230769 0.002403846153846154 0.01201923076923077
2 0.5588942307692307 0.2668269230769231 0.002403846153846154 0.004807692307692308
1 0.5576923076923077 0.28725961538461536 0.01201923076923077 0.036057692307692304
2 0.5673076923076923 0.31009615384615385 0.007211538461538462 0.016826923076923076
2 0.5733173076923077 0.27524038461538464 0.007211538461538462 0.016826923076923076
2 0.5757211538461539 0.328125 0.06971153846153846 0.019230769230769232
0 0.45552884615384615 0.5372596153846154 0.38461538461538464 0.90625