2 0.8401442307692307 0.5949519230769231 0.01201923076923077 0.05048076923076923
2 0.7944711538461539 0.5588942307692307 0.0889423076923077 0.01201923076923077
2 0.8076923076923077 0.5444711538461539 0.004807692307692308 0.002403846153846154
2 0.7548076923076923 0.546875 0.014423076923076924 0.002403846153846154
1 0.7836538461538461 0.5456730769230769 0.040865384615384616 0.014423076923076924
2 0.7091346153846154 0.5348557692307693 0.11298076923076923 0.01201923076923077
2 0.7848557692307693 0.5192307692307693 0.04807692307692308 0.007211538461538462
2 0.6550480769230769 0.515625 0.004807692307692308 0.007211538461538462
2 0.734375 0.4807692307692308 0.004807692307692308 0.002403846153846154
2 0.6838942307692307 0.4807692307692308 0.014423076923076924 0.002403846153846154
1 0.7103365384615384 0.4795673076923077 0.038461538461538464 0.01201923076923077
1 0.65625 0.49399038461538464 0.014423076923076924 0.036057692307692304
2 0.6526442307692307 0.4723557692307692 0.004807692307692308 0.007211538461538462
2 0.6057692307692307 0.45552884615384615 0.09375 0.01201923076923077
2 0.6189903846153846 0.43149038461538464 0.12259615384615384 0.01201923076923077
2 0.7319711538461539 0.4230769230769231 0.01201923076923077 0.0889423076923077
0 0.5492788461538461 0.5168269230769231 0.8846153846153846 0.34375