2 0.3942307692307692 0.5769230769230769 0.04807692307692308 0.009615384615384616
2 0.45913461538461536 0.5769230769230769 0.007211538461538462 0.004807692307692308
1 0.48197115384615385 0.578125 0.036057692307692304 0.014423076923076924
2 0.5048076923076923 0.5769230769230769 0.007211538461538462 0.002403846153846154
2 0.5204326923076923 0.5516826923076923 0.019230769230769232 0.10336538461538461
2 0.5324519230769231 0.625 0.002403846153846154 0.004807692307692308
2 0.5324519230769231 0.5793269230769231 0.002403846153846154 0.01201923076923077
1 0.5336538461538461 0.6057692307692307 0.014423076923076924 0.03365384615384615
2 0.5324519230769231 0.5216346153846154 0.004807692307692308 0.007211538461538462
2 0.5348557692307693 0.47836538461538464 0.002403846153846154 0.007211538461538462
1 0.5360576923076923 0.5 0.014423076923076924 0.03365384615384615
2 0.5444711538461539 0.5576923076923077 0.014423076923076924 0.0673076923076923
2 0.5360576923076923 0.36778846153846156 0.004807692307692308 0.01201923076923077
2 0.5384615384615384 0.32091346153846156 0.002403846153846154 0.004807692307692308
2 0.5588942307692307 0.6141826923076923 0.009615384615384616 0.026442307692307692
1 0.5372596153846154 0.34375 0.014423076923076924 0.036057692307692304
2 0.5588942307692307 0.546875 0.019230769230769232 0.09134615384615384
2 0.5625 0.4230769230769231 0.021634615384615384 0.10576923076923077
2 0.5793269230769231 0.32091346153846156 0.06009615384615385 0.016826923076923076
0 0.4879807692307692 0.4699519230769231 0.40625 0.8966346153846154