2 0.4170673076923077 0.17908653846153846 0.04567307692307692 0.01201923076923077
2 0.4651442307692308 0.17668269230769232 0.002403846153846154 0.016826923076923076
1 0.4639423076923077 0.1502403846153846 0.01201923076923077 0.038461538461538464
2 0.48197115384615385 0.12860576923076922 0.007211538461538462 0.009615384615384616
1 0.5036057692307693 0.125 0.03365384615384615 0.014423076923076924
2 0.5276442307692307 0.1310096153846154 0.007211538461538462 0.009615384615384616
2 0.5288461538461539 0.15745192307692307 0.004807692307692308 0.03365384615384615
2 0.5420673076923077 0.17427884615384615 0.007211538461538462 0.06971153846153846
2 0.5540865384615384 0.12860576923076922 0.002403846153846154 0.002403846153846154
2 0.5540865384615384 0.17668269230769232 0.002403846153846154 0.016826923076923076
1 0.5552884615384616 0.1502403846153846 0.01201923076923077 0.038461538461538464
2 0.5673076923076923 0.15144230769230768 0.007211538461538462 0.04567307692307692
2 0.5805288461538461 0.13221153846153846 0.002403846153846154 0.002403846153846154
2 0.5805288461538461 0.1778846153846154 0.002403846153846154 0.014423076923076924
1 0.5817307692307693 0.15144230769230768 0.01201923076923077 0.038461538461538464
2 0.5973557692307693 0.20793269230769232 0.06009615384615385 0.01201923076923077
0 0.5048076923076923 0.5048076923076923 0.3293269230769231 0.8701923076923077