2 0.4495192307692308 0.4423076923076923 0.04807692307692308 0.009615384615384616
2 0.4831730769230769 0.26802884615384615 0.014423076923076924 0.0889423076923077
2 0.4963942307692308 0.34375 0.01201923076923077 0.07211538461538461
2 0.5144230769230769 0.22355769230769232 0.007211538461538462 0.007211538461538462
2 0.5240384615384616 0.4098557692307692 0.01201923076923077 0.06971153846153846
1 0.5360576923076923 0.21995192307692307 0.036057692307692304 0.019230769230769232
2 0.5600961538461539 0.22115384615384615 0.007211538461538462 0.007211538461538462
2 0.5637019230769231 0.29927884615384615 0.01201923076923077 0.07451923076923077
2 0.5625 0.4074519230769231 0.01201923076923077 0.06971153846153846
2 0.5757211538461539 0.34975961538461536 0.002403846153846154 0.007211538461538462
2 0.5757211538461539 0.39783653846153844 0.002403846153846154 0.009615384615384616
1 0.5769230769230769 0.3713942307692308 0.014423076923076924 0.038461538461538464
2 0.5913461538461539 0.4206730769230769 0.009615384615384616 0.04326923076923077
2 0.6189903846153846 0.23918269230769232 0.009615384615384616 0.05048076923076923
2 0.6165865384615384 0.3401442307692308 0.004807692307692308 0.019230769230769232
2 0.6274038461538461 0.3713942307692308 0.07932692307692307 0.016826923076923076
0 0.5372596153846154 0.43990384615384615 0.36778846153846156 0.8798076923076923