2 0.5456730769230769 0.5288461538461539 0.004807692307692308 0.002403846153846154
2 0.5456730769230769 0.28125 0.002403846153846154 0.004807692307692308
2 0.5432692307692307 0.3245192307692308 0.002403846153846154 0.01201923076923077
1 0.5456730769230769 0.3004807692307692 0.009615384615384616 0.03365384615384615
2 0.5216346153846154 0.3004807692307692 0.002403846153846154 0.01201923076923077
2 0.5216346153846154 0.25721153846153844 0.002403846153846154 0.004807692307692308
1 0.5216346153846154 0.2764423076923077 0.009615384615384616 0.036057692307692304
2 0.5144230769230769 0.6322115384615384 0.002403846153846154 0.004807692307692308
2 0.5144230769230769 0.8966346153846154 0.007211538461538462 0.014423076923076924
2 0.5120192307692307 0.5913461538461539 0.002403846153846154 0.01201923076923077
1 0.5264423076923077 0.5288461538461539 0.03365384615384615 0.009615384615384616
1 0.5144230769230769 0.6129807692307693 0.009615384615384616 0.03365384615384615
2 0.5072115384615384 0.35096153846153844 0.007211538461538462 0.004807692307692308
2 0.5048076923076923 0.5288461538461539 0.007211538461538462 0.002403846153846154
1 0.49278846153846156 0.9038461538461539 0.03365384615384615 0.016826923076923076
2 0.4735576923076923 0.8990384615384616 0.004807692307692308 0.014423076923076924
1 0.4855769230769231 0.3485576923076923 0.03365384615384615 0.01201923076923077
2 0.46634615384615385 0.35096153846153844 0.004807692307692308 0.007211538461538462
2 0.45913461538461536 0.4110576923076923 0.007211538461538462 0.004807692307692308
1 0.4375 0.40865384615384615 0.03365384615384615 0.009615384615384616
2 0.4182692307692308 0.4110576923076923 0.004807692307692308 0.004807692307692308
0 0.47836538461538464 0.5432692307692307 0.2668269230769231 0.7956730769230769