2 0.2824519230769231 0.45552884615384615 0.004807692307692308 0.002403846153846154
2 0.328125 0.4567307692307692 0.01201923076923077 0.004807692307692308
1 0.30408653846153844 0.45552884615384615 0.036057692307692304 0.009615384615384616
2 0.6069711538461539 0.45913461538461536 0.01201923076923077 0.002403846153846154
2 0.6478365384615384 0.45913461538461536 0.004807692307692308 0.002403846153846154
1 0.6286057692307693 0.45913461538461536 0.03125 0.009615384615384616
2 0.3076923076923077 0.4699519230769231 0.004807692307692308 0.002403846153846154
2 0.35336538461538464 0.46875 0.01201923076923077 0.002403846153846154
1 0.3293269230769231 0.46875 0.036057692307692304 0.01201923076923077
2 0.78125 0.49759615384615385 0.009615384615384616 0.004807692307692308
1 0.7860576923076923 0.5168269230769231 0.01201923076923077 0.03125
2 0.7824519230769231 0.5360576923076923 0.009615384615384616 0.004807692307692308
0 0.4807692307692308 0.5240384615384616 0.8004807692307693 0.28846153846153844