2 0.44591346153846156 0.31490384615384615 0.002403846153846154 0.002403846153846154
2 0.44471153846153844 0.359375 0.002403846153846154 0.01201923076923077
1 0.44350961538461536 0.33413461538461536 0.014423076923076924 0.03365384615384615
2 0.4579326923076923 0.16466346153846154 0.007211538461538462 0.009615384615384616
2 0.42908653846153844 0.8209134615384616 0.002403846153846154 0.004807692307692308
1 0.43149038461538464 0.7992788461538461 0.014423076923076924 0.038461538461538464
2 0.49399038461538464 0.109375 0.007211538461538462 0.01201923076923077
1 0.4807692307692308 0.16105769230769232 0.03125 0.016826923076923076
1 0.49278846153846156 0.22956730769230768 0.014423076923076924 0.036057692307692304
2 0.4987980769230769 0.16706730769230768 0.004807692307692308 0.009615384615384616
1 0.4807692307692308 0.5036057692307693 0.03365384615384615 0.014423076923076924
1 0.515625 0.10576923076923077 0.03125 0.016826923076923076
2 0.5348557692307693 0.11177884615384616 0.004807692307692308 0.01201923076923077
0 0.47475961538461536 0.4831730769230769 0.3605769230769231 0.8149038461538461