2 0.10697115384615384 0.5252403846153846 0.016826923076923076 0.007211538461538462
2 0.20552884615384615 0.5252403846153846 0.009615384615384616 0.007211538461538462
1 0.10096153846153846 0.5048076923076923 0.014423076923076924 0.03365384615384615
1 0.20432692307692307 0.5060096153846154 0.014423076923076924 0.03365384615384615
2 0.10817307692307693 0.484375 0.014423076923076924 0.004807692307692308
2 0.20673076923076922 0.484375 0.007211538461538462 0.004807692307692308
2 0.3004807692307692 0.4807692307692308 0.007211538461538462 0.007211538461538462
2 0.38822115384615385 0.46033653846153844 0.004807692307692308 0.002403846153846154
2 0.43149038461538464 0.46153846153846156 0.009615384615384616 0.002403846153846154
1 0.4074519230769231 0.46033653846153844 0.03365384615384615 0.009615384615384616
2 0.24158653846153846 0.44471153846153844 0.002403846153846154 0.002403846153846154
2 0.2848557692307692 0.44711538461538464 0.014423076923076924 0.002403846153846154
1 0.2608173076923077 0.44591346153846156 0.036057692307692304 0.01201923076923077
1 0.29927884615384615 0.45913461538461536 0.01201923076923077 0.03365384615384615
2 0.30288461538461536 0.4375 0.007211538461538462 0.004807692307692308
0 0.4543269230769231 0.5012019230769231 0.7980769230769231 0.3004807692307692