2 0.42788461538461536 0.17067307692307693 0.04326923076923077 0.009615384615384616
2 0.45913461538461536 0.21875 0.007211538461538462 0.0985576923076923
2 0.4855769230769231 0.2668269230769231 0.007211538461538462 0.007211538461538462
1 0.5072115384615384 0.2644230769230769 0.03365384615384615 0.01201923076923077
2 0.5288461538461539 0.2668269230769231 0.007211538461538462 0.007211538461538462
2 0.5336538461538461 0.20432692307692307 0.004807692307692308 0.06490384615384616
2 0.5432692307692307 0.2620192307692308 0.004807692307692308 0.06490384615384616
2 0.5552884615384616 0.25240384615384615 0.002403846153846154 0.014423076923076924
1 0.5576923076923077 0.2283653846153846 0.009615384615384616 0.036057692307692304
2 0.5697115384615384 0.21875 0.002403846153846154 0.014423076923076924
2 0.5697115384615384 0.17548076923076922 0.002403846153846154 0.002403846153846154
2 0.5697115384615384 0.25721153846153844 0.004807692307692308 0.028846153846153848
1 0.5721153846153846 0.19471153846153846 0.009615384615384616 0.03365384615384615
2 0.5817307692307693 0.2764423076923077 0.004807692307692308 0.040865384615384616
2 0.5817307692307693 0.23557692307692307 0.004807692307692308 0.028846153846153848
2 0.6033653846153846 0.21153846153846154 0.04567307692307692 0.009615384615384616
0 0.49278846153846156 0.5576923076923077 0.30528846153846156 0.8701923076923077