2 0.3894230769230769 0.6225961538461539 0.007211538461538462 0.04807692307692308
2 0.3269230769230769 0.5913461538461539 0.004807692307692308 0.002403846153846154
2 0.37259615384615385 0.5865384615384616 0.01201923076923077 0.002403846153846154
1 0.3485576923076923 0.5913461538461539 0.036057692307692304 0.01201923076923077
2 0.43509615384615385 0.5721153846153846 0.09134615384615384 0.01201923076923077
2 0.4254807692307692 0.5456730769230769 0.10576923076923077 0.009615384615384616
2 0.32211538461538464 0.5456730769230769 0.009615384615384616 0.06490384615384616
2 0.41346153846153844 0.5072115384615384 0.004807692307692308 0.002403846153846154
2 0.4567307692307692 0.5048076923076923 0.009615384615384616 0.002403846153846154
1 0.43509615384615385 0.5072115384615384 0.03365384615384615 0.01201923076923077
2 0.42788461538461536 0.4807692307692308 0.040865384615384616 0.007211538461538462
2 0.43990384615384615 0.46875 0.016826923076923076 0.004807692307692308
2 0.37740384615384615 0.46153846153846156 0.11538461538461539 0.01201923076923077
2 0.4567307692307692 0.4519230769230769 0.009615384615384616 0.08413461538461539
0 0.5384615384615384 0.5192307692307693 0.8774038461538461 0.3389423076923077