2 0.24278846153846154 0.5721153846153846 0.01201923076923077 0.04567307692307692
2 0.28966346153846156 0.5384615384615384 0.01201923076923077 0.002403846153846154
2 0.2439903846153846 0.5372596153846154 0.004807692307692308 0.002403846153846154
1 0.265625 0.5372596153846154 0.036057692307692304 0.01201923076923077
2 0.27524038461538464 0.5252403846153846 0.014423076923076924 0.002403846153846154
2 0.22956730769230768 0.5240384615384616 0.004807692307692308 0.002403846153846154
1 0.2512019230769231 0.5252403846153846 0.036057692307692304 0.01201923076923077
2 0.27884615384615385 0.5120192307692307 0.07932692307692307 0.009615384615384616
2 0.23557692307692307 0.5 0.016826923076923076 0.002403846153846154
2 0.2860576923076923 0.49759615384615385 0.019230769230769232 0.002403846153846154
2 0.3173076923076923 0.49399038461538464 0.004807692307692308 0.007211538461538462
1 0.3137019230769231 0.4723557692307692 0.01201923076923077 0.03365384615384615
2 0.17908653846153846 0.46033653846153844 0.08173076923076923 0.007211538461538462
2 0.31490384615384615 0.45072115384615385 0.007211538461538462 0.007211538461538462
2 0.2668269230769231 0.42427884615384615 0.10576923076923077 0.01201923076923077
2 0.13822115384615385 0.40625 0.014423076923076924 0.08413461538461539
0 0.5240384615384616 0.484375 0.875 0.33413461538461536