2 0.38461538461538464 0.5877403846153846 0.007211538461538462 0.007211538461538462
1 0.38100961538461536 0.5661057692307693 0.014423076923076924 0.03365384615384615
2 0.3798076923076923 0.546875 0.004807692307692308 0.007211538461538462
2 0.4026442307692308 0.5360576923076923 0.004807692307692308 0.007211538461538462
2 0.5564903846153846 0.5240384615384616 0.002403846153846154 0.007211538461538462
1 0.40024038461538464 0.5168269230769231 0.014423076923076924 0.03365384615384615
2 0.4014423076923077 0.4951923076923077 0.004807692307692308 0.004807692307692308
1 0.5576923076923077 0.5012019230769231 0.014423076923076924 0.03365384615384615
2 0.5516826923076923 0.4831730769230769 0.004807692307692308 0.004807692307692308
2 0.625 0.4483173076923077 0.009615384615384616 0.002403846153846154
2 0.6682692307692307 0.44591346153846156 0.004807692307692308 0.002403846153846154
1 0.6466346153846154 0.44471153846153844 0.03365384615384615 0.014423076923076924
0 0.4651442307692308 0.5168269230769231 0.8052884615384616 0.3269230769230769