2 0.5576923076923077 0.375 0.004807692307692308 0.007211538461538462
2 0.5504807692307693 0.8870192307692307 0.002403846153846154 0.021634615384615384
2 0.5504807692307693 0.6490384615384616 0.002403846153846154 0.004807692307692308
1 0.5528846153846154 0.9158653846153846 0.01201923076923077 0.04326923076923077
2 0.5480769230769231 0.6033653846153846 0.002403846153846154 0.009615384615384616
1 0.5504807692307693 0.6274038461538461 0.01201923076923077 0.03365384615384615
2 0.5288461538461539 0.4807692307692308 0.002403846153846154 0.007211538461538462
2 0.5264423076923077 0.4375 0.002403846153846154 0.004807692307692308
2 0.5264423076923077 0.7259615384615384 0.007211538461538462 0.007211538461538462
1 0.5288461538461539 0.45913461538461536 0.01201923076923077 0.03365384615384615
1 0.5360576923076923 0.375 0.03125 0.01201923076923077
2 0.5168269230769231 0.37740384615384615 0.007211538461538462 0.007211538461538462
1 0.5048076923076923 0.7307692307692307 0.03365384615384615 0.014423076923076924
2 0.4855769230769231 0.7283653846153846 0.004807692307692308 0.007211538461538462
0 0.5096153846153846 0.5913461538461539 0.2956730769230769 0.8100961538461539