2 0.7716346153846154 0.5504807692307693 0.002403846153846154 0.002403846153846154
2 0.7307692307692307 0.5504807692307693 0.014423076923076924 0.002403846153846154
1 0.7524038461538461 0.5504807692307693 0.03365384615384615 0.009615384615384616
2 0.4182692307692308 0.5144230769230769 0.004807692307692308 0.002403846153846154
2 0.45913461538461536 0.5144230769230769 0.007211538461538462 0.002403846153846154
1 0.4375 0.5144230769230769 0.03365384615384615 0.009615384615384616
1 0.22355769230769232 0.5120192307692307 0.038461538461538464 0.009615384615384616
2 0.7860576923076923 0.47836538461538464 0.01201923076923077 0.007211538461538462
2 0.44711538461538464 0.46634615384615385 0.009615384615384616 0.002403846153846154
2 0.40384615384615385 0.46634615384615385 0.004807692307692308 0.002403846153846154
1 0.4254807692307692 0.46634615384615385 0.03365384615384615 0.009615384615384616
2 0.7067307692307693 0.44711538461538464 0.004807692307692308 0.002403846153846154
2 0.6634615384615384 0.44471153846153844 0.01201923076923077 0.002403846153846154
1 0.7908653846153846 0.45913461538461536 0.01201923076923077 0.03125
1 0.6875 0.44471153846153844 0.03365384615384615 0.009615384615384616
2 0.7860576923076923 0.4375 0.01201923076923077 0.004807692307692308
0 0.4206730769230769 0.4879807692307692 0.7980769230769231 0.2692307692307692