2 0.5637019230769231 0.2127403846153846 0.002403846153846154 0.004807692307692308
2 0.5576923076923077 0.2608173076923077 0.002403846153846154 0.014423076923076924
1 0.5625 0.234375 0.014423076923076924 0.038461538461538464
2 0.5264423076923077 0.5360576923076923 0.002403846153846154 0.009615384615384616
2 0.5408653846153846 0.29086538461538464 0.002403846153846154 0.004807692307692308
2 0.5216346153846154 0.5757211538461539 0.002403846153846154 0.002403846153846154
2 0.5360576923076923 0.33653846153846156 0.002403846153846154 0.01201923076923077
1 0.5228365384615384 0.5564903846153846 0.014423076923076924 0.03125
1 0.5396634615384616 0.3125 0.014423076923076924 0.036057692307692304
2 0.5096153846153846 0.6334134615384616 0.007211538461538462 0.007211538461538462
1 0.49038461538461536 0.6346153846153846 0.03125 0.014423076923076924
2 0.47115384615384615 0.6310096153846154 0.004807692307692308 0.004807692307692308
2 0.46634615384615385 0.6442307692307693 0.002403846153846154 0.01201923076923077
2 0.47596153846153844 0.5276442307692307 0.007211538461538462 0.004807692307692308
1 0.4639423076923077 0.6658653846153846 0.01201923076923077 0.03125
2 0.44350961538461536 0.8209134615384616 0.007211538461538462 0.009615384615384616
1 0.4543269230769231 0.5252403846153846 0.03365384615384615 0.014423076923076924
2 0.4254807692307692 0.7043269230769231 0.002403846153846154 0.014423076923076924
2 0.4362980769230769 0.5216346153846154 0.004807692307692308 0.002403846153846154
1 0.42427884615384615 0.7283653846153846 0.01201923076923077 0.03125
1 0.42427884615384615 0.8221153846153846 0.03125 0.014423076923076924
2 0.4074519230769231 0.8161057692307693 0.004807692307692308 0.009615384615384616
0 0.5096153846153846 0.4735576923076923 0.34375 0.8100961538461539