2 0.6658653846153846 0.40024038461538464 0.007211538461538462 0.004807692307692308
2 0.8173076923076923 0.41346153846153844 0.016826923076923076 0.002403846153846154
1 0.8413461538461539 0.41346153846153844 0.036057692307692304 0.014423076923076924
2 0.41586538461538464 0.3954326923076923 0.004807692307692308 0.007211538461538462
2 0.2403846153846154 0.39302884615384615 0.01201923076923077 0.007211538461538462
1 0.6694711538461539 0.4206730769230769 0.014423076923076924 0.03365384615384615
2 0.6658653846153846 0.4411057692307692 0.007211538461538462 0.007211538461538462
1 0.41466346153846156 0.4170673076923077 0.014423076923076924 0.03365384615384615
2 0.5324519230769231 0.44471153846153844 0.004807692307692308 0.002403846153846154
2 0.5709134615384616 0.44711538461538464 0.004807692307692308 0.007211538461538462
2 0.49158653846153844 0.44350961538461536 0.007211538461538462 0.002403846153846154
2 0.4170673076923077 0.4387019230769231 0.004807692307692308 0.007211538461538462
1 0.5132211538461539 0.44591346153846156 0.03365384615384615 0.014423076923076924
1 0.23317307692307693 0.41346153846153844 0.016826923076923076 0.036057692307692304
2 0.24158653846153846 0.4362980769230769 0.01201923076923077 0.007211538461538462
1 0.5721153846153846 0.46875 0.014423076923076924 0.03365384615384615
2 0.5709134615384616 0.49038461538461536 0.004807692307692308 0.004807692307692308
0 0.49759615384615385 0.4639423076923077 0.8221153846153846 0.35096153846153844