2 0.46634615384615385 0.7920673076923077 0.002403846153846154 0.004807692307692308
2 0.4675480769230769 0.7439903846153846 0.002403846153846154 0.014423076923076924
1 0.46634615384615385 0.7704326923076923 0.014423076923076924 0.038461538461538464
2 0.4699519230769231 0.4675480769230769 0.002403846153846154 0.009615384615384616
2 0.4807692307692308 0.7127403846153846 0.002403846153846154 0.004807692307692308
2 0.47115384615384615 0.4266826923076923 0.002403846153846154 0.002403846153846154
2 0.48197115384615385 0.6670673076923077 0.002403846153846154 0.01201923076923077
1 0.47115384615384615 0.44591346153846156 0.01201923076923077 0.03125
1 0.4807692307692308 0.6911057692307693 0.014423076923076924 0.036057692307692304
2 0.47596153846153844 0.36899038461538464 0.007211538461538462 0.007211538461538462
1 0.4951923076923077 0.36538461538461536 0.03125 0.01201923076923077
2 0.5144230769230769 0.36778846153846156 0.004807692307692308 0.004807692307692308
2 0.5192307692307693 0.35216346153846156 0.002403846153846154 0.01201923076923077
2 0.5204326923076923 0.4699519230769231 0.007211538461538462 0.004807692307692308
1 0.5180288461538461 0.33052884615384615 0.009615384615384616 0.03125
2 0.5228365384615384 0.17427884615384615 0.007211538461538462 0.009615384615384616
1 0.5420673076923077 0.4699519230769231 0.03365384615384615 0.01201923076923077
2 0.5528846153846154 0.28846153846153844 0.002403846153846154 0.014423076923076924
2 0.5612980769230769 0.47115384615384615 0.004807692307692308 0.002403846153846154
1 0.5516826923076923 0.2644230769230769 0.009615384615384616 0.03125
1 0.5408653846153846 0.171875 0.03125 0.01201923076923077
2 0.5588942307692307 0.17548076923076922 0.004807692307692308 0.009615384615384616
0 0.49399038461538464 0.5264423076923077 0.31490384615384615 0.8004807692307693