2 0.4423076923076923 0.6057692307692307 0.002403846153846154 0.009615384615384616
2 0.44711538461538464 0.6478365384615384 0.002403846153846154 0.004807692307692308
1 0.44350961538461536 0.6298076923076923 0.014423076923076924 0.03365384615384615
2 0.46033653846153844 0.7536057692307693 0.002403846153846154 0.014423076923076924
2 0.4651442307692308 0.796875 0.002403846153846154 0.002403846153846154
1 0.4639423076923077 0.7776442307692307 0.014423076923076924 0.03365384615384615
2 0.4699519230769231 0.4230769230769231 0.007211538461538462 0.004807692307692308
2 0.4855769230769231 0.5757211538461539 0.002403846153846154 0.009615384615384616
2 0.49158653846153844 0.6189903846153846 0.002403846153846154 0.004807692307692308
1 0.4879807692307692 0.5997596153846154 0.014423076923076924 0.03365384615384615
1 0.4855769230769231 0.2668269230769231 0.014423076923076924 0.036057692307692304
1 0.49158653846153844 0.4182692307692308 0.03365384615384615 0.014423076923076924
2 0.5288461538461539 0.6310096153846154 0.002403846153846154 0.01201923076923077
2 0.5132211538461539 0.4170673076923077 0.004807692307692308 0.002403846153846154
1 0.5300480769230769 0.6526442307692307 0.01201923076923077 0.03365384615384615
2 0.5180288461538461 0.3401442307692308 0.002403846153846154 0.014423076923076924
1 0.515625 0.3161057692307692 0.014423076923076924 0.036057692307692304
2 0.5673076923076923 0.6706730769230769 0.002403846153846154 0.01201923076923077
2 0.5733173076923077 0.7139423076923077 0.002403846153846154 0.004807692307692308
1 0.5709134615384616 0.6947115384615384 0.01201923076923077 0.03365384615384615
0 0.4831730769230769 0.42908653846153844 0.34615384615384615 0.8221153846153846