2 0.5588942307692307 0.41225961538461536 0.004807692307692308 0.002403846153846154
2 0.5180288461538461 0.41586538461538464 0.007211538461538462 0.002403846153846154
1 0.5396634615384616 0.41225961538461536 0.03365384615384615 0.01201923076923077
2 0.7367788461538461 0.4266826923076923 0.002403846153846154 0.002403846153846154
2 0.6911057692307693 0.42908653846153844 0.014423076923076924 0.002403846153846154
1 0.7151442307692307 0.4266826923076923 0.038461538461538464 0.01201923076923077
2 0.625 0.4831730769230769 0.004807692307692308 0.007211538461538462
2 0.4831730769230769 0.49038461538461536 0.002403846153846154 0.007211538461538462
2 0.4230769230769231 0.5132211538461539 0.009615384615384616 0.002403846153846154
2 0.8966346153846154 0.5048076923076923 0.021634615384615384 0.002403846153846154
2 0.3798076923076923 0.5168269230769231 0.004807692307692308 0.002403846153846154
1 0.39903846153846156 0.515625 0.03365384615384615 0.009615384615384616
1 0.9254807692307693 0.5072115384615384 0.04326923076923077 0.01201923076923077
1 0.6274038461538461 0.5048076923076923 0.009615384615384616 0.03365384615384615
1 0.4807692307692308 0.5120192307692307 0.01201923076923077 0.03365384615384615
2 0.625 0.5264423076923077 0.004807692307692308 0.004807692307692308
2 0.4831730769230769 0.53125 0.002403846153846154 0.004807692307692308
0 0.5853365384615384 0.4579326923076923 0.8221153846153846 0.3004807692307692