2 0.41225961538461536 0.18990384615384615 0.007211538461538462 0.01201923076923077
2 0.41346153846153844 0.2644230769230769 0.004807692307692308 0.007211538461538462
1 0.43509615384615385 0.18629807692307693 0.03365384615384615 0.016826923076923076
2 0.4206730769230769 0.7800480769230769 0.002403846153846154 0.014423076923076924
2 0.4206730769230769 0.8257211538461539 0.002403846153846154 0.002403846153846154
1 0.43509615384615385 0.26322115384615385 0.03365384615384615 0.014423076923076924
1 0.41947115384615385 0.8064903846153846 0.014423076923076924 0.036057692307692304
2 0.45552884615384615 0.19230769230769232 0.007211538461538462 0.009615384615384616
2 0.4495192307692308 0.3125 0.007211538461538462 0.009615384615384616
2 0.4567307692307692 0.2644230769230769 0.007211538461538462 0.007211538461538462
1 0.47115384615384615 0.3088942307692308 0.03365384615384615 0.014423076923076924
2 0.4699519230769231 0.6694711538461539 0.007211538461538462 0.007211538461538462
2 0.49278846153846156 0.3112980769230769 0.004807692307692308 0.007211538461538462
1 0.4891826923076923 0.6706730769230769 0.03365384615384615 0.016826923076923076
2 0.5108173076923077 0.6670673076923077 0.004807692307692308 0.007211538461538462
0 0.47836538461538464 0.4579326923076923 0.34375 0.8125