2 0.5252403846153846 0.4387019230769231 0.004807692307692308 0.002403846153846154
2 0.484375 0.4362980769230769 0.004807692307692308 0.004807692307692308
1 0.5060096153846154 0.4375 0.03365384615384615 0.01201923076923077
2 0.8293269230769231 0.45913461538461536 0.009615384615384616 0.007211538461538462
2 0.8870192307692307 0.4723557692307692 0.021634615384615384 0.002403846153846154
1 0.9182692307692307 0.4735576923076923 0.04326923076923077 0.014423076923076924
2 0.3762019230769231 0.4675480769230769 0.007211538461538462 0.004807692307692308
1 0.8305288461538461 0.4807692307692308 0.016826923076923076 0.036057692307692304
2 0.8269230769230769 0.5024038461538461 0.009615384615384616 0.007211538461538462
2 0.6201923076923077 0.4963942307692308 0.004807692307692308 0.007211538461538462
1 0.37259615384615385 0.4879807692307692 0.014423076923076924 0.03125
2 0.375 0.5084134615384616 0.004807692307692308 0.004807692307692308
1 0.6213942307692307 0.5180288461538461 0.014423076923076924 0.03365384615384615
2 0.6189903846153846 0.5372596153846154 0.004807692307692308 0.004807692307692308
2 0.30528846153846156 0.5408653846153846 0.004807692307692308 0.002403846153846154
2 0.34615384615384615 0.5420673076923077 0.01201923076923077 0.002403846153846154
1 0.32211538461538464 0.5408653846153846 0.03365384615384615 0.01201923076923077
2 0.6454326923076923 0.5673076923076923 0.01201923076923077 0.002403846153846154
2 0.6911057692307693 0.5697115384615384 0.004807692307692308 0.002403846153846154
2 0.38100961538461536 0.5588942307692307 0.004807692307692308 0.002403846153846154
2 0.42427884615384615 0.5612980769230769 0.009615384615384616 0.004807692307692308
1 0.6694711538461539 0.5709134615384616 0.036057692307692304 0.014423076923076924
1 0.40024038461538464 0.5600961538461539 0.03125 0.01201923076923077
0 0.59375 0.5192307692307693 0.8125 0.3173076923076923