2 0.5949519230769231 0.21153846153846154 0.04326923076923077 0.016826923076923076
2 0.5612980769230769 0.2091346153846154 0.004807692307692308 0.014423076923076924
1 0.5612980769230769 0.18389423076923078 0.014423076923076924 0.036057692307692304
2 0.4831730769230769 0.36538461538461536 0.014423076923076924 0.07692307692307693
2 0.484375 0.2403846153846154 0.007211538461538462 0.040865384615384616
2 0.4735576923076923 0.2536057692307692 0.002403846153846154 0.01201923076923077
2 0.4699519230769231 0.3473557692307692 0.019230769230769232 0.11298076923076923
2 0.5120192307692307 0.16346153846153846 0.07451923076923077 0.021634615384615384
1 0.4735576923076923 0.22956730769230768 0.01201923076923077 0.03365384615384615
2 0.45913461538461536 0.27403846153846156 0.007211538461538462 0.040865384615384616
2 0.46274038461538464 0.20673076923076922 0.004807692307692308 0.014423076923076924
2 0.4639423076923077 0.16346153846153846 0.002403846153846154 0.002403846153846154
1 0.46274038461538464 0.18269230769230768 0.01201923076923077 0.036057692307692304
2 0.44591346153846156 0.3233173076923077 0.002403846153846154 0.01201923076923077
2 0.44711538461538464 0.2800480769230769 0.002403846153846154 0.004807692307692308
1 0.44471153846153844 0.29927884615384615 0.01201923076923077 0.03365384615384615
2 0.4387019230769231 0.23918269230769232 0.007211538461538462 0.040865384615384616
2 0.41346153846153844 0.2776442307692308 0.04567307692307692 0.014423076923076924
0 0.5048076923076923 0.5552884615384616 0.3942307692307692 0.8894230769230769