2 0.6310096153846154 0.2704326923076923 0.05048076923076923 0.016826923076923076
2 0.5769230769230769 0.53125 0.014423076923076924 0.09134615384615384
2 0.5757211538461539 0.31850961538461536 0.016826923076923076 0.0985576923076923
2 0.546875 0.6057692307692307 0.009615384615384616 0.0673076923076923
2 0.5576923076923077 0.4254807692307692 0.016826923076923076 0.1201923076923077
2 0.5264423076923077 0.6346153846153846 0.007211538461538462 0.004807692307692308
1 0.5048076923076923 0.6358173076923077 0.03365384615384615 0.01201923076923077
2 0.4831730769230769 0.6310096153846154 0.007211538461538462 0.004807692307692308
2 0.4831730769230769 0.6117788461538461 0.004807692307692308 0.016826923076923076
2 0.46875 0.6370192307692307 0.007211538461538462 0.040865384615384616
2 0.44471153846153844 0.6394230769230769 0.007211538461538462 0.028846153846153848
2 0.4230769230769231 0.6045673076923077 0.04567307692307692 0.01201923076923077
0 0.5228365384615384 0.4543269230769231 0.38221153846153844 0.9038461538461539