2 0.4375 0.25841346153846156 0.004807692307692308 0.007211538461538462
1 0.4567307692307692 0.25600961538461536 0.03365384615384615 0.01201923076923077
2 0.47716346153846156 0.6009615384615384 0.007211538461538462 0.004807692307692308
2 0.4795673076923077 0.25961538461538464 0.004807692307692308 0.007211538461538462
1 0.5 0.6033653846153846 0.03125 0.01201923076923077
2 0.5144230769230769 0.6153846153846154 0.007211538461538462 0.007211538461538462
2 0.5180288461538461 0.6033653846153846 0.004807692307692308 0.004807692307692308
1 0.5192307692307693 0.75 0.009615384615384616 0.036057692307692304
2 0.5192307692307693 0.35336538461538464 0.007211538461538462 0.007211538461538462
2 0.5204326923076923 0.2956730769230769 0.007211538461538462 0.009615384615384616
1 0.5360576923076923 0.6165865384615384 0.03365384615384615 0.01201923076923077
2 0.5528846153846154 0.7944711538461539 0.002403846153846154 0.004807692307692308
2 0.5552884615384616 0.7487980769230769 0.002403846153846154 0.014423076923076924
2 0.5552884615384616 0.6165865384615384 0.004807692307692308 0.007211538461538462
1 0.5552884615384616 0.7728365384615384 0.01201923076923077 0.036057692307692304
1 0.5408653846153846 0.35216346153846156 0.03365384615384615 0.01201923076923077
1 0.5420673076923077 0.28966346153846156 0.03365384615384615 0.01201923076923077
2 0.5625 0.3545673076923077 0.004807692307692308 0.007211538461538462
2 0.5612980769230769 0.29447115384615385 0.004807692307692308 0.007211538461538462
0 0.4963942307692308 0.46153846153846156 0.2980769230769231 0.7956730769230769