2 0.6153846153846154 0.6610576923076923 0.04807692307692308 0.01201923076923077
2 0.578125 0.6201923076923077 0.01201923076923077 0.08173076923076923
2 0.5793269230769231 0.7019230769230769 0.002403846153846154 0.014423076923076924
2 0.5805288461538461 0.7475961538461539 0.002403846153846154 0.004807692307692308
1 0.5805288461538461 0.7259615384615384 0.014423076923076924 0.036057692307692304
2 0.5384615384615384 0.6394230769230769 0.016826923076923076 0.1201923076923077
2 0.5360576923076923 0.7475961538461539 0.06490384615384616 0.019230769230769232
2 0.5060096153846154 0.8317307692307693 0.007211538461538462 0.03125
2 0.4675480769230769 0.7932692307692307 0.016826923076923076 0.10336538461538461
2 0.4326923076923077 0.8209134615384616 0.04567307692307692 0.016826923076923076
0 0.5252403846153846 0.4879807692307692 0.3798076923076923 0.8918269230769231