2 0.5504807692307693 0.5084134615384616 0.002403846153846154 0.009615384615384616
2 0.5492788461538461 0.5492788461538461 0.002403846153846154 0.004807692307692308
1 0.5504807692307693 0.5300480769230769 0.01201923076923077 0.03365384615384615
2 0.5348557692307693 0.296875 0.007211538461538462 0.009615384615384616
1 0.5132211538461539 0.2932692307692308 0.036057692307692304 0.014423076923076924
2 0.49158653846153844 0.2956730769230769 0.004807692307692308 0.009615384615384616
2 0.4735576923076923 0.34615384615384615 0.002403846153846154 0.004807692307692308
2 0.4735576923076923 0.3918269230769231 0.002403846153846154 0.009615384615384616
2 0.47115384615384615 0.47115384615384615 0.002403846153846154 0.007211538461538462
1 0.4735576923076923 0.36778846153846156 0.01201923076923077 0.036057692307692304
2 0.46875 0.5120192307692307 0.002403846153846154 0.004807692307692308
1 0.46875 0.49038461538461536 0.01201923076923077 0.03365384615384615
0 0.5168269230769231 0.49278846153846156 0.31490384615384615 0.7956730769230769