2 0.25600961538461536 0.3858173076923077 0.01201923076923077 0.04807692307692308
2 0.29447115384615385 0.42427884615384615 0.08413461538461539 0.009615384615384616
2 0.22115384615384615 0.49759615384615385 0.014423076923076924 0.002403846153846154
2 0.1346153846153846 0.49038461538461536 0.03365384615384615 0.007211538461538462
2 0.29086538461538464 0.5012019230769231 0.03125 0.007211538461538462
1 0.19471153846153846 0.4963942307692308 0.038461538461538464 0.01201923076923077
2 0.27283653846153844 0.5120192307692307 0.014423076923076924 0.002403846153846154
2 0.2247596153846154 0.5096153846153846 0.004807692307692308 0.002403846153846154
2 0.33052884615384615 0.4795673076923077 0.01201923076923077 0.07932692307692307
1 0.24639423076923078 0.5108173076923077 0.038461538461538464 0.01201923076923077
2 0.15985576923076922 0.5180288461538461 0.03365384615384615 0.007211538461538462
2 0.28966346153846156 0.5276442307692307 0.08173076923076923 0.009615384615384616
2 0.2980769230769231 0.5396634615384616 0.01201923076923077 0.002403846153846154
2 0.25240384615384615 0.5372596153846154 0.004807692307692308 0.002403846153846154
1 0.27403846153846156 0.5384615384615384 0.038461538461538464 0.01201923076923077
2 0.11778846153846154 0.5444711538461539 0.016826923076923076 0.08413461538461539
0 0.4963942307692308 0.4879807692307692 0.8774038461538461 0.33653846153846156