2 0.48677884615384615 0.4230769230769231 0.040865384615384616 0.004807692307692308
2 0.5733173076923077 0.4026442307692308 0.01201923076923077 0.07692307692307693
2 0.5372596153846154 0.46274038461538464 0.0673076923076923 0.007211538461538462
2 0.46634615384615385 0.46634615384615385 0.007211538461538462 0.0673076923076923
2 0.625 0.5072115384615384 0.01201923076923077 0.002403846153846154
2 0.6730769230769231 0.5084134615384616 0.007211538461538462 0.002403846153846154
2 0.49038461538461536 0.5144230769230769 0.028846153846153848 0.004807692307692308
1 0.6490384615384616 0.5096153846153846 0.038461538461538464 0.01201923076923077
2 0.5985576923076923 0.5204326923076923 0.04326923076923077 0.007211538461538462
2 0.5288461538461539 0.5288461538461539 0.10336538461538461 0.01201923076923077
2 0.484375 0.5384615384615384 0.040865384615384616 0.007211538461538462
2 0.671875 0.5649038461538461 0.016826923076923076 0.08653846153846154
0 0.5637019230769231 0.4855769230769231 0.8725961538461539 0.34134615384615385