2 0.34615384615384615 0.46274038461538464 0.004807692307692308 0.004807692307692308
1 0.3425480769230769 0.48197115384615385 0.016826923076923076 0.03365384615384615
2 0.34375 0.5036057692307693 0.004807692307692308 0.007211538461538462
1 0.7680288461538461 0.5096153846153846 0.03365384615384615 0.014423076923076924
2 0.671875 0.5204326923076923 0.007211538461538462 0.007211538461538462
2 0.5673076923076923 0.5540865384615384 0.004807692307692308 0.007211538461538462
1 0.6754807692307693 0.5408653846153846 0.014423076923076924 0.03365384615384615
2 0.671875 0.5612980769230769 0.007211538461538462 0.004807692307692308
2 0.8545673076923077 0.5612980769230769 0.01201923076923077 0.007211538461538462
1 0.5685096153846154 0.5757211538461539 0.014423076923076924 0.03365384615384615
2 0.5673076923076923 0.5949519230769231 0.004807692307692308 0.004807692307692308
1 0.8605769230769231 0.5817307692307693 0.016826923076923076 0.03365384615384615
2 0.8545673076923077 0.6021634615384616 0.01201923076923077 0.004807692307692308
0 0.49399038461538464 0.5288461538461539 0.8125 0.3557692307692308