2 0.6009615384615384 0.53125 0.04807692307692308 0.007211538461538462
2 0.5360576923076923 0.5336538461538461 0.007211538461538462 0.002403846153846154
1 0.5144230769230769 0.5360576923076923 0.03365384615384615 0.01201923076923077
2 0.4951923076923077 0.6105769230769231 0.002403846153846154 0.004807692307692308
2 0.49038461538461536 0.5649038461538461 0.002403846153846154 0.01201923076923077
2 0.49278846153846156 0.5360576923076923 0.007211538461538462 0.002403846153846154
1 0.49278846153846156 0.5889423076923077 0.01201923076923077 0.036057692307692304
2 0.4639423076923077 0.5480769230769231 0.002403846153846154 0.007211538461538462
2 0.46153846153846156 0.5048076923076923 0.002403846153846154 0.007211538461538462
1 0.46153846153846156 0.5264423076923077 0.01201923076923077 0.036057692307692304
2 0.4495192307692308 0.5192307692307693 0.007211538461538462 0.040865384615384616
2 0.43990384615384615 0.5576923076923077 0.004807692307692308 0.016826923076923076
2 0.43990384615384615 0.6153846153846154 0.08413461538461539 0.009615384615384616
0 0.5024038461538461 0.45913461538461536 0.3293269230769231 0.8725961538461539