2 0.38341346153846156 0.4110576923076923 0.004807692307692308 0.004807692307692308
2 0.25841346153846156 0.41586538461538464 0.014423076923076924 0.002403846153846154
1 0.23677884615384615 0.41586538461538464 0.03365384615384615 0.009615384615384616
1 0.38100961538461536 0.43028846153846156 0.009615384615384616 0.03125
2 0.38341346153846156 0.4519230769230769 0.004807692307692308 0.007211538461538462
2 0.6838942307692307 0.4675480769230769 0.007211538461538462 0.007211538461538462
1 0.6850961538461539 0.4891826923076923 0.01201923076923077 0.03365384615384615
2 0.6802884615384616 0.5108173076923077 0.007211538461538462 0.004807692307692308
2 0.47836538461538464 0.5288461538461539 0.007211538461538462 0.004807692307692308
2 0.5192307692307693 0.5288461538461539 0.007211538461538462 0.002403846153846154
1 0.49759615384615385 0.53125 0.03125 0.009615384615384616
2 0.2932692307692308 0.5324519230769231 0.004807692307692308 0.002403846153846154
2 0.33533653846153844 0.5336538461538461 0.01201923076923077 0.002403846153846154
1 0.3112980769230769 0.5348557692307693 0.03125 0.009615384615384616
0 0.5949519230769231 0.484375 0.8100961538461539 0.29086538461538464