2 0.3137019230769231 0.6153846153846154 0.009615384615384616 0.05048076923076923
2 0.34375 0.578125 0.08653846153846154 0.014423076923076924
2 0.3088942307692308 0.5649038461538461 0.019230769230769232 0.004807692307692308
2 0.38461538461538464 0.546875 0.004807692307692308 0.007211538461538462
1 0.38341346153846156 0.5228365384615384 0.014423076923076924 0.036057692307692304
2 0.3870192307692308 0.5012019230769231 0.004807692307692308 0.007211538461538462
2 0.4026442307692308 0.4855769230769231 0.007211538461538462 0.002403846153846154
2 0.4483173076923077 0.4855769230769231 0.009615384615384616 0.002403846153846154
1 0.42427884615384615 0.484375 0.036057692307692304 0.014423076923076924
2 0.39302884615384615 0.4723557692307692 0.016826923076923076 0.002403846153846154
2 0.4375 0.4579326923076923 0.028846153846153848 0.009615384615384616
2 0.4266826923076923 0.42427884615384615 0.009615384615384616 0.04807692307692308
0 0.43990384615384615 0.5348557692307693 0.8798076923076923 0.36778846153846156