2 0.20432692307692307 0.5432692307692307 0.016826923076923076 0.002403846153846154
1 0.18028846153846154 0.5432692307692307 0.036057692307692304 0.01201923076923077
2 0.30288461538461536 0.5360576923076923 0.002403846153846154 0.002403846153846154
2 0.34615384615384615 0.5360576923076923 0.01201923076923077 0.002403846153846154
1 0.32211538461538464 0.5360576923076923 0.03365384615384615 0.01201923076923077
2 0.125 0.53125 0.014423076923076924 0.004807692307692308
2 0.6586538461538461 0.5192307692307693 0.01201923076923077 0.002403846153846154
2 0.38221153846153844 0.5192307692307693 0.007211538461538462 0.007211538461538462
2 0.7019230769230769 0.5168269230769231 0.004807692307692308 0.002403846153846154
1 0.6826923076923077 0.5168269230769231 0.03365384615384615 0.01201923076923077
1 0.11778846153846154 0.5120192307692307 0.016826923076923076 0.03365384615384615
2 0.12259615384615384 0.49038461538461536 0.01201923076923077 0.004807692307692308
1 0.3798076923076923 0.49759615384615385 0.01201923076923077 0.03365384615384615
2 0.3798076923076923 0.47836538461538464 0.004807692307692308 0.004807692307692308
1 0.30528846153846156 0.47836538461538464 0.03365384615384615 0.01201923076923077
2 0.6081730769230769 0.46153846153846156 0.009615384615384616 0.002403846153846154
2 0.6514423076923077 0.45913461538461536 0.004807692307692308 0.002403846153846154
2 0.5817307692307693 0.45913461538461536 0.004807692307692308 0.007211538461538462
1 0.6298076923076923 0.45913461538461536 0.03365384615384615 0.01201923076923077
1 0.5817307692307693 0.4375 0.01201923076923077 0.03365384615384615
2 0.5793269230769231 0.4182692307692308 0.004807692307692308 0.004807692307692308
2 0.7379807692307693 0.40625 0.014423076923076924 0.002403846153846154
2 0.7860576923076923 0.40384615384615385 0.004807692307692308 0.002403846153846154
1 0.7644230769230769 0.40384615384615385 0.036057692307692304 0.01201923076923077
0 0.4639423076923077 0.4831730769230769 0.7932692307692307 0.2932692307692308