2 0.4254807692307692 0.609375 0.004807692307692308 0.04807692307692308
2 0.2403846153846154 0.5048076923076923 0.10096153846153846 0.007211538461538462
2 0.36778846153846156 0.5 0.040865384615384616 0.004807692307692308
2 0.4230769230769231 0.5300480769230769 0.007211538461538462 0.06490384615384616
2 0.3173076923076923 0.4891826923076923 0.06490384615384616 0.004807692307692308
2 0.3004807692307692 0.47716346153846156 0.028846153846153848 0.004807692307692308
2 0.3786057692307692 0.46153846153846156 0.0889423076923077 0.009615384615384616
2 0.33774038461538464 0.4519230769230769 0.004807692307692308 0.002403846153846154
2 0.24158653846153846 0.4543269230769231 0.0985576923076923 0.009615384615384616
2 0.38100961538461536 0.4495192307692308 0.01201923076923077 0.002403846153846154
1 0.35697115384615385 0.4495192307692308 0.03365384615384615 0.009615384615384616
2 0.3112980769230769 0.4387019230769231 0.007211538461538462 0.057692307692307696
0 0.5552884615384616 0.5132211538461539 0.8822115384615384 0.31490384615384615