2 0.5480769230769231 0.4026442307692308 0.04807692307692308 0.009615384615384616
2 0.4326923076923077 0.32211538461538464 0.002403846153846154 0.014423076923076924
2 0.42908653846153844 0.27163461538461536 0.002403846153846154 0.004807692307692308
2 0.46875 0.40625 0.0673076923076923 0.01201923076923077
2 0.4423076923076923 0.5060096153846154 0.009615384615384616 0.0673076923076923
1 0.43028846153846156 0.2956730769230769 0.01201923076923077 0.038461538461538464
2 0.41947115384615385 0.3798076923076923 0.01201923076923077 0.11298076923076923
2 0.42788461538461536 0.5 0.009615384615384616 0.07932692307692307
2 0.40384615384615385 0.3233173076923077 0.002403846153846154 0.01201923076923077
2 0.40024038461538464 0.27283653846153844 0.002403846153846154 0.004807692307692308
2 0.41346153846153844 0.47475961538461536 0.007211538461538462 0.028846153846153848
1 0.4014423076923077 0.296875 0.01201923076923077 0.038461538461538464
2 0.3918269230769231 0.3245192307692308 0.002403846153846154 0.014423076923076924
2 0.38822115384615385 0.27163461538461536 0.002403846153846154 0.007211538461538462
2 0.40024038461538464 0.4495192307692308 0.007211538461538462 0.028846153846153848
2 0.4014423076923077 0.5072115384615384 0.009615384615384616 0.040865384615384616
1 0.3870192307692308 0.2956730769230769 0.014423076923076924 0.040865384615384616
2 0.390625 0.5240384615384616 0.002403846153846154 0.007211538461538462
2 0.3858173076923077 0.46033653846153844 0.002403846153846154 0.009615384615384616
2 0.38822115384615385 0.4807692307692308 0.004807692307692308 0.007211538461538462
2 0.38341346153846156 0.41466346153846156 0.002403846153846154 0.007211538461538462
1 0.3870192307692308 0.5036057692307693 0.01201923076923077 0.036057692307692304
1 0.38221153846153844 0.4362980769230769 0.01201923076923077 0.036057692307692304
2 0.3485576923076923 0.27163461538461536 0.052884615384615384 0.014423076923076924
0 0.46033653846153844 0.44350961538461536 0.3629807692307692 0.8870192307692307