2 0.1875 0.39302884615384615 0.009615384615384616 0.04567307692307692
2 0.20072115384615385 0.4254807692307692 0.014423076923076924 0.002403846153846154
1 0.17668269230769232 0.4266826923076923 0.036057692307692304 0.009615384615384616
2 0.17427884615384615 0.4387019230769231 0.040865384615384616 0.004807692307692308
2 0.18629807692307693 0.453125 0.016826923076923076 0.002403846153846154
2 0.203125 0.4543269230769231 0.007211538461538462 0.007211538461538462
2 0.18629807692307693 0.46274038461538464 0.016826923076923076 0.002403846153846154
1 0.20192307692307693 0.47596153846153844 0.01201923076923077 0.03365384615384615
2 0.20432692307692307 0.49759615384615385 0.007211538461538462 0.007211538461538462
2 0.2956730769230769 0.515625 0.0889423076923077 0.009615384615384616
2 0.30288461538461536 0.5276442307692307 0.07692307692307693 0.009615384615384616
2 0.20793269230769232 0.5504807692307693 0.002403846153846154 0.002403846153846154
2 0.2512019230769231 0.5504807692307693 0.01201923076923077 0.002403846153846154
1 0.22716346153846154 0.5504807692307693 0.036057692307692304 0.009615384615384616
2 0.265625 0.5661057692307693 0.007211538461538462 0.055288461538461536
0 0.5576923076923077 0.48677884615384615 0.8822115384615384 0.3173076923076923