2 0.41346153846153844 0.40865384615384615 0.007211538461538462 0.04807692307692308
2 0.41586538461538464 0.4807692307692308 0.007211538461538462 0.07692307692307693
2 0.3245192307692308 0.5216346153846154 0.01201923076923077 0.002403846153846154
2 0.27884615384615385 0.5216346153846154 0.004807692307692308 0.002403846153846154
1 0.3004807692307692 0.5216346153846154 0.036057692307692304 0.009615384615384616
2 0.4639423076923077 0.53125 0.009615384615384616 0.002403846153846154
2 0.4206730769230769 0.5336538461538461 0.004807692307692308 0.002403846153846154
1 0.4423076923076923 0.5336538461538461 0.03365384615384615 0.009615384615384616
2 0.43028846153846156 0.5456730769230769 0.10336538461538461 0.004807692307692308
2 0.375 0.5697115384615384 0.01201923076923077 0.002403846153846154
2 0.3317307692307692 0.5721153846153846 0.004807692307692308 0.002403846153846154
2 0.4735576923076923 0.5697115384615384 0.014423076923076924 0.004807692307692308
1 0.35096153846153844 0.5721153846153846 0.036057692307692304 0.009615384615384616
2 0.27884615384615385 0.5817307692307693 0.009615384615384616 0.06971153846153846
0 0.5336538461538461 0.49038461538461536 0.8629807692307693 0.29086538461538464