2 0.4519230769230769 0.5480769230769231 0.004807692307692308 0.002403846153846154
2 0.4951923076923077 0.5432692307692307 0.009615384615384616 0.004807692307692308
1 0.4735576923076923 0.546875 0.03365384615384615 0.014423076923076924
2 0.36658653846153844 0.5360576923076923 0.01201923076923077 0.002403846153846154
1 0.3449519230769231 0.5372596153846154 0.03125 0.014423076923076924
2 0.47716346153846156 0.4723557692307692 0.004807692307692308 0.007211538461538462
1 0.4735576923076923 0.45072115384615385 0.014423076923076924 0.03365384615384615
2 0.4723557692307692 0.42908653846153844 0.002403846153846154 0.004807692307692308
2 0.7716346153846154 0.4110576923076923 0.014423076923076924 0.002403846153846154
2 0.8245192307692307 0.40384615384615385 0.004807692307692308 0.002403846153846154
1 0.8004807692307693 0.4074519230769231 0.040865384615384616 0.016826923076923076
0 0.5180288461538461 0.47475961538461536 0.8100961538461539 0.34615384615384615