2 0.47115384615384615 0.24519230769230768 0.002403846153846154 0.014423076923076924
2 0.4735576923076923 0.7956730769230769 0.002403846153846154 0.014423076923076924
1 0.47115384615384615 0.8245192307692307 0.01201923076923077 0.040865384615384616
1 0.4735576923076923 0.22355769230769232 0.009615384615384616 0.03125
2 0.49278846153846156 0.3798076923076923 0.004807692307692308 0.007211538461538462
1 0.5120192307692307 0.37740384615384615 0.03125 0.009615384615384616
2 0.53125 0.3798076923076923 0.004807692307692308 0.007211538461538462
2 0.5384615384615384 0.3918269230769231 0.007211538461538462 0.004807692307692308
2 0.5408653846153846 0.5889423076923077 0.002403846153846154 0.007211538461538462
2 0.5408653846153846 0.5456730769230769 0.002403846153846154 0.007211538461538462
2 0.5432692307692307 0.1971153846153846 0.007211538461538462 0.009615384615384616
1 0.5432692307692307 0.5673076923076923 0.01201923076923077 0.03365384615384615
1 0.5576923076923077 0.3894230769230769 0.03125 0.009615384615384616
1 0.5649038461538461 0.19230769230769232 0.03125 0.01201923076923077
2 0.5793269230769231 0.3918269230769231 0.004807692307692308 0.004807692307692308
2 0.5817307692307693 0.1971153846153846 0.004807692307692308 0.009615384615384616
0 0.5072115384615384 0.5336538461538461 0.28125 0.7908653846153846