2 0.4879807692307692 0.6129807692307693 0.002403846153846154 0.009615384615384616
2 0.4879807692307692 0.65625 0.002403846153846154 0.004807692307692308
2 0.4963942307692308 0.3125 0.002403846153846154 0.014423076923076924
1 0.4879807692307692 0.6370192307692307 0.009615384615384616 0.03365384615384615
1 0.4963942307692308 0.28846153846153844 0.009615384615384616 0.03365384615384615
2 0.5072115384615384 0.24278846153846154 0.002403846153846154 0.014423076923076924
2 0.5 0.49038461538461536 0.007211538461538462 0.002403846153846154
1 0.5072115384615384 0.21875 0.009615384615384616 0.036057692307692304
1 0.5216346153846154 0.49038461538461536 0.03365384615384615 0.01201923076923077
1 0.5216346153846154 0.5024038461538461 0.03365384615384615 0.01201923076923077
2 0.5432692307692307 0.49158653846153844 0.004807692307692308 0.002403846153846154
2 0.5576923076923077 0.4699519230769231 0.002403846153846154 0.004807692307692308
2 0.5576923076923077 0.5108173076923077 0.002403846153846154 0.007211538461538462
1 0.5576923076923077 0.4891826923076923 0.01201923076923077 0.03365384615384615
0 0.5360576923076923 0.4723557692307692 0.2932692307692308 0.8052884615384616