2 0.5733173076923077 0.4651442307692308 0.002403846153846154 0.009615384615384616
2 0.5769230769230769 0.421875 0.002403846153846154 0.004807692307692308
1 0.5769230769230769 0.44350961538461536 0.014423076923076924 0.03365384615384615
2 0.5288461538461539 0.9170673076923077 0.009615384615384616 0.016826923076923076
2 0.5516826923076923 0.5985576923076923 0.007211538461538462 0.004807692307692308
2 0.5252403846153846 0.796875 0.007211538461538462 0.007211538461538462
1 0.5072115384615384 0.9206730769230769 0.038461538461538464 0.019230769230769232
1 0.5300480769230769 0.5985576923076923 0.03365384615384615 0.01201923076923077
2 0.4855769230769231 0.9086538461538461 0.007211538461538462 0.016826923076923076
2 0.5084134615384616 0.5949519230769231 0.004807692307692308 0.004807692307692308
1 0.5024038461538461 0.796875 0.03365384615384615 0.016826923076923076
1 0.4951923076923077 0.7211538461538461 0.01201923076923077 0.036057692307692304
2 0.48197115384615385 0.7908653846153846 0.004807692307692308 0.007211538461538462
2 0.5132211538461539 0.42908653846153844 0.007211538461538462 0.004807692307692308
2 0.53125 0.20072115384615385 0.007211538461538462 0.01201923076923077
1 0.49158653846153844 0.4266826923076923 0.03125 0.01201923076923077
1 0.5096153846153846 0.19471153846153846 0.03125 0.016826923076923076
2 0.4723557692307692 0.42788461538461536 0.004807692307692308 0.004807692307692308
2 0.45913461538461536 0.5757211538461539 0.002403846153846154 0.004807692307692308
2 0.46274038461538464 0.5348557692307693 0.002403846153846154 0.007211538461538462
2 0.49038461538461536 0.19951923076923078 0.004807692307692308 0.01201923076923077
1 0.45913461538461536 0.5564903846153846 0.01201923076923077 0.03365384615384615
0 0.5288461538461539 0.5769230769230769 0.34375 0.8341346153846154