2 0.5408653846153846 0.7355769230769231 0.055288461538461536 0.01201923076923077
2 0.4855769230769231 0.7307692307692307 0.007211538461538462 0.007211538461538462
1 0.4639423076923077 0.7295673076923077 0.03365384615384615 0.014423076923076924
2 0.4423076923076923 0.7259615384615384 0.007211538461538462 0.007211538461538462
2 0.44591346153846156 0.6706730769230769 0.009615384615384616 0.06490384615384616
2 0.4326923076923077 0.6790865384615384 0.002403846153846154 0.01201923076923077
2 0.42788461538461536 0.7223557692307693 0.002403846153846154 0.002403846153846154
1 0.42908653846153844 0.703125 0.014423076923076924 0.03365384615384615
2 0.421875 0.6694711538461539 0.009615384615384616 0.040865384615384616
2 0.40384615384615385 0.7259615384615384 0.004807692307692308 0.016826923076923076
2 0.39783653846153844 0.6586538461538461 0.007211538461538462 0.026442307692307692
2 0.3942307692307692 0.6899038461538461 0.004807692307692308 0.016826923076923076
2 0.3894230769230769 0.7247596153846154 0.004807692307692308 0.016826923076923076
2 0.39663461538461536 0.6370192307692307 0.08413461538461539 0.016826923076923076
0 0.5012019230769231 0.4411057692307692 0.37259615384615385 0.8822115384615384