2 0.39663461538461536 0.5697115384615384 0.01201923076923077 0.002403846153846154
2 0.35336538461538464 0.5709134615384616 0.004807692307692308 0.002403846153846154
1 0.37259615384615385 0.5721153846153846 0.03365384615384615 0.014423076923076924
2 0.5528846153846154 0.5276442307692307 0.004807692307692308 0.007211538461538462
2 0.3581730769230769 0.5336538461538461 0.01201923076923077 0.002403846153846154
2 0.43509615384615385 0.53125 0.004807692307692308 0.007211538461538462
2 0.31490384615384615 0.5348557692307693 0.002403846153846154 0.002403846153846154
1 0.33413461538461536 0.5360576923076923 0.036057692307692304 0.014423076923076924
2 0.17668269230769232 0.5228365384615384 0.009615384615384616 0.007211538461538462
1 0.5528846153846154 0.5060096153846154 0.014423076923076924 0.03365384615384615
1 0.4326923076923077 0.5096153846153846 0.014423076923076924 0.03365384615384615
2 0.5516826923076923 0.48677884615384615 0.004807692307692308 0.004807692307692308
2 0.4338942307692308 0.4879807692307692 0.004807692307692308 0.004807692307692308
2 0.3557692307692308 0.4735576923076923 0.01201923076923077 0.002403846153846154
2 0.23918269230769232 0.484375 0.007211538461538462 0.007211538461538462
1 0.171875 0.5012019230769231 0.016826923076923076 0.03365384615384615
1 0.33413461538461536 0.47596153846153844 0.036057692307692304 0.014423076923076924
2 0.17548076923076922 0.48197115384615385 0.009615384615384616 0.004807692307692308
1 0.234375 0.46274038461538464 0.016826923076923076 0.03365384615384615
2 0.23798076923076922 0.44350961538461536 0.007211538461538462 0.004807692307692308
0 0.4326923076923077 0.49759615384615385 0.8197115384615384 0.34615384615384615