2 0.5480769230769231 0.4338942307692308 0.009615384615384616 0.04807692307692308
2 0.6009615384615384 0.46875 0.10817307692307693 0.019230769230769232
2 0.6538461538461539 0.5132211538461539 0.004807692307692308 0.007211538461538462
2 0.8798076923076923 0.5528846153846154 0.038461538461538464 0.007211538461538462
2 0.8149038461538461 0.5504807692307693 0.07932692307692307 0.01201923076923077
1 0.6538461538461539 0.5348557692307693 0.016826923076923076 0.036057692307692304
2 0.828125 0.5637019230769231 0.10817307692307693 0.016826923076923076
2 0.9567307692307693 0.5805288461538461 0.004807692307692308 0.002403846153846154
2 0.6526442307692307 0.5588942307692307 0.004807692307692308 0.007211538461538462
2 0.7079326923076923 0.5625 0.0889423076923077 0.014423076923076924
2 0.9014423076923077 0.5805288461538461 0.019230769230769232 0.004807692307692308
1 0.9326923076923077 0.5805288461538461 0.04567307692307692 0.014423076923076924
2 0.84375 0.5769230769230769 0.05048076923076923 0.009615384615384616
2 0.6586538461538461 0.5733173076923077 0.019230769230769232 0.007211538461538462
2 0.7848557692307693 0.5925480769230769 0.07932692307692307 0.01201923076923077
2 0.9194711538461539 0.609375 0.08413461538461539 0.01201923076923077
2 0.8521634615384616 0.6262019230769231 0.021634615384615384 0.06490384615384616
0 0.5612980769230769 0.5192307692307693 0.8774038461538461 0.38461538461538464