2 0.3161057692307692 0.4254807692307692 0.01201923076923077 0.0625
2 0.3245192307692308 0.5 0.004807692307692308 0.007211538461538462
2 0.4723557692307692 0.5216346153846154 0.07932692307692307 0.01201923076923077
2 0.27403846153846156 0.5396634615384616 0.0889423076923077 0.014423076923076924
1 0.32572115384615385 0.5216346153846154 0.014423076923076924 0.036057692307692304
2 0.44711538461538464 0.5348557692307693 0.009615384615384616 0.002403846153846154
2 0.4014423076923077 0.5408653846153846 0.007211538461538462 0.002403846153846154
2 0.3293269230769231 0.5456730769230769 0.004807692307692308 0.007211538461538462
1 0.4230769230769231 0.5396634615384616 0.036057692307692304 0.01201923076923077
2 0.35697115384615385 0.5576923076923077 0.08413461538461539 0.01201923076923077
2 0.25721153846153844 0.5697115384615384 0.04807692307692308 0.007211538461538462
2 0.44471153846153844 0.5757211538461539 0.014423076923076924 0.002403846153846154
2 0.33052884615384615 0.5865384615384616 0.014423076923076924 0.002403846153846154
2 0.2800480769230769 0.5925480769230769 0.004807692307692308 0.002403846153846154
1 0.30408653846153844 0.5913461538461539 0.038461538461538464 0.014423076923076924
2 0.5180288461538461 0.5901442307692307 0.009615384615384616 0.04807692307692308
0 0.43990384615384615 0.5060096153846154 0.8798076923076923 0.3629807692307692