2 0.45913461538461536 0.4170673076923077 0.002403846153846154 0.004807692307692308
2 0.6370192307692307 0.4206730769230769 0.007211538461538462 0.004807692307692308
2 0.7259615384615384 0.41947115384615385 0.014423076923076924 0.002403846153846154
2 0.7692307692307693 0.4206730769230769 0.002403846153846154 0.002403846153846154
1 0.75 0.41947115384615385 0.036057692307692304 0.014423076923076924
2 0.8317307692307693 0.4230769230769231 0.014423076923076924 0.007211538461538462
1 0.4567307692307692 0.4387019230769231 0.01201923076923077 0.03365384615384615
2 0.4579326923076923 0.46033653846153844 0.002403846153846154 0.007211538461538462
1 0.6394230769230769 0.43990384615384615 0.01201923076923077 0.03365384615384615
2 0.6358173076923077 0.46153846153846156 0.007211538461538462 0.007211538461538462
1 0.8353365384615384 0.44471153846153844 0.014423076923076924 0.03365384615384615
2 0.828125 0.4639423076923077 0.014423076923076924 0.007211538461538462
1 0.2403846153846154 0.4951923076923077 0.036057692307692304 0.014423076923076924
2 0.6706730769230769 0.5060096153846154 0.007211538461538462 0.007211538461538462
1 0.671875 0.5252403846153846 0.01201923076923077 0.03125
2 0.8257211538461539 0.5396634615384616 0.016826923076923076 0.002403846153846154
2 0.6694711538461539 0.546875 0.007211538461538462 0.004807692307692308
1 0.8521634615384616 0.5408653846153846 0.038461538461538464 0.014423076923076924
0 0.5444711538461539 0.48197115384615385 0.8052884615384616 0.3173076923076923