2 0.43990384615384615 0.5913461538461539 0.04567307692307692 0.007211538461538462
2 0.4735576923076923 0.625 0.004807692307692308 0.07692307692307693
2 0.47596153846153844 0.6802884615384616 0.002403846153846154 0.016826923076923076
2 0.47836538461538464 0.7548076923076923 0.007211538461538462 0.09615384615384616
2 0.4855769230769231 0.6009615384615384 0.007211538461538462 0.07692307692307693
1 0.49278846153846156 0.78125 0.009615384615384616 0.03365384615384615
2 0.5 0.6129807692307693 0.007211538461538462 0.10096153846153846
2 0.5024038461538461 0.6971153846153846 0.004807692307692308 0.028846153846153848
2 0.5072115384615384 0.7572115384615384 0.007211538461538462 0.007211538461538462
2 0.5144230769230769 0.65625 0.004807692307692308 0.040865384615384616
1 0.5288461538461539 0.7596153846153846 0.03365384615384615 0.01201923076923077
2 0.5504807692307693 0.7572115384615384 0.007211538461538462 0.007211538461538462
2 0.5649038461538461 0.7596153846153846 0.002403846153846154 0.014423076923076924
1 0.5649038461538461 0.7836538461538461 0.009615384615384616 0.03365384615384615
2 0.6129807692307693 0.8028846153846154 0.06971153846153846 0.009615384615384616
0 0.5192307692307693 0.43028846153846156 0.30288461538461536 0.8605769230769231