2 0.5 0.4423076923076923 0.007211538461538462 0.04567307692307692
2 0.4579326923076923 0.4723557692307692 0.07932692307692307 0.009615384615384616
2 0.44711538461538464 0.49759615384615385 0.007211538461538462 0.002403846153846154
2 0.49278846153846156 0.5024038461538461 0.007211538461538462 0.002403846153846154
1 0.46875 0.4987980769230769 0.036057692307692304 0.01201923076923077
2 0.44471153846153844 0.5120192307692307 0.007211538461538462 0.002403846153846154
2 0.49038461538461536 0.5144230769230769 0.007211538461538462 0.002403846153846154
1 0.46875 0.5132211538461539 0.036057692307692304 0.01201923076923077
2 0.6129807692307693 0.5709134615384616 0.0673076923076923 0.007211538461538462
2 0.6923076923076923 0.5769230769230769 0.07932692307692307 0.007211538461538462
2 0.6105769230769231 0.5853365384615384 0.01201923076923077 0.002403846153846154
2 0.65625 0.5877403846153846 0.004807692307692308 0.002403846153846154
2 0.5480769230769231 0.5829326923076923 0.09375 0.009615384615384616
1 0.6346153846153846 0.5865384615384616 0.036057692307692304 0.01201923076923077
2 0.41466346153846156 0.5360576923076923 0.01201923076923077 0.10576923076923077
2 0.5925480769230769 0.5973557692307693 0.03125 0.007211538461538462
2 0.5949519230769231 0.609375 0.01201923076923077 0.004807692307692308
2 0.640625 0.6129807692307693 0.004807692307692308 0.002403846153846154
2 0.45552884615384615 0.6045673076923077 0.09375 0.009615384615384616
1 0.6213942307692307 0.6129807692307693 0.036057692307692304 0.01201923076923077
2 0.7307692307692307 0.6262019230769231 0.01201923076923077 0.07211538461538461
0 0.453125 0.5252403846153846 0.8870192307692307 0.3293269230769231