2 0.6862980769230769 0.38461538461538464 0.009615384615384616 0.05048076923076923
2 0.65625 0.421875 0.08653846153846154 0.014423076923076924
2 0.6911057692307693 0.43509615384615385 0.019230769230769232 0.004807692307692308
2 0.6153846153846154 0.453125 0.004807692307692308 0.007211538461538462
1 0.6165865384615384 0.47716346153846156 0.014423076923076924 0.036057692307692304
2 0.6129807692307693 0.4987980769230769 0.004807692307692308 0.007211538461538462
2 0.5973557692307693 0.5144230769230769 0.007211538461538462 0.002403846153846154
2 0.5516826923076923 0.5144230769230769 0.009615384615384616 0.002403846153846154
1 0.5757211538461539 0.515625 0.036057692307692304 0.014423076923076924
2 0.6069711538461539 0.5276442307692307 0.016826923076923076 0.002403846153846154
2 0.5625 0.5420673076923077 0.028846153846153848 0.009615384615384616
2 0.5733173076923077 0.5757211538461539 0.009615384615384616 0.04807692307692308
0 0.5588942307692307 0.4651442307692308 0.8822115384615384 0.36778846153846156