2 0.39903846153846156 0.18990384615384615 0.055288461538461536 0.01201923076923077
2 0.42788461538461536 0.22235576923076922 0.002403846153846154 0.002403846153846154
2 0.4326923076923077 0.26322115384615385 0.002403846153846154 0.01201923076923077
1 0.42908653846153844 0.24158653846153846 0.01201923076923077 0.03365384615384615
2 0.4387019230769231 0.20432692307692307 0.007211538461538462 0.040865384615384616
2 0.4519230769230769 0.21634615384615385 0.002403846153846154 0.014423076923076924
1 0.45072115384615385 0.19230769230769232 0.01201923076923077 0.03365384615384615
2 0.4639423076923077 0.21514423076923078 0.002403846153846154 0.014423076923076924
1 0.46274038461538464 0.19110576923076922 0.01201923076923077 0.03365384615384615
2 0.5096153846153846 0.32091346153846156 0.01201923076923077 0.07692307692307693
2 0.4879807692307692 0.2620192307692308 0.08653846153846154 0.014423076923076924
2 0.5396634615384616 0.25240384615384615 0.009615384615384616 0.0625
2 0.5516826923076923 0.23918269230769232 0.007211538461538462 0.040865384615384616
2 0.5865384615384616 0.3485576923076923 0.04567307692307692 0.009615384615384616
0 0.5228365384615384 0.5625 0.3581730769230769 0.875