0 0.50078125 0.515625 0.1484375 0.1953125
1 0.4359375 0.534375 0.084375 0.1171875
2 0.3859375 0.54921875 0.1078125 0.1828125
3 0.34921875 0.578125 0.0828125 0.134375
4 0.321875 0.59921875 0.071875 0.115625
5 0.2953125 0.609375 0.06875 0.109375
6 0.271875 0.609375 0.0578125 0.1
7 0.2515625 0.60546875 0.04375 0.0796875
8 0.58671875 0.490625 0.140625 0.196875
9 0.65 0.4765625 0.090625 0.14375
10 0.69296875 0.46640625 0.10625 0.1796875
11 0.73125 0.4765625 0.0765625 0.128125
12 0.75859375 0.48359375 0.0625 0.109375
13 0.7765625 0.4765625 0.0609375 0.115625
14 0.7921875 0.475 0.0453125 0.078125
15 0.80078125 0.45 0.028125 0.0421875
16 0.61328125 0.67890625 0.0984375 0.165625
17 0.66015625 0.66953125 0.103125 0.1796875
19 0.71015625 0.65625 0.109375 0.184375
20 0.74140625 0.634375 0.0921875 0.1515625
21 0.76875 0.62265625 0.0703125 0.115625
22 0.79140625 0.615625 0.0796875 0.109375
23 0.803125 0.59453125 0.0765625 0.1046875
24 0.7875 0.553125 0.0875 0.0984375
25 0.56640625 0.68671875 0.0953125 0.1578125
26 0.51640625 0.6984375 0.0921875 0.1546875
27 0.46953125 0.7171875 0.1015625 0.1640625
28 0.42265625 0.725 0.090625 0.1390625
29 0.384375 0.72890625 0.084375 0.1203125
30 0.35390625 0.73828125 0.0890625 0.1109375
31 0.3234375 0.72734375 0.08125 0.109375
32 0.29375 0.69453125 0.0703125 0.0921875