0 0.4125 0.39609375 0.1671875 0.2125
1 0.3265625 0.434375 0.1265625 0.1765625
2 0.25703125 0.44375 0.1265625 0.1859375
3 0.21328125 0.46875 0.0984375 0.1578125
4 0.19140625 0.47734375 0.06875 0.1203125
5 0.1671875 0.4703125 0.071875 0.1296875
6 0.1390625 0.4640625 0.0671875 0.1234375
8 0.52734375 0.37734375 0.1515625 0.20625
8 0.6203125 0.37734375 0.125 0.1859375
9 0.6875 0.36015625 0.115625 0.1921875
10 0.734375 0.37890625 0.0796875 0.1515625
11 0.7578125 0.36953125 0.05625 0.11875
12 0.7796875 0.35390625 0.0671875 0.1171875
12 0.809375 0.346875 0.0640625 0.10625
16 0.525 0.6109375 0.0984375 0.1671875
17 0.590625 0.596875 0.115625 0.1859375
19 0.6609375 0.59375 0.1234375 0.2
20 0.71171875 0.565625 0.1109375 0.178125
21 0.72421875 0.53359375 0.115625 0.1546875
22 0.76015625 0.51875 0.115625 0.140625
23 0.78984375 0.47578125 0.11875 0.1328125
25 0.4609375 0.61484375 0.0984375 0.1703125
26 0.3984375 0.63125 0.1078125 0.1734375
27 0.33359375 0.640625 0.1203125 0.203125
28 0.28984375 0.6375 0.1171875 0.1625
29 0.26953125 0.62421875 0.1234375 0.14375
30 0.23046875 0.60390625 0.1234375 0.14375
30 0.1984375 0.575 0.1109375 0.115625