0 0.36875 0.33359375 0.228125 0.3921875
1 0.23828125 0.3359375 0.18125 0.35
2 0.1484375 0.35625 0.1578125 0.371875
3 0.0890625 0.38671875 0.1359375 0.3546875
4 0.046875 0.38203125 0.09375 0.3234375
5 0.02890625 0.35234375 0.0578125 0.2640625
8 0.52734375 0.31640625 0.2203125 0.36875
9 0.659375 0.309375 0.1609375 0.3328125
10 0.75390625 0.28515625 0.153125 0.359375
11 0.81796875 0.3078125 0.0953125 0.2875
12 0.8578125 0.2734375 0.1 0.271875
13 0.8734375 0.20546875 0.10625 0.2375
14 0.8890625 0.18125 0.0921875 0.215625
25 0.4828125 0.76171875 0.16875 0.3984375
26 0.3984375 0.76875 0.1578125 0.39375
27 0.2953125 0.75859375 0.1890625 0.415625
28 0.21796875 0.73828125 0.153125 0.29375
29 0.15390625 0.7625 0.1453125 0.265625
30 0.10546875 0.69765625 0.196875 0.2640625
16 0.55625 0.7546875 0.1578125 0.3703125
17 0.6265625 0.75625 0.15625 0.3609375
19 0.71875 0.7375 0.1859375 0.3796875
20 0.8078125 0.7078125 0.15 0.26875
21 0.82890625 0.63671875 0.1890625 0.2453125
22 0.853125 0.5640625 0.2140625 0.284375
23 0.91015625 0.42421875 0.165625 0.278125