0 0.396875 0.4875 0.06796875 0.115625
1 0.34375 0.47890625 0.0609375 0.115625
2 0.3015625 0.47578125 0.04765625 0.1109375
3 0.27421875 0.47109375 0.04296875 0.096875
4 0.26484375 0.4765625 0.0203125 0.06328125
8 0.45859375 0.4796875 0.06796875 0.1171875
9 0.5109375 0.471875 0.06015625 0.1171875
10 0.55234375 0.4640625 0.05234375 0.10859375
11 0.59140625 0.45859375 0.03125 0.0984375
12 0.61015625 0.45859375 0.02578125 0.07265625
13 0.62734375 0.44140625 0.0171875 0.05625
25 0.40859375 0.57890625 0.046875 0.07734375
26 0.375 0.575 0.04921875 0.07734375
27 0.3390625 0.56796875 0.03515625 0.0703125
28 0.31640625 0.55625 0.03359375 0.06328125
29 0.296875 0.53671875 0.0234375 0.04296875
16 0.45 0.5734375 0.05 0.07265625
17 0.4859375 0.56171875 0.05390625 0.07265625
19 0.5265625 0.54609375 0.04609375 0.06328125
20 0.55234375 0.53203125 0.0546875 0.06328125
21 0.58359375 0.51640625 0.05 0.04765625
14 0.6359375 0.4328125 0.0109375 0.04140625
15 0.64140625 0.4171875 0.0125 0.02734375
24 0.6453125 0.440625 0.015625 0.025
23 0.6296875 0.46484375 0.0203125 0.01953125
22 0.609375 0.48671875 0.034375 0.03671875
30 0.2796875 0.52734375 0.02421875 0.04140625