0 0.4 0.39921875 0.134375 0.2046875
1 0.321875 0.41484375 0.090625 0.15
2 0.2609375 0.40703125 0.1015625 0.2109375
3 0.2046875 0.4171875 0.0640625 0.1765625
4 0.1703125 0.41171875 0.0671875 0.1453125
5 0.1375 0.4125 0.059375 0.15625
8 0.50546875 0.384375 0.13125 0.2203125
9 0.58671875 0.4046875 0.084375 0.15625
10 0.64921875 0.384375 0.090625 0.2609375
11 0.70625 0.40234375 0.0875 0.23125
13 0.7578125 0.4 0.0515625 0.1640625
16 0.4875 0.63046875 0.0875 0.140625
17 0.53125 0.6109375 0.1015625 0.175
19 0.60078125 0.61484375 0.090625 0.2109375
20 0.64765625 0.6 0.0921875 0.171875
21 0.69921875 0.59921875 0.075 0.153125
23 0.73984375 0.55703125 0.125 0.1484375
25 0.42890625 0.63125 0.0796875 0.15625
26 0.37109375 0.60625 0.0921875 0.16875
27 0.31328125 0.61484375 0.096875 0.1875
28 0.259375 0.61640625 0.0671875 0.1671875
29 0.21640625 0.59765625 0.05625 0.1265625
30 0.1828125 0.5875 0.0828125 0.1578125
31 0.15078125 0.5484375 0.0609375 0.140625