0 0.44453125 0.48828125 0.146875 0.259375
1 0.36328125 0.51328125 0.115625 0.23125
2 0.31484375 0.53515625 0.0921875 0.2
3 0.27578125 0.5390625 0.0828125 0.2078125
4 0.2515625 0.54296875 0.084375 0.2015625
5 0.21953125 0.55078125 0.0875 0.1953125
6 0.18203125 0.54453125 0.0765625 0.1671875
8 0.525 0.475 0.1546875 0.2765625
9 0.60625 0.4890625 0.1109375 0.2234375
10 0.65546875 0.4890625 0.078125 0.2125
11 0.6953125 0.49375 0.0734375 0.1828125
12 0.721875 0.48828125 0.0609375 0.1796875
13 0.75546875 0.446875 0.0859375 0.1703125
14 0.78203125 0.4078125 0.059375 0.1546875
16 0.5296875 0.621875 0.0890625 0.20625
17 0.58671875 0.63359375 0.0953125 0.234375
19 0.6390625 0.628125 0.084375 0.1546875
20 0.67578125 0.6109375 0.0796875 0.159375
21 0.70859375 0.596875 0.0609375 0.1328125
24 0.784375 0.51484375 0.1359375 0.2140625
25 0.47578125 0.61640625 0.0875 0.1875
26 0.42265625 0.62890625 0.0984375 0.1890625
27 0.36953125 0.6453125 0.090625 0.1703125
28 0.33125 0.64453125 0.0703125 0.1546875
29 0.3046875 0.671875 0.065625 0.15625
31 0.2546875 0.67109375 0.10625 0.1859375
32 0.20078125 0.62890625 0.0484375 0.1109375