0 0.39296875 0.271875 0.16875 0.271875
1 0.29140625 0.309375 0.11875 0.1859375
2 0.2328125 0.31640625 0.140625 0.2453125
3 0.17421875 0.32578125 0.075 0.2265625
4 0.13359375 0.32265625 0.0671875 0.24375
5 0.11015625 0.31328125 0.0546875 0.2484375
6 0.08515625 0.3234375 0.046875 0.1625
8 0.51171875 0.265625 0.1703125 0.2515625
9 0.61328125 0.2578125 0.1171875 0.2453125
10 0.6765625 0.2546875 0.09375 0.25
11 0.73828125 0.30234375 0.0765625 0.23125
25 0.4625 0.60703125 0.125 0.2453125
26 0.3953125 0.63984375 0.1078125 0.2515625
27 0.31796875 0.66015625 0.115625 0.2859375
28 0.2546875 0.6484375 0.084375 0.2359375
16 0.53125 0.6078125 0.1046875 0.246875
17 0.6 0.5890625 0.1109375 0.2390625
19 0.67265625 0.5953125 0.1109375 0.271875
20 0.72109375 0.56796875 0.0953125 0.2078125
23 0.79765625 0.48125 0.128125 0.21875
12 0.78671875 0.28671875 0.0734375 0.1890625
30 0.1921875 0.61171875 0.10625 0.2046875
31 0.14765625 0.56796875 0.0890625 0.1828125
32 0.1234375 0.49453125 0.0828125 0.140625