0 0.45703125 0.41875 0.1453125 0.2171875
1 0.3921875 0.43359375 0.1015625 0.1609375
2 0.34140625 0.4328125 0.10625 0.184375
3 0.3171875 0.45859375 0.065625 0.13125
4 0.29453125 0.4671875 0.06875 0.1296875
5 0.27109375 0.459375 0.0703125 0.109375
8 0.53984375 0.40859375 0.1328125 0.1890625
9 0.60390625 0.38515625 0.1078125 0.16875
10 0.64921875 0.37890625 0.096875 0.175
11 0.68046875 0.38359375 0.0734375 0.1390625
12 0.7046875 0.371875 0.0765625 0.1484375
13 0.7296875 0.35546875 0.0765625 0.146875
16 0.578125 0.52734375 0.09375 0.165625
17 0.62109375 0.51171875 0.09375 0.140625
19 0.65625 0.5109375 0.0859375 0.1546875
20 0.68828125 0.50078125 0.078125 0.1484375
21 0.71796875 0.48203125 0.08125 0.1390625
22 0.74375 0.459375 0.0734375 0.1265625
25 0.53515625 0.5390625 0.09375 0.140625
26 0.49140625 0.54609375 0.0921875 0.1359375
27 0.4390625 0.54765625 0.0953125 0.146875
28 0.3890625 0.5546875 0.090625 0.15
29 0.3546875 0.5609375 0.0734375 0.1265625
30 0.328125 0.553125 0.078125 0.1265625
31 0.3015625 0.54375 0.0734375 0.1171875