0 0.48203125 0.340625 0.1984375 0.365625
1 0.36171875 0.3546875 0.1359375 0.3328125
2 0.27265625 0.37265625 0.171875 0.3109375
3 0.2046875 0.41484375 0.1078125 0.25625
4 0.1453125 0.3796875 0.090625 0.275
5 0.0984375 0.36328125 0.0953125 0.2296875
6 0.0640625 0.40390625 0.109375 0.209375
8 0.6203125 0.3515625 0.196875 0.3671875
9 0.73203125 0.3703125 0.1453125 0.3453125
10 0.7984375 0.43203125 0.1109375 0.290625
11 0.85078125 0.4640625 0.11875 0.3296875
12 0.8984375 0.4234375 0.0671875 0.18125
13 0.93515625 0.29765625 0.109375 0.23125
25 0.5234375 0.73828125 0.128125 0.2375
26 0.4234375 0.71484375 0.1703125 0.265625
29 0.26171875 0.6921875 0.1234375 0.178125
16 0.59375 0.665625 0.1265625 0.246875
17 0.6640625 0.67109375 0.1421875 0.240625
19 0.7078125 0.64765625 0.1109375 0.2453125