0 0.46328125 0.40859375 0.1546875 0.24375
1 0.37578125 0.39765625 0.1234375 0.24375
2 0.3171875 0.3765625 0.1359375 0.2515625
3 0.26328125 0.378125 0.078125 0.190625
4 0.24140625 0.3640625 0.0609375 0.19375
5 0.22890625 0.34453125 0.0734375 0.2171875
8 0.57265625 0.4296875 0.1734375 0.2421875
9 0.659375 0.4421875 0.121875 0.203125
10 0.725 0.44921875 0.115625 0.2375
11 0.78671875 0.4546875 0.103125 0.23125
12 0.821875 0.47578125 0.0609375 0.2015625
13 0.8390625 0.47578125 0.065625 0.19375
14 0.86171875 0.46328125 0.084375 0.2140625
25 0.46640625 0.67890625 0.1171875 0.2359375
26 0.403125 0.6734375 0.1265625 0.2515625
27 0.340625 0.6828125 0.1453125 0.2703125
28 0.27734375 0.65546875 0.1015625 0.2265625
29 0.24609375 0.6390625 0.1109375 0.209375
30 0.23125 0.59609375 0.1265625 0.1828125
16 0.52578125 0.68359375 0.11875 0.25625
17 0.59453125 0.70078125 0.115625 0.25
19 0.65546875 0.7171875 0.125 0.24375
20 0.71171875 0.7171875 0.10625 0.2171875
21 0.74296875 0.72421875 0.125 0.2171875
22 0.7953125 0.7296875 0.0828125 0.1765625
23 0.79375 0.67734375 0.1484375 0.190625