0 0.4296875 0.45625 0.13203125 0.20859375
1 0.34375 0.465625 0.08515625 0.1875
2 0.29609375 0.4609375 0.075 0.20859375
3 0.25546875 0.4484375 0.06875 0.19296875
4 0.221875 0.44765625 0.06328125 0.1421875
5 0.1859375 0.425 0.05703125 0.14609375
6 0.159375 0.4359375 0.046875 0.13515625
8 0.53359375 0.4578125 0.1390625 0.2234375
9 0.6125 0.465625 0.078125 0.19921875
10 0.6703125 0.46328125 0.075 0.23828125
11 0.71171875 0.4765625 0.040625 0.15546875
12 0.7484375 0.46953125 0.075 0.1734375
13 0.78359375 0.46875 0.0390625 0.1296875
16 0.5109375 0.678125 0.09453125 0.19921875
17 0.565625 0.65078125 0.0890625 0.1796875
19 0.6328125 0.65703125 0.09375 0.20625
20 0.67890625 0.6546875 0.071875 0.165625
21 0.7046875 0.634375 0.06484375 0.15546875
22 0.74140625 0.62109375 0.08203125 0.17265625
23 0.7734375 0.57734375 0.07265625 0.1328125
25 0.459375 0.6390625 0.078125 0.1875
26 0.3984375 0.64296875 0.09296875 0.190625
27 0.35546875 0.63125 0.08828125 0.20703125
28 0.29921875 0.61953125 0.0765625 0.159375
29 0.24296875 0.60078125 0.09609375 0.14140625
30 0.19765625 0.56875 0.0765625 0.13046875
31 0.178125 0.5140625 0.03828125 0.05703125