0 0.46640625 0.47734375 0.07734375 0.14765625
1 0.40625 0.46953125 0.06484375 0.14296875
2 0.35625 0.4671875 0.06640625 0.14453125
3 0.31796875 0.46953125 0.05 0.14296875
4 0.28828125 0.459375 0.03828125 0.14921875
5 0.259375 0.44453125 0.046875 0.1109375
8 0.53984375 0.4703125 0.07890625 0.14921875
9 0.60546875 0.45625 0.0640625 0.153125
10 0.65546875 0.46328125 0.05703125 0.15078125
11 0.68828125 0.471875 0.03984375 0.1421875
12 0.7140625 0.47421875 0.03203125 0.14375
13 0.7359375 0.48125 0.040625 0.12421875
14 0.7625 0.45625 0.03515625 0.11015625
16 0.5375 0.66171875 0.0578125 0.15
17 0.58359375 0.65625 0.05546875 0.15
19 0.62890625 0.6671875 0.0578125 0.1671875
20 0.66796875 0.66484375 0.0484375 0.1296875
21 0.68671875 0.65 0.05546875 0.1328125
23 0.7203125 0.5859375 0.103125 0.13125
25 0.48984375 0.6640625 0.05234375 0.1375
26 0.44140625 0.65859375 0.059375 0.13515625
27 0.390625 0.665625 0.059375 0.1546875
28 0.34609375 0.6625 0.05390625 0.1203125
29 0.32578125 0.65390625 0.075 0.13046875
31 0.27734375 0.559375 0.0859375 0.1109375