0 0.4984375 0.39375 0.13125 0.2453125
1 0.41953125 0.38203125 0.0921875 0.2203125
2 0.35625 0.37734375 0.08125 0.196875
3 0.30390625 0.365625 0.0640625 0.1703125
4 0.26796875 0.3421875 0.053125 0.1390625
5 0.24453125 0.35546875 0.06875 0.1359375
6 0.1984375 0.36484375 0.0796875 0.165625
9 0.66875 0.42421875 0.0921875 0.2171875
10 0.7390625 0.43125 0.075 0.178125
11 0.7921875 0.4484375 0.06875 0.165625
12 0.846875 0.44765625 0.0765625 0.1390625
13 0.89375 0.44453125 0.0546875 0.1359375
16 0.5609375 0.63515625 0.078125 0.1875
17 0.6234375 0.64609375 0.0796875 0.1890625
19 0.67265625 0.64453125 0.0734375 0.190625
20 0.7234375 0.634375 0.0765625 0.1609375
21 0.7765625 0.6359375 0.0921875 0.1703125
22 0.78828125 0.61875 0.1265625 0.16875
23 0.8328125 0.5828125 0.1125 0.1734375
25 0.496875 0.628125 0.071875 0.1796875
26 0.434375 0.634375 0.08125 0.1859375
27 0.38359375 0.6703125 0.0796875 0.1734375
28 0.36015625 0.5765625 0.1015625 0.165625
29 0.32734375 0.54609375 0.0984375 0.1421875
30 0.29609375 0.525 0.1328125 0.1578125