0 0.4171875 0.33671875 0.09375 0.1953125
8 0.503125 0.35625 0.109375 0.1671875
11 0.70078125 0.44296875 0.115625 0.1296875
12 0.7703125 0.45625 0.059375 0.1015625
13 0.8 0.45 0.0515625 0.0953125
14 0.8328125 0.4390625 0.0484375 0.1046875
3 0.23203125 0.3359375 0.1125 0.1328125
4 0.16796875 0.32109375 0.0703125 0.121875
16 0.51015625 0.63125 0.1046875 0.190625
19 0.60859375 0.65625 0.09375 0.1640625
20 0.66875 0.66953125 0.0703125 0.15625
21 0.71875 0.69453125 0.0609375 0.13125
22 0.778125 0.70625 0.1 0.146875
27 0.25 0.5703125 0.10625 0.1640625
28 0.1890625 0.57421875 0.08125 0.1296875
29 0.1453125 0.596875 0.0640625 0.128125
30 0.0984375 0.60546875 0.0796875 0.1234375
31 0.06953125 0.5515625 0.065625 0.1078125