0 0.47578125 0.45078125 0.084375 0.146875
1 0.41484375 0.4421875 0.06484375 0.12734375
2 0.3609375 0.446875 0.0609375 0.1328125
3 0.32265625 0.4578125 0.0578125 0.12265625
4 0.2859375 0.4625 0.053125 0.11484375
5 0.2515625 0.4625 0.04765625 0.096875
6 0.2265625 0.453125 0.0328125 0.09375
8 0.55859375 0.45390625 0.08125 0.1203125
9 0.61953125 0.4421875 0.0625 0.1390625
10 0.6625 0.45 0.0515625 0.14609375
11 0.69296875 0.45234375 0.0421875 0.1296875
12 0.71328125 0.453125 0.0296875 0.0984375
13 0.71640625 0.4640625 0.028125 0.09921875
14 0.734375 0.4578125 0.0203125 0.09140625
16 0.525 0.6109375 0.05546875 0.12265625
17 0.56953125 0.61171875 0.0546875 0.115625
19 0.6171875 0.6046875 0.05078125 0.1140625
20 0.65078125 0.6015625 0.04609375 0.10546875
21 0.6796875 0.6203125 0.04375 0.1
22 0.6984375 0.6125 0.05 0.09453125
23 0.7109375 0.58515625 0.05546875 0.09375
25 0.47734375 0.6078125 0.0609375 0.11875
26 0.42578125 0.6140625 0.05546875 0.121875
27 0.37890625 0.6140625 0.05234375 0.10390625
28 0.33828125 0.634375 0.04921875 0.10234375
29 0.303125 0.6203125 0.06171875 0.10703125
30 0.2640625 0.59765625 0.05625 0.10546875
31 0.25078125 0.54296875 0.05234375 0.1