0 0.47734375 0.3890625 0.15 0.2171875
1 0.40078125 0.3828125 0.1265625 0.190625
2 0.3453125 0.38046875 0.0984375 0.178125
3 0.3015625 0.37421875 0.1328125 0.184375
4 0.27578125 0.303125 0.1203125 0.165625
8 0.5703125 0.41171875 0.153125 0.2140625
9 0.64765625 0.43125 0.1296875 0.203125
10 0.70625 0.4375 0.121875 0.246875
11 0.74296875 0.46875 0.1015625 0.190625
12 0.771875 0.4859375 0.0765625 0.1609375
13 0.80234375 0.45546875 0.1015625 0.1953125
16 0.52109375 0.58203125 0.1109375 0.1921875
17 0.5734375 0.6 0.1109375 0.1890625
19 0.61640625 0.653125 0.13125 0.221875
20 0.65234375 0.671875 0.109375 0.1890625
21 0.69609375 0.66796875 0.1046875 0.175
25 0.46796875 0.56640625 0.1078125 0.18125
25 0.40859375 0.56796875 0.1109375 0.1953125
26 0.34140625 0.58515625 0.1234375 0.1984375
27 0.29453125 0.58515625 0.1203125 0.1796875
28 0.2671875 0.5625 0.1109375 0.1734375
30 0.23046875 0.48046875 0.153125 0.2046875