0 0.471875 0.4125 0.11953125 0.29296875
1 0.378125 0.40859375 0.0984375 0.24921875
2 0.3046875 0.4109375 0.10390625 0.21953125
3 0.2515625 0.425 0.075 0.184375
4 0.21015625 0.409375 0.06484375 0.159375
5 0.18203125 0.4390625 0.1 0.1796875
6 0.159375 0.440625 0.13671875 0.16015625
8 0.56484375 0.41484375 0.13046875 0.26875
9 0.653125 0.4046875 0.11875 0.25546875
10 0.71796875 0.40625 0.08046875 0.2
11 0.77109375 0.4171875 0.06796875 0.19296875
12 0.815625 0.42734375 0.0625 0.175
13 0.85234375 0.4234375 0.0578125 0.15546875
16 0.484375 0.74375 0.09296875 0.21484375
17 0.5453125 0.746875 0.09375 0.20234375
19 0.61015625 0.73671875 0.0890625 0.22265625
20 0.66484375 0.71484375 0.1046875 0.178125
21 0.7171875 0.7046875 0.0859375 0.16796875
22 0.73671875 0.68515625 0.12265625 0.175
23 0.77578125 0.63515625 0.11484375 0.17109375
25 0.41953125 0.73828125 0.09140625 0.19375
26 0.34921875 0.7265625 0.1046875 0.21953125
27 0.29296875 0.74296875 0.08359375 0.19375
28 0.2578125 0.7015625 0.1015625 0.17578125
29 0.2265625 0.671875 0.11484375 0.184375
30 0.19296875 0.659375 0.1421875 0.18828125