2 0.33203125 0.3984375 0.1203125 0.2046875
4 0.2625 0.3953125 0.1015625 0.1828125
8 0.5296875 0.4234375 0.121875 0.175
10 0.6328125 0.4484375 0.103125 0.178125
11 0.6828125 0.45546875 0.04375 0.1125
12 0.68125 0.484375 0.065625 0.1171875
14 0.7125 0.3984375 0.053125 0.1015625
25 0.46171875 0.60078125 0.0875 0.1859375
26 0.40625 0.58671875 0.0828125 0.1625
27 0.35 0.57890625 0.090625 0.1765625
28 0.28828125 0.58203125 0.090625 0.178125
16 0.51875 0.59609375 0.075 0.171875
17 0.565625 0.59765625 0.0796875 0.1671875
19 0.6140625 0.60625 0.078125 0.1875
20 0.65390625 0.60390625 0.0703125 0.1421875
21 0.68828125 0.60625 0.0734375 0.15