0 0.46328125 0.44921875 0.0953125 0.178125
1 0.39140625 0.43984375 0.07890625 0.190625
2 0.3421875 0.4390625 0.0703125 0.20703125
3 0.30625 0.45390625 0.05078125 0.1375
4 0.27109375 0.45234375 0.05703125 0.134375
5 0.24453125 0.46171875 0.0484375 0.11875
8 0.5359375 0.4375 0.08125 0.1609375
9 0.596875 0.4265625 0.07109375 0.15625
10 0.64453125 0.40625 0.0625 0.18515625
11 0.68203125 0.39921875 0.03984375 0.14453125
12 0.70703125 0.3921875 0.04140625 0.1359375
13 0.72890625 0.37890625 0.03828125 0.1359375
25 0.45078125 0.6609375 0.05078125 0.1296875
26 0.4015625 0.6796875 0.065625 0.1671875
27 0.3640625 0.665625 0.053125 0.140625
28 0.33359375 0.65234375 0.0625 0.1265625
29 0.3015625 0.65546875 0.078125 0.13046875
30 0.2703125 0.61953125 0.07734375 0.13359375
16 0.4921875 0.6625 0.0578125 0.15078125
17 0.53125 0.64921875 0.05703125 0.134375
19 0.57734375 0.65234375 0.06484375 0.16640625
20 0.6171875 0.63359375 0.06875 0.1359375
21 0.64609375 0.6203125 0.0734375 0.11328125
22 0.671875 0.60390625 0.09453125 0.12578125
23 0.69140625 0.56484375 0.0984375 0.12890625