0 0.45390625 0.259375 0.1953125 0.290625
1 0.32265625 0.28046875 0.128125 0.2640625
2 0.2375 0.30390625 0.115625 0.2734375
3 0.1796875 0.31875 0.0984375 0.2625
4 0.12578125 0.31328125 0.078125 0.21875
8 0.615625 0.28125 0.16875 0.2671875
9 0.73828125 0.30625 0.121875 0.2765625
10 0.8078125 0.3375 0.1 0.3
11 0.85 0.36171875 0.071875 0.253125
12 0.88203125 0.375 0.0625 0.203125
13 0.91953125 0.35234375 0.05625 0.1859375
14 0.9453125 0.34375 0.0359375 0.178125
6 0.0703125 0.28046875 0.1328125 0.2078125
16 0.5640625 0.6875 0.115625 0.2625
17 0.6359375 0.66015625 0.109375 0.2625
19 0.72265625 0.68359375 0.103125 0.3015625
20 0.76875 0.66875 0.10625 0.24375
21 0.81796875 0.66328125 0.0953125 0.2140625
22 0.8171875 0.6109375 0.1796875 0.2265625
23 0.8546875 0.56328125 0.171875 0.2015625
24 0.878125 0.49921875 0.1296875 0.134375
25 0.4703125 0.6734375 0.1046875 0.246875
26 0.37421875 0.65234375 0.1125 0.23125
27 0.28359375 0.6734375 0.10625 0.2515625
28 0.22421875 0.63828125 0.103125 0.225
29 0.171875 0.61484375 0.11875 0.2046875
30 0.13984375 0.55546875 0.20625 0.2234375
31 0.05625 0.51328125 0.1 0.1765625
32 0.0703125 0.43359375 0.1359375 0.1375