0 0.43203125 0.41171875 0.10546875 0.21484375
1 0.37265625 0.42109375 0.06953125 0.15625
2 0.32578125 0.38125 0.06875 0.17265625
3 0.31484375 0.4046875 0.078125 0.16875
4 0.28828125 0.43359375 0.03125 0.1453125
5 0.27421875 0.40859375 0.0140625 0.09609375
6 0.2765625 0.4796875 0.02578125 0.06875
8 0.51484375 0.42421875 0.0921875 0.18203125
9 0.58046875 0.4375 0.065625 0.16484375
10 0.62734375 0.421875 0.0625 0.1921875
11 0.66328125 0.43046875 0.0484375 0.1703125
12 0.68671875 0.43828125 0.03125 0.14765625
13 0.70703125 0.43671875 0.04375 0.1671875
25 0.4640625 0.6609375 0.05703125 0.12109375
26 0.425 0.65390625 0.05703125 0.109375
27 0.3765625 0.66640625 0.059375 0.1375
28 0.33359375 0.6578125 0.05625 0.1140625
29 0.3078125 0.65859375 0.0265625 0.08515625
30 0.29609375 0.65625 0.02578125 0.11796875
31 0.28671875 0.67890625 0.01953125 0.06796875
32 0.2765625 0.61953125 0.01953125 0.08828125
16 0.503125 0.66015625 0.05703125 0.13984375
17 0.5453125 0.67578125 0.0609375 0.13203125
19 0.60703125 0.69296875 0.11015625 0.18515625
20 0.6328125 0.65546875 0.06484375 0.0921875
21 0.6828125 0.66484375 0.0734375 0.10078125
22 0.7046875 0.60703125 0.0609375 0.0765625