0 0.45546875 0.33515625 0.165625 0.265625
1 0.37109375 0.3234375 0.1203125 0.2234375
2 0.31015625 0.321875 0.1015625 0.1875
3 0.2640625 0.30546875 0.0734375 0.171875
6 0.22265625 0.25625 0.096875 0.1375
8 0.55390625 0.33671875 0.153125 0.2328125
9 0.6390625 0.34375 0.1265625 0.209375
10 0.70625 0.33984375 0.103125 0.2203125
11 0.7453125 0.34453125 0.0796875 0.215625
12 0.77734375 0.35859375 0.053125 0.140625
13 0.8140625 0.33984375 0.0671875 0.1390625
25 0.41015625 0.64375 0.109375 0.1890625
26 0.35078125 0.63046875 0.103125 0.1859375
27 0.28515625 0.6171875 0.109375 0.190625
28 0.240625 0.59921875 0.1140625 0.178125
29 0.20703125 0.56640625 0.0921875 0.1640625
31 0.146875 0.45234375 0.134375 0.19375
16 0.478125 0.6578125 0.103125 0.1640625
17 0.53828125 0.65703125 0.0984375 0.18125
19 0.6015625 0.65703125 0.0859375 0.1609375
20 0.65078125 0.65 0.103125 0.1484375
21 0.68125 0.62578125 0.1046875 0.1484375