0 0.5359375 0.36015625 0.13671875 0.23515625
1 0.44765625 0.36328125 0.10390625 0.2015625
2 0.37265625 0.35546875 0.1015625 0.21953125
3 0.31484375 0.36796875 0.078125 0.215625
4 0.28046875 0.38125 0.06328125 0.17265625
5 0.24296875 0.3765625 0.0875 0.18828125
6 0.2015625 0.38046875 0.059375 0.14296875
7 0.171875 0.375 0.02421875 0.06875
8 0.63359375 0.36953125 0.12265625 0.24765625
9 0.715625 0.38125 0.08046875 0.20390625
10 0.7796875 0.3953125 0.07734375 0.2203125
11 0.825 0.4234375 0.05078125 0.178125
12 0.840625 0.4390625 0.03203125 0.14375
13 0.86328125 0.43046875 0.04765625 0.18359375
14 0.890625 0.43203125 0.0453125 0.1640625
25 0.51796875 0.634375 0.07734375 0.178125
26 0.45390625 0.640625 0.0828125 0.19375
27 0.3875 0.64375 0.08359375 0.19609375
28 0.321875 0.64453125 0.06953125 0.1890625
29 0.29375 0.61171875 0.06875 0.16640625
30 0.24453125 0.6015625 0.07421875 0.16953125
31 0.2015625 0.578125 0.0703125 0.1375
32 0.21796875 0.490625 0.0796875 0.0734375
16 0.58125 0.65 0.07421875 0.1828125
17 0.64375 0.6546875 0.0765625 0.2015625
19 0.7046875 0.69453125 0.0828125 0.20546875
20 0.74765625 0.68359375 0.065625 0.17890625
21 0.76796875 0.66875 0.053125 0.146875
22 0.79921875 0.675 0.065625 0.159375
23 0.82265625 0.6453125 0.0640625 0.13046875
24 0.853125 0.6015625 0.0671875 0.1140625