0 0.540625 0.42109375 0.06953125 0.1328125
1 0.48671875 0.4203125 0.0515625 0.11328125
2 0.44375 0.42734375 0.04921875 0.115625
3 0.4203125 0.4390625 0.0390625 0.11875
4 0.409375 0.46484375 0.0375 0.0984375
5 0.3890625 0.46796875 0.02890625 0.08671875
8 0.60625 0.4234375 0.071875 0.13515625
9 0.65546875 0.42421875 0.04296875 0.11015625
10 0.6890625 0.42734375 0.046875 0.11875
11 0.71328125 0.44296875 0.03359375 0.08984375
12 0.7203125 0.45703125 0.03671875 0.0890625
16 0.6015625 0.6609375 0.04609375 0.09765625
17 0.63671875 0.659375 0.05078125 0.11328125
19 0.665625 0.6609375 0.046875 0.1203125
20 0.69609375 0.6578125 0.0390625 0.0875
21 0.7046875 0.646875 0.0453125 0.09140625
22 0.71953125 0.63203125 0.0703125 0.09765625
25 0.565625 0.6703125 0.04765625 0.10625
26 0.5265625 0.67109375 0.05 0.10703125
27 0.484375 0.67578125 0.05625 0.125
28 0.45 0.66484375 0.04609375 0.09453125
29 0.43125 0.6546875 0.04609375 0.08359375
31 0.40078125 0.625 0.08203125 0.10625