0 0.44609375 0.33203125 0.1359375 0.2671875
1 0.34375 0.30546875 0.1296875 0.24375
2 0.26796875 0.3015625 0.1046875 0.25
3 0.2171875 0.303125 0.096875 0.221875
8 0.5484375 0.3265625 0.1265625 0.2328125
9 0.63984375 0.32265625 0.109375 0.2203125
10 0.6984375 0.3 0.0890625 0.25625
11 0.73515625 0.3078125 0.06875 0.175
12 0.7609375 0.28359375 0.0546875 0.1828125
16 0.48125 0.68046875 0.1078125 0.225
17 0.54921875 0.6890625 0.096875 0.2359375
19 0.6125 0.6875 0.10625 0.253125
20 0.66953125 0.6875 0.1078125 0.228125
21 0.709375 0.6609375 0.0953125 0.2
22 0.73515625 0.61171875 0.1296875 0.2
25 0.415625 0.6890625 0.1015625 0.2375
26 0.34453125 0.68984375 0.1 0.2359375
27 0.28984375 0.68203125 0.1 0.23125
28 0.23203125 0.69296875 0.0953125 0.20625
29 0.21796875 0.65625 0.1203125 0.1640625
30 0.165625 0.59140625 0.1546875 0.1921875