0 0.4453125 0.44921875 0.1578125 0.24375
1 0.37265625 0.44296875 0.109375 0.225
2 0.30390625 0.4359375 0.11875 0.2703125
3 0.26796875 0.46171875 0.0953125 0.2359375
4 0.2328125 0.4546875 0.078125 0.1984375
5 0.19453125 0.43203125 0.071875 0.209375
6 0.175 0.41640625 0.0546875 0.15
8 0.5578125 0.4375 0.1421875 0.2375
9 0.6203125 0.4046875 0.1046875 0.2296875
10 0.68203125 0.41875 0.115625 0.2265625
11 0.72578125 0.428125 0.0890625 0.2109375
12 0.76796875 0.409375 0.0828125 0.203125
13 0.8015625 0.39453125 0.06875 0.190625
16 0.5328125 0.60078125 0.096875 0.2078125
17 0.6015625 0.61484375 0.1109375 0.2328125
19 0.66171875 0.58515625 0.1109375 0.25
20 0.70625 0.5546875 0.0984375 0.221875
21 0.74921875 0.575 0.0765625 0.175
22 0.77890625 0.546875 0.08125 0.16875
25 0.4703125 0.621875 0.1 0.184375
26 0.4 0.615625 0.1109375 0.234375
27 0.35390625 0.60234375 0.109375 0.25625
28 0.3078125 0.59375 0.0765625 0.146875
29 0.2671875 0.5875 0.08125 0.1703125
30 0.22421875 0.56875 0.078125 0.1234375