0 0.44296875 0.4625 0.078125 0.1328125
1 0.39453125 0.4625 0.06015625 0.1234375
2 0.35390625 0.45625 0.05625 0.12265625
3 0.33359375 0.4765625 0.0453125 0.11015625
4 0.30859375 0.4734375 0.0328125 0.10546875
5 0.290625 0.4671875 0.034375 0.07734375
6 0.28125 0.47421875 0.0234375 0.07109375
8 0.5046875 0.46171875 0.071875 0.1265625
9 0.54921875 0.4609375 0.04765625 0.11171875
10 0.58359375 0.4546875 0.04375 0.10859375
11 0.6078125 0.45234375 0.0265625 0.090625
12 0.628125 0.453125 0.0296875 0.09921875
13 0.64609375 0.45234375 0.0265625 0.08359375
16 0.48828125 0.56875 0.046875 0.10234375
17 0.52265625 0.55859375 0.0484375 0.096875
19 0.56171875 0.565625 0.05 0.109375
20 0.590625 0.5546875 0.04296875 0.084375
21 0.61328125 0.55859375 0.0359375 0.084375
22 0.6234375 0.5484375 0.04375 0.0828125
23 0.64765625 0.53671875 0.04140625 0.06484375
25 0.45 0.571875 0.053125 0.1
26 0.41796875 0.57890625 0.0546875 0.103125
27 0.38203125 0.5953125 0.0453125 0.12734375
28 0.35 0.5984375 0.03984375 0.109375
29 0.32578125 0.596875 0.02890625 0.0921875
30 0.30703125 0.5828125 0.053125 0.09140625
31 0.290625 0.56015625 0.04765625 0.075