0 0.4359375 0.41015625 0.1578125 0.20625
1 0.359375 0.4046875 0.1234375 0.16875
2 0.321875 0.38515625 0.09375 0.18125
6 0.28203125 0.31015625 0.046875 0.078125
8 0.52109375 0.4203125 0.1375 0.2078125
9 0.59296875 0.44375 0.103125 0.1828125
10 0.646875 0.440625 0.1 0.2109375
11 0.68359375 0.44375 0.078125 0.184375
12 0.7078125 0.43984375 0.0703125 0.171875
13 0.7328125 0.4453125 0.071875 0.1609375
16 0.49296875 0.65859375 0.096875 0.146875
17 0.54453125 0.6625 0.0953125 0.1359375
19 0.58359375 0.65703125 0.1140625 0.1640625
14 0.78359375 0.38125 0.05625 0.078125
25 0.44453125 0.65078125 0.0921875 0.14375
26 0.39453125 0.6421875 0.09375 0.146875
27 0.3453125 0.6484375 0.0875 0.15625
32 0.296875 0.471875 0.1328125 0.1625
24 0.753125 0.50703125 0.0640625 0.125