0 0.48125 0.3375 0.10625 0.23359375
1 0.39140625 0.30703125 0.103125 0.2125
2 0.3234375 0.2984375 0.07890625 0.21953125
3 0.27734375 0.29609375 0.07421875 0.1953125
8 0.5734375 0.33828125 0.1 0.20234375
9 0.65625 0.340625 0.08515625 0.19296875
10 0.71015625 0.32421875 0.0640625 0.2265625
11 0.7421875 0.33359375 0.0515625 0.1546875
12 0.76796875 0.31328125 0.03828125 0.16171875
16 0.49140625 0.6515625 0.08359375 0.19765625
17 0.5515625 0.6640625 0.07265625 0.20703125
19 0.60859375 0.66640625 0.08046875 0.221875
20 0.66015625 0.6703125 0.08359375 0.2
21 0.696875 0.6484375 0.07421875 0.17578125
22 0.7234375 0.60625 0.1046875 0.1734375
25 0.43203125 0.65546875 0.07734375 0.21015625
26 0.36796875 0.6515625 0.07578125 0.20703125
27 0.31875 0.64140625 0.07578125 0.20390625
28 0.2671875 0.64765625 0.07421875 0.18203125
29 0.25625 0.61328125 0.0984375 0.14140625
30 0.2140625 0.55234375 0.128125 0.1640625