0 0.40703125 0.3890625 0.1546875 0.2453125
1 0.321875 0.39765625 0.10625 0.203125
2 0.24609375 0.3734375 0.115625 0.215625
3 0.215625 0.42109375 0.0828125 0.146875
4 0.184375 0.44140625 0.084375 0.159375
5 0.15234375 0.465625 0.084375 0.1484375
6 0.11171875 0.453125 0.065625 0.1375
8 0.51171875 0.38203125 0.14375 0.2484375
9 0.59921875 0.38828125 0.0859375 0.1890625
10 0.66328125 0.37265625 0.096875 0.2265625
11 0.721875 0.3828125 0.06875 0.178125
12 0.75 0.39921875 0.053125 0.1515625
13 0.78984375 0.40546875 0.0578125 0.1703125
14 0.8140625 0.43203125 0.028125 0.1140625
16 0.49609375 0.5015625 0.065625 0.0875
17 0.571875 0.484375 0.06875 0.084375
19 0.6421875 0.48671875 0.09375 0.171875
20 0.70234375 0.50234375 0.096875 0.1734375
21 0.74765625 0.50703125 0.0703125 0.1515625
22 0.78828125 0.52265625 0.0796875 0.15
26 0.35546875 0.49140625 0.059375 0.06875
27 0.29609375 0.5078125 0.096875 0.140625
28 0.240625 0.52421875 0.0796875 0.13125
30 0.17734375 0.553125 0.1 0.10625