0 0.4796875 0.35625 0.15234375 0.26796875
1 0.37890625 0.3671875 0.12578125 0.225
2 0.2921875 0.38125 0.11171875 0.20546875
3 0.240625 0.4 0.09921875 0.17578125
4 0.20390625 0.425 0.0609375 0.13359375
5 0.15859375 0.39921875 0.084375 0.1640625
6 0.1140625 0.37265625 0.059375 0.1625
7 0.07421875 0.32421875 0.05078125 0.08828125
8 0.59140625 0.37734375 0.13671875 0.2296875
9 0.690625 0.38515625 0.1078125 0.2265625
10 0.7640625 0.3765625 0.07578125 0.26328125
11 0.809375 0.39296875 0.04453125 0.159375
12 0.834375 0.38125 0.04609375 0.159375
13 0.86875 0.365625 0.04921875 0.175
14 0.90234375 0.29296875 0.04765625 0.1359375
25 0.49609375 0.67734375 0.0953125 0.1921875
26 0.421875 0.65625 0.0984375 0.184375
27 0.346875 0.6625 0.09921875 0.20234375
28 0.26953125 0.65703125 0.09375 0.15390625
29 0.23984375 0.63046875 0.0703125 0.1328125
30 0.19453125 0.6203125 0.08046875 0.1453125
31 0.1640625 0.57421875 0.16171875 0.153125
32 0.1328125 0.4796875 0.159375 0.1359375
16 0.56640625 0.65703125 0.096875 0.16171875
17 0.63671875 0.653125 0.10859375 0.178125
19 0.7078125 0.65 0.09609375 0.1921875
20 0.76015625 0.6375 0.08984375 0.14140625
21 0.79453125 0.621875 0.07734375 0.146875
22 0.82890625 0.57734375 0.15859375 0.1921875
23 0.85703125 0.4640625 0.15703125 0.178125