0 0.45390625 0.459375 0.15625 0.2375
1 0.35390625 0.4515625 0.1296875 0.20625
2 0.29140625 0.4390625 0.0890625 0.1515625
3 0.24140625 0.4296875 0.0875 0.134375
4 0.2015625 0.41953125 0.0546875 0.0859375
5 0.175 0.41640625 0.0453125 0.0734375
8 0.54765625 0.46484375 0.1515625 0.2375
9 0.63984375 0.4609375 0.1375 0.240625
10 0.70625 0.46796875 0.109375 0.21875
11 0.7609375 0.47578125 0.1078125 0.1859375
12 0.80625 0.48046875 0.065625 0.121875
13 0.84140625 0.48515625 0.059375 0.103125
16 0.50625 0.6734375 0.1203125 0.215625
17 0.58203125 0.6875 0.121875 0.2078125
19 0.6515625 0.70078125 0.090625 0.1578125
20 0.690625 0.67578125 0.1390625 0.1953125
21 0.75234375 0.659375 0.05 0.1046875
22 0.73515625 0.62578125 0.1609375 0.140625
23 0.7921875 0.584375 0.109375 0.1453125
25 0.440625 0.66875 0.1109375 0.2015625
26 0.36875 0.65 0.13125 0.2046875
27 0.30546875 0.6453125 0.1078125 0.1734375
28 0.246875 0.59921875 0.1078125 0.1515625
29 0.21875 0.53671875 0.1375 0.1359375
30 0.20625 0.471875 0.10625 0.084375