0 0.54453125 0.34140625 0.16875 0.2359375
1 0.44140625 0.35390625 0.1359375 0.2109375
2 0.353125 0.35859375 0.1515625 0.278125
3 0.3140625 0.4078125 0.1875 0.2171875
4 0.2 0.41640625 0.1578125 0.2515625
8 0.6578125 0.3359375 0.165625 0.26875
9 0.74140625 0.33828125 0.1609375 0.275
10 0.81171875 0.346875 0.15 0.29375
11 0.8609375 0.3296875 0.159375 0.3359375
12 0.9265625 0.35625 0.109375 0.2609375
13 0.96171875 0.38203125 0.0765625 0.2328125
25 0.5546875 0.5421875 0.1234375 0.2421875
26 0.47265625 0.553125 0.1484375 0.25
27 0.37421875 0.596875 0.1453125 0.246875
28 0.2734375 0.60546875 0.134375 0.25
29 0.178125 0.6015625 0.1359375 0.2140625
30 0.10625 0.57890625 0.115625 0.18125
16 0.6328125 0.5390625 0.11875 0.2390625
17 0.7125 0.55703125 0.13125 0.2734375
19 0.79609375 0.58828125 0.1140625 0.29375
20 0.85859375 0.59609375 0.1375 0.3140625
21 0.91015625 0.56796875 0.1578125 0.265625
22 0.95234375 0.54921875 0.0953125 0.1859375