0 0.36015625 0.34765625 0.184375 0.3734375
1 0.234375 0.33671875 0.11875 0.35625
2 0.14453125 0.35859375 0.125 0.3625
3 0.08359375 0.39609375 0.1 0.30625
4 0.034375 0.31796875 0.06875 0.1484375
8 0.57109375 0.34765625 0.1953125 0.4390625
9 0.690625 0.31953125 0.1375 0.3796875
10 0.78828125 0.34375 0.13125 0.390625
11 0.88515625 0.31328125 0.0859375 0.128125
12 0.9578125 0.30703125 0.084375 0.171875
16 0.5140625 0.765625 0.121875 0.3328125
17 0.61015625 0.75390625 0.13125 0.3328125
19 0.71015625 0.73671875 0.1421875 0.35625
20 0.78203125 0.6859375 0.1359375 0.3046875
21 0.84609375 0.675 0.13125 0.271875
22 0.91875 0.6578125 0.121875 0.271875
25 0.4140625 0.75390625 0.125 0.3328125
26 0.31796875 0.75625 0.1296875 0.3375
27 0.21953125 0.73359375 0.11875 0.340625
28 0.15078125 0.7109375 0.13125 0.28125
29 0.10390625 0.69609375 0.1 0.2015625
30 0.08125 0.6578125 0.1625 0.240625
31 0.05703125 0.534375 0.1125 0.2484375