0 0.453125 0.3890625 0.1390625 0.23125
1 0.36875 0.4078125 0.1078125 0.1609375
2 0.29140625 0.4 0.10625 0.1828125
3 0.23046875 0.43671875 0.0796875 0.1484375
4 0.19453125 0.46796875 0.0734375 0.125
5 0.1515625 0.46875 0.0828125 0.1609375
6 0.11015625 0.4703125 0.053125 0.1328125
25 0.4703125 0.49296875 0.0734375 0.109375
26 0.40546875 0.50625 0.0875 0.109375
27 0.33515625 0.52578125 0.0890625 0.1375
28 0.2703125 0.546875 0.084375 0.1453125
29 0.21953125 0.5515625 0.0484375 0.115625
30 0.16796875 0.56484375 0.071875 0.11875
31 0.12265625 0.5625 0.0515625 0.084375
8 0.56015625 0.3890625 0.13125 0.19375
9 0.64296875 0.4015625 0.075 0.1625
10 0.70703125 0.38671875 0.0859375 0.1890625
11 0.76796875 0.41171875 0.0609375 0.1671875
12 0.79453125 0.43984375 0.0640625 0.1375
13 0.8390625 0.45390625 0.065625 0.146875
14 0.86875 0.46328125 0.0390625 0.1421875
25 0.5359375 0.4984375 0.065625 0.1109375
26 0.6015625 0.50625 0.0765625 0.121875
27 0.66953125 0.5171875 0.0890625 0.153125
28 0.73671875 0.525 0.078125 0.1546875
29 0.77890625 0.534375 0.0609375 0.13125
30 0.8234375 0.55078125 0.0703125 0.1328125