0 0.46015625 0.30859375 0.14375 0.225
1 0.384375 0.296875 0.128125 0.2046875
2 0.315625 0.290625 0.1125 0.1828125
3 0.26640625 0.28515625 0.0859375 0.1734375
4 0.22890625 0.29453125 0.065625 0.1421875
5 0.203125 0.284375 0.0625 0.146875
6 0.17890625 0.2625 0.065625 0.1140625
8 0.559375 0.30625 0.1546875 0.225
9 0.63828125 0.3 0.1125 0.2078125
10 0.69765625 0.30859375 0.0984375 0.21875
11 0.73828125 0.33046875 0.0796875 0.1875
12 0.76640625 0.334375 0.0640625 0.1703125
13 0.80078125 0.3203125 0.0484375 0.1265625
25 0.4390625 0.50390625 0.1046875 0.178125
26 0.38359375 0.49609375 0.10625 0.1953125
27 0.33125 0.48125 0.0984375 0.19375
28 0.284375 0.47578125 0.1046875 0.2
29 0.23671875 0.46171875 0.071875 0.146875
30 0.20234375 0.453125 0.071875 0.153125
31 0.19921875 0.390625 0.0703125 0.0953125
16 0.49375 0.5 0.0953125 0.184375
17 0.553125 0.5015625 0.1015625 0.203125
19 0.61015625 0.5203125 0.1078125 0.2078125
20 0.65234375 0.50234375 0.09375 0.190625
21 0.7015625 0.5171875 0.0859375 0.1796875
22 0.7375 0.4984375 0.08125 0.153125