0 0.4125 0.3140625 0.125 0.1671875
1 0.31953125 0.31875 0.09921875 0.16015625
2 0.2453125 0.30390625 0.08515625 0.146875
3 0.19609375 0.31875 0.05390625 0.15
4 0.175 0.32578125 0.04453125 0.14375
5 0.15234375 0.325 0.0421875 0.1265625
6 0.13203125 0.309375 0.03203125 0.075
8 0.5171875 0.30234375 0.12578125 0.18046875
9 0.60390625 0.29609375 0.1015625 0.1765625
10 0.6703125 0.29296875 0.084375 0.2
11 0.7140625 0.328125 0.04921875 0.1515625
13 0.75078125 0.30625 0.05859375 0.15390625
14 0.78359375 0.2890625 0.03515625 0.13671875
25 0.4359375 0.659375 0.09140625 0.14375
26 0.3734375 0.64765625 0.10703125 0.16640625
27 0.30703125 0.65625 0.0875 0.18828125
28 0.24765625 0.6390625 0.06875 0.1546875
29 0.2046875 0.61640625 0.0640625 0.15
30 0.215625 0.57421875 0.128125 0.125
31 0.16875 0.52734375 0.09609375 0.15625
16 0.5046875 0.646875 0.075 0.1140625
17 0.5515625 0.63359375 0.090625 0.16015625
19 0.61875 0.63515625 0.08203125 0.1640625
20 0.67109375 0.63046875 0.06640625 0.15078125
21 0.6921875 0.60703125 0.0578125 0.13203125
22 0.71328125 0.5796875 0.09140625 0.14453125
23 0.74375 0.52578125 0.09296875 0.15546875