0 0.43984375 0.38125 0.0890625 0.1875
1 0.3671875 0.375 0.078125 0.16796875
2 0.3125 0.35390625 0.0796875 0.21328125
3 0.27578125 0.37734375 0.053125 0.15859375
4 0.25546875 0.3890625 0.04296875 0.1390625
5 0.2203125 0.371875 0.05078125 0.1375
6 0.2015625 0.3875 0.034375 0.10390625
8 0.51953125 0.38125 0.09453125 0.18203125
9 0.59453125 0.37734375 0.0671875 0.19296875
10 0.64375 0.3828125 0.07265625 0.190625
11 0.67734375 0.3953125 0.05859375 0.15
12 0.70234375 0.41015625 0.0390625 0.11796875
13 0.71953125 0.40390625 0.0234375 0.1203125
14 0.7375 0.409375 0.0390625 0.0984375
16 0.475 0.5875 0.0546875 0.1234375
17 0.52109375 0.5953125 0.06875 0.14921875
19 0.57265625 0.6109375 0.0671875 0.18828125
20 0.6125 0.6015625 0.0703125 0.1640625
21 0.64921875 0.59140625 0.04609375 0.15
22 0.68359375 0.58828125 0.05859375 0.1609375
23 0.7046875 0.56015625 0.03828125 0.12109375
25 0.42734375 0.59140625 0.05703125 0.1375
26 0.37890625 0.58125 0.06328125 0.13828125
27 0.325 0.60078125 0.07890625 0.17890625
28 0.2890625 0.5890625 0.078125 0.16171875
29 0.27265625 0.56328125 0.05390625 0.11875
30 0.24453125 0.5640625 0.08125 0.1421875
31 0.22265625 0.53515625 0.06875 0.11796875