0 0.44140625 0.384375 0.1453125 0.25078125
1 0.3296875 0.3734375 0.1078125 0.23828125
2 0.25 0.37578125 0.10390625 0.2578125
3 0.1890625 0.38828125 0.0875 0.23828125
4 0.13828125 0.38359375 0.059375 0.19375
5 0.1046875 0.3734375 0.06484375 0.23359375
6 0.0703125 0.36953125 0.059375 0.1765625
8 0.5703125 0.38203125 0.1390625 0.25078125
9 0.6734375 0.396875 0.09453125 0.2109375
10 0.75078125 0.39921875 0.09296875 0.240625
11 0.80625 0.38984375 0.078125 0.22109375
12 0.85234375 0.365625 0.0546875 0.253125
13 0.89375 0.33125 0.0578125 0.1984375
14 0.9125 0.371875 0.059375 0.14140625
16 0.53359375 0.66640625 0.09296875 0.2234375
17 0.6046875 0.6609375 0.09296875 0.2484375
19 0.68125 0.6765625 0.09609375 0.26796875
20 0.7328125 0.65234375 0.09609375 0.240625
21 0.7890625 0.63984375 0.09609375 0.2109375
22 0.8203125 0.59453125 0.1453125 0.15390625
23 0.85078125 0.5421875 0.1375 0.20859375
25 0.46171875 0.65859375 0.0875 0.228125
26 0.38515625 0.6703125 0.10234375 0.2703125
27 0.3125 0.675 0.09296875 0.2453125
28 0.24765625 0.67890625 0.07578125 0.26328125
29 0.2046875 0.63125 0.0828125 0.1640625
30 0.15390625 0.61796875 0.07890625 0.1328125
31 0.13671875 0.53828125 0.14765625 0.1609375