0 0.44609375 0.38203125 0.1390625 0.2296875
1 0.37890625 0.35078125 0.1203125 0.2125
2 0.32109375 0.3375 0.09375 0.1921875
3 0.28125 0.32421875 0.0734375 0.190625
4 0.25390625 0.32890625 0.0546875 0.140625
8 0.53515625 0.39765625 0.1390625 0.21875
9 0.6078125 0.4046875 0.096875 0.190625
10 0.653125 0.40234375 0.0875 0.196875
11 0.69375 0.41015625 0.0671875 0.1578125
12 0.715625 0.4203125 0.059375 0.1296875
13 0.746875 0.40703125 0.0421875 0.1125
25 0.4375 0.56328125 0.08125 0.1453125
26 0.3875 0.5609375 0.0796875 0.159375
27 0.33984375 0.56953125 0.103125 0.19375
28 0.2953125 0.5515625 0.078125 0.1625
29 0.2609375 0.5359375 0.0734375 0.1546875
30 0.23671875 0.5109375 0.059375 0.13125
31 0.25 0.440625 0.08125 0.096875
16 0.48671875 0.5796875 0.0890625 0.159375
17 0.53671875 0.6 0.090625 0.1625
19 0.58515625 0.59453125 0.0828125 0.153125
20 0.6375 0.6 0.0828125 0.1453125
21 0.66875 0.57421875 0.0859375 0.11875
22 0.696875 0.546875 0.1140625 0.14375