0 0.38515625 0.44140625 0.215625 0.3078125
1 0.26953125 0.45078125 0.1671875 0.2375
2 0.19296875 0.490625 0.15625 0.2421875
3 0.14140625 0.52890625 0.1203125 0.2
4 0.0875 0.5453125 0.109375 0.19375
5 0.0484375 0.56953125 0.0890625 0.1734375
8 0.5046875 0.41796875 0.19375 0.2796875
9 0.59453125 0.3953125 0.1453125 0.253125
10 0.66171875 0.39140625 0.109375 0.2359375
11 0.703125 0.4171875 0.075 0.1765625
12 0.72109375 0.4140625 0.0859375 0.1921875
13 0.74921875 0.41171875 0.05625 0.165625
14 0.75703125 0.40625 0.040625 0.1421875
25 0.4359375 0.56953125 0.115625 0.1390625
26 0.35625 0.571875 0.1421875 0.18125
27 0.275 0.6125 0.184375 0.2734375
28 0.20703125 0.63671875 0.0890625 0.1578125
29 0.1578125 0.6453125 0.0953125 0.14375
30 0.10546875 0.67109375 0.1109375 0.1765625
16 0.5046875 0.55 0.109375 0.134375
17 0.5828125 0.5328125 0.1109375 0.171875
19 0.65703125 0.53046875 0.1265625 0.2375
20 0.703125 0.53359375 0.05625 0.1109375
21 0.7234375 0.5296875 0.0546875 0.09375
22 0.7515625 0.53125 0.0703125 0.10625
23 0.778125 0.52734375 0.0515625 0.0875