0 0.4046875 0.36484375 0.1859375 0.2703125
1 0.3140625 0.37890625 0.19375 0.284375
2 0.23359375 0.3765625 0.16875 0.271875
3 0.18984375 0.4046875 0.1328125 0.2671875
4 0.16015625 0.43125 0.121875 0.2125
6 0.05703125 0.30078125 0.1140625 0.1421875
8 0.51328125 0.3109375 0.1953125 0.3125
9 0.6015625 0.2890625 0.159375 0.2984375
10 0.659375 0.25546875 0.1609375 0.3265625
11 0.69921875 0.240625 0.121875 0.2921875
12 0.74140625 0.26171875 0.1 0.259375
13 0.77578125 0.25390625 0.121875 0.2703125
14 0.796875 0.19296875 0.0953125 0.1671875
25 0.48984375 0.63359375 0.1296875 0.209375
26 0.41640625 0.63671875 0.140625 0.253125
27 0.3546875 0.65703125 0.1453125 0.2703125
31 0.1265625 0.48359375 0.1796875 0.2546875
16 0.54296875 0.60390625 0.1484375 0.240625
17 0.615625 0.5921875 0.1625 0.2796875
19 0.68828125 0.5875 0.1609375 0.2859375
20 0.7625 0.5734375 0.1359375 0.2140625
21 0.80546875 0.534375 0.0890625 0.153125
22 0.8 0.45859375 0.0984375 0.1625