0 0.45625 0.45859375 0.1421875 0.2203125
1 0.35546875 0.4375 0.09765625 0.21796875
2 0.2859375 0.43515625 0.10078125 0.2359375
3 0.240625 0.41875 0.07265625 0.225
4 0.203125 0.42890625 0.0609375 0.19609375
5 0.1703125 0.4375 0.06640625 0.19609375
8 0.5546875 0.45625 0.13828125 0.225
9 0.66015625 0.45078125 0.13203125 0.2140625
10 0.7359375 0.40859375 0.10234375 0.2671875
11 0.78984375 0.4296875 0.07421875 0.1890625
12 0.828125 0.42578125 0.0640625 0.1890625
13 0.86015625 0.40625 0.08046875 0.19609375
16 0.5203125 0.71796875 0.10078125 0.23125
17 0.58359375 0.69609375 0.0890625 0.22734375
19 0.6578125 0.72890625 0.10390625 0.24921875
20 0.73046875 0.70703125 0.09765625 0.22734375
21 0.78671875 0.68359375 0.09921875 0.18046875
22 0.81953125 0.66328125 0.10703125 0.215625
23 0.8625 0.6171875 0.10078125 0.17109375
25 0.4625 0.690625 0.0859375 0.22890625
26 0.39609375 0.70703125 0.1171875 0.240625
27 0.3328125 0.7234375 0.10078125 0.23828125
28 0.26640625 0.6921875 0.10078125 0.23359375
29 0.2203125 0.6828125 0.059375 0.1515625
30 0.1890625 0.67109375 0.0625 0.16484375
31 0.17890625 0.61640625 0.06953125 0.146875