0 0.4546875 0.4140625 0.1015625 0.20625
1 0.3921875 0.403125 0.0796875 0.18125
2 0.34453125 0.41171875 0.0875 0.1875
3 0.315625 0.421875 0.0578125 0.1578125
4 0.28125 0.4109375 0.0625 0.1625
5 0.24296875 0.3984375 0.065625 0.1609375
6 0.21640625 0.39921875 0.053125 0.13125
8 0.53359375 0.4046875 0.1 0.209375
9 0.59453125 0.37578125 0.0875 0.1828125
10 0.6375 0.365625 0.08125 0.2296875
11 0.67890625 0.36640625 0.0640625 0.1515625
12 0.7015625 0.38203125 0.0515625 0.1390625
13 0.728125 0.36328125 0.046875 0.140625
14 0.7546875 0.35234375 0.0484375 0.1328125
16 0.5265625 0.6 0.06875 0.1578125
17 0.5703125 0.60703125 0.075 0.175
19 0.6203125 0.5984375 0.0890625 0.203125
20 0.66171875 0.58046875 0.06875 0.1578125
21 0.68046875 0.55546875 0.0625 0.1265625
22 0.70703125 0.53125 0.084375 0.1390625
23 0.7375 0.49921875 0.0890625 0.1296875
25 0.48515625 0.603125 0.0671875 0.1546875
26 0.440625 0.61953125 0.0796875 0.1703125
27 0.39296875 0.63984375 0.0875 0.190625
28 0.34609375 0.63125 0.0703125 0.1546875
29 0.32578125 0.5984375 0.06875 0.13125
30 0.28515625 0.58828125 0.08125 0.14375
31 0.246875 0.559375 0.065625 0.1234375