0 0.475 0.53125 0.1046875 0.1734375
1 0.390625 0.51953125 0.08125 0.18203125
2 0.3265625 0.50234375 0.08125 0.1921875
3 0.28125 0.49765625 0.0484375 0.1546875
4 0.24921875 0.5 0.0640625 0.15625
5 0.2265625 0.5046875 0.04609375 0.13359375
8 0.56640625 0.5078125 0.10703125 0.20546875
9 0.6390625 0.49921875 0.075 0.1984375
10 0.7 0.478125 0.0875 0.20078125
11 0.7390625 0.48515625 0.0609375 0.13203125
12 0.77421875 0.46171875 0.04296875 0.12109375
16 0.5515625 0.696875 0.05859375 0.1609375
17 0.59765625 0.6859375 0.06875 0.1578125
19 0.65078125 0.67578125 0.0703125 0.14609375
20 0.69453125 0.66640625 0.05859375 0.1265625
21 0.71484375 0.63671875 0.10859375 0.1234375
25 0.50234375 0.69921875 0.0625 0.16328125
26 0.446875 0.69453125 0.075 0.146875
27 0.38671875 0.70390625 0.08046875 0.16796875
28 0.33984375 0.7015625 0.0625 0.16328125
29 0.3140625 0.696875 0.05546875 0.13203125