0 0.453125 0.40546875 0.084375 0.1671875
8 0.52421875 0.39296875 0.0859375 0.1625
9 0.5859375 0.375 0.065625 0.15234375
1 0.39609375 0.40703125 0.05859375 0.125
10 0.63359375 0.37890625 0.0546875 0.14921875
11 0.67109375 0.38125 0.0546875 0.15078125
12 0.7 0.3859375 0.03515625 0.125
13 0.728125 0.36875 0.04375 0.1203125
14 0.75625 0.3640625 0.0453125 0.1015625
2 0.3546875 0.40390625 0.0625 0.12734375
3 0.32578125 0.41953125 0.04921875 0.115625
4 0.309375 0.42578125 0.03671875 0.09296875
5 0.2890625 0.421875 0.04296875 0.1015625
6 0.2640625 0.40703125 0.04375 0.1
31 0.29453125 0.51328125 0.065625 0.0984375
30 0.30859375 0.5375 0.05546875 0.1109375
28 0.3546875 0.55546875 0.0421875 0.12578125
27 0.3828125 0.5546875 0.04296875 0.14140625
26 0.42109375 0.54921875 0.04921875 0.13515625
25 0.465625 0.5546875 0.05234375 0.12890625
16 0.5078125 0.54765625 0.0546875 0.121875
17 0.55390625 0.54921875 0.0578125 0.1234375
19 0.6015625 0.53984375 0.05703125 0.13203125
20 0.63671875 0.53671875 0.0578125 0.121875
21 0.6703125 0.53125 0.05234375 0.1171875
22 0.6984375 0.51015625 0.08046875 0.1015625
23 0.7328125 0.4828125 0.0578125 0.08828125
29 0.3328125 0.54765625 0.03046875 0.10703125