0 0.4671875 0.48828125 0.08203125 0.14609375
1 0.403125 0.484375 0.0671875 0.1515625
2 0.365625 0.49296875 0.0609375 0.1546875
3 0.33828125 0.49296875 0.04140625 0.125
4 0.3203125 0.49609375 0.03125 0.10625
5 0.296875 0.49296875 0.0453125 0.1078125
8 0.5453125 0.4921875 0.078125 0.15859375
9 0.60859375 0.5046875 0.053125 0.13828125
10 0.6515625 0.5109375 0.059375 0.13203125
11 0.6859375 0.5234375 0.04453125 0.128125
12 0.71484375 0.52890625 0.03828125 0.1171875
16 0.5375 0.66328125 0.04609375 0.08671875
17 0.578125 0.6703125 0.04921875 0.090625
19 0.61640625 0.678125 0.0421875 0.0984375
20 0.6546875 0.6984375 0.0546875 0.1109375
21 0.665625 0.690625 0.05625 0.0953125
22 0.6953125 0.67421875 0.05 0.0859375
25 0.49296875 0.65703125 0.0484375 0.08828125
26 0.44921875 0.64921875 0.0515625 0.09765625
27 0.4125 0.646875 0.0421875 0.10859375
28 0.3734375 0.665625 0.0546875 0.09765625
29 0.35390625 0.65546875 0.06171875 0.103125