0 0.45546875 0.44296875 0.1078125 0.1625
1 0.39609375 0.44609375 0.0859375 0.146875
2 0.3515625 0.46171875 0.0890625 0.146875
3 0.32109375 0.48515625 0.071875 0.121875
4 0.29921875 0.48671875 0.0546875 0.0984375
5 0.27578125 0.49296875 0.0625 0.1015625
6 0.25078125 0.49921875 0.0625 0.0953125
8 0.51640625 0.43515625 0.1046875 0.15625
9 0.5703125 0.4234375 0.084375 0.1390625
10 0.609375 0.4109375 0.08125 0.1546875
11 0.65078125 0.42109375 0.0625 0.1046875
12 0.67734375 0.41640625 0.0484375 0.09375
13 0.69140625 0.409375 0.0421875 0.0875
14 0.70234375 0.3953125 0.0296875 0.0703125
16 0.5359375 0.6046875 0.078125 0.1453125
17 0.57265625 0.5984375 0.0796875 0.15
19 0.61171875 0.58203125 0.08125 0.1484375
20 0.640625 0.55859375 0.06875 0.1171875
21 0.65390625 0.5390625 0.0546875 0.096875
22 0.67578125 0.525 0.0609375 0.0890625
23 0.69609375 0.50390625 0.0484375 0.0875
24 0.70390625 0.47890625 0.053125 0.084375
25 0.4953125 0.6015625 0.078125 0.1421875
26 0.459375 0.6125 0.0796875 0.1359375
27 0.415625 0.6125 0.0859375 0.1390625
28 0.3734375 0.60625 0.0625 0.1046875
29 0.35 0.5953125 0.05625 0.0890625
30 0.32265625 0.59296875 0.0703125 0.09375
31 0.28984375 0.5796875 0.0640625 0.0796875
32 0.26953125 0.5640625 0.05625 0.075