2 0.33515625 0.37578125 0.134375 0.2078125
4 0.26796875 0.3671875 0.115625 0.1859375
8 0.52421875 0.42109375 0.134375 0.178125
10 0.62109375 0.4546875 0.115625 0.1796875
11 0.66953125 0.4671875 0.053125 0.1125
12 0.6640625 0.4953125 0.075 0.11875
14 0.70390625 0.41484375 0.0609375 0.1015625
25 0.440625 0.58515625 0.1015625 0.1859375
26 0.38828125 0.56640625 0.096875 0.1640625
27 0.334375 0.55234375 0.1046875 0.178125
28 0.27421875 0.55 0.1046875 0.178125
16 0.49609375 0.5875 0.0890625 0.1703125
17 0.54140625 0.59296875 0.0921875 0.1671875
19 0.58671875 0.60546875 0.09375 0.1859375
20 0.62578125 0.6078125 0.08125 0.14375
21 0.659375 0.6140625 0.0859375 0.15