0 0.4484375 0.425 0.175 0.25
1 0.38046875 0.4078125 0.140625 0.2265625
2 0.31875 0.39453125 0.1234375 0.2359375
3 0.28046875 0.39296875 0.08125 0.1734375
4 0.2578125 0.390625 0.0671875 0.15625
5 0.24140625 0.3671875 0.0671875 0.14375
8 0.54140625 0.45078125 0.1640625 0.24375
9 0.6234375 0.46875 0.13125 0.2390625
10 0.6859375 0.49921875 0.1328125 0.2265625
11 0.72890625 0.51640625 0.10625 0.20625
12 0.753125 0.52890625 0.0828125 0.171875
13 0.79296875 0.53671875 0.1 0.16875
16 0.50078125 0.6265625 0.1421875 0.2296875
17 0.55234375 0.6625 0.1515625 0.2671875
19 0.60859375 0.7 0.1484375 0.2953125
20 0.66796875 0.71484375 0.165625 0.3
21 0.7234375 0.7171875 0.15625 0.2546875
22 0.77578125 0.66484375 0.1390625 0.1859375
25 0.43359375 0.6203125 0.15625 0.253125
26 0.37265625 0.61015625 0.1453125 0.265625
27 0.30546875 0.5921875 0.1671875 0.284375
28 0.25703125 0.55859375 0.1390625 0.2515625
29 0.2109375 0.534375 0.1390625 0.234375
30 0.20078125 0.48515625 0.1140625 0.1859375