0 0.459375 0.403125 0.11640625 0.209375
1 0.375 0.4125 0.08359375 0.18828125
2 0.31796875 0.4296875 0.0671875 0.21953125
3 0.2875 0.46171875 0.065625 0.2109375
4 0.2578125 0.47109375 0.0609375 0.2015625
5 0.21484375 0.4609375 0.0546875 0.18828125
8 0.55390625 0.40546875 0.12265625 0.21875
9 0.63671875 0.4265625 0.0765625 0.228125
10 0.69453125 0.46171875 0.07265625 0.221875
11 0.725 0.49140625 0.05390625 0.2
16 0.49921875 0.58359375 0.0796875 0.2359375
17 0.5703125 0.57734375 0.08671875 0.20625
19 0.63203125 0.584375 0.06640625 0.19921875
20 0.684375 0.6109375 0.07265625 0.178125
21 0.72265625 0.62421875 0.05234375 0.1328125
25 0.43203125 0.575 0.0921875 0.21640625
26 0.3828125 0.578125 0.08125 0.21640625
27 0.32578125 0.584375 0.05078125 0.18515625
28 0.284375 0.59140625 0.0421875 0.15078125
29 0.240625 0.59296875 0.0609375 0.15390625
30 0.203125 0.56015625 0.0421875 0.115625