0 0.45 0.425 0.184375 0.2578125
1 0.34375 0.3890625 0.1359375 0.25
2 0.26875 0.3765625 0.140625 0.26875
3 0.221875 0.35234375 0.109375 0.253125
4 0.18046875 0.35859375 0.0921875 0.2203125
5 0.14375 0.3640625 0.0984375 0.221875
8 0.5578125 0.43515625 0.1796875 0.2625
9 0.671875 0.44296875 0.171875 0.25
10 0.76015625 0.4078125 0.146875 0.303125
11 0.81640625 0.43828125 0.10625 0.2140625
12 0.85703125 0.4375 0.09375 0.2125
13 0.89453125 0.421875 0.1125 0.2234375
16 0.48515625 0.7140625 0.140625 0.2640625
17 0.55703125 0.6984375 0.1265625 0.2578125
19 0.6328125 0.74453125 0.1453125 0.284375
20 0.71484375 0.73046875 0.1359375 0.259375
21 0.778125 0.71171875 0.13125 0.209375
22 0.8171875 0.69453125 0.14375 0.2484375
23 0.86953125 0.65 0.1328125 0.1984375
25 0.42578125 0.6765625 0.1234375 0.259375
26 0.35234375 0.6859375 0.159375 0.2765625
27 0.28125 0.6953125 0.140625 0.271875
28 0.21328125 0.653125 0.140625 0.2671875
29 0.165625 0.6359375 0.084375 0.171875
30 0.1328125 0.61953125 0.0890625 0.1859375
31 0.12890625 0.559375 0.0953125 0.16875