0 0.434375 0.390625 0.1703125 0.2625
1 0.321875 0.3734375 0.1609375 0.2609375
2 0.24921875 0.390625 0.121875 0.2421875
3 0.21171875 0.42265625 0.0984375 0.1921875
4 0.17890625 0.42578125 0.0828125 0.1640625
5 0.13203125 0.41875 0.0875 0.1796875
6 0.10546875 0.40859375 0.0734375 0.1546875
8 0.54765625 0.3578125 0.165625 0.2609375
9 0.63359375 0.384375 0.10625 0.1859375
10 0.6953125 0.32890625 0.1375 0.25625
11 0.74765625 0.35625 0.078125 0.1828125
12 0.77109375 0.34609375 0.065625 0.1671875
13 0.79765625 0.3171875 0.0734375 0.1703125
16 0.56875 0.6046875 0.115625 0.2109375
17 0.64140625 0.63046875 0.1375 0.24375
19 0.7203125 0.625 0.1390625 0.259375
20 0.7265625 0.5671875 0.159375 0.2015625
21 0.7546875 0.53984375 0.1859375 0.2015625
22 0.7625 0.465625 0.1671875 0.1765625
23 0.79609375 0.39765625 0.1234375 0.146875
25 0.503125 0.62578125 0.1375 0.225
26 0.43046875 0.64296875 0.140625 0.2421875
27 0.353125 0.64140625 0.1296875 0.234375
28 0.303125 0.62734375 0.121875 0.1921875
29 0.26484375 0.62421875 0.1078125 0.1671875
30 0.2265625 0.61640625 0.1765625 0.184375
31 0.1890625 0.578125 0.15625 0.1671875