0 0.4265625 0.44453125 0.121875 0.21328125
1 0.36015625 0.43125 0.078125 0.2015625
2 0.29765625 0.4171875 0.08125 0.24296875
3 0.26171875 0.4359375 0.06328125 0.21328125
4 0.2296875 0.42578125 0.0515625 0.1796875
5 0.196875 0.4 0.04453125 0.190625
6 0.18046875 0.38359375 0.034375 0.1359375
8 0.53203125 0.44765625 0.10703125 0.21015625
9 0.59453125 0.42421875 0.0734375 0.20546875
10 0.65 0.44375 0.0828125 0.20234375
11 0.6890625 0.45703125 0.0609375 0.190625
12 0.73046875 0.44453125 0.05546875 0.18359375
13 0.76328125 0.434375 0.04296875 0.1734375
16 0.490625 0.59453125 0.06875 0.1875
17 0.553125 0.61640625 0.07890625 0.20859375
19 0.6125 0.59453125 0.07734375 0.22578125
20 0.65625 0.57265625 0.06875 0.20078125
21 0.69375 0.59609375 0.05234375 0.1578125
22 0.725 0.5734375 0.0578125 0.15078125
25 0.43046875 0.6078125 0.0734375 0.1640625
26 0.36640625 0.59375 0.078125 0.2109375
27 0.32421875 0.57578125 0.0734375 0.23125
28 0.2828125 0.56328125 0.05625 0.13046875
29 0.246875 0.553125 0.05703125 0.153125
30 0.209375 0.5296875 0.06015625 0.109375