0 0.428125 0.35390625 0.190625 0.2484375
1 0.31484375 0.3890625 0.1234375 0.1765625
2 0.2359375 0.42109375 0.11875 0.2296875
3 0.19609375 0.453125 0.071875 0.178125
4 0.1703125 0.46015625 0.053125 0.18125
8 0.553125 0.353125 0.1828125 0.209375
9 0.6734375 0.3375 0.159375 0.2484375
10 0.75390625 0.35703125 0.11875 0.2421875
25 0.45 0.534375 0.1375 0.2171875
26 0.37421875 0.5421875 0.1265625 0.21875
27 0.28046875 0.5875 0.153125 0.3125
16 0.53125 0.50703125 0.11875 0.1953125
17 0.64765625 0.51875 0.196875 0.2234375
19 0.7359375 0.50546875 0.0921875 0.13125
5 0.15546875 0.48125 0.06875 0.2109375
6 0.14296875 0.54609375 0.0875 0.178125