0 0.4171875 0.41640625 0.1265625 0.184375
1 0.35625 0.43203125 0.0890625 0.1421875
2 0.30859375 0.45234375 0.109375 0.18125
3 0.2703125 0.4671875 0.084375 0.15625
4 0.253125 0.48203125 0.06875 0.109375
5 0.22265625 0.475 0.0703125 0.109375
6 0.1890625 0.4703125 0.0671875 0.115625
8 0.496875 0.40859375 0.1265625 0.1796875
9 0.559375 0.40703125 0.0890625 0.1265625
10 0.6046875 0.39765625 0.1109375 0.16875
11 0.64609375 0.41015625 0.08125 0.140625
12 0.6625 0.415625 0.0453125 0.084375
13 0.68203125 0.390625 0.0484375 0.0921875
14 0.696875 0.37109375 0.040625 0.078125
16 0.5125 0.59921875 0.090625 0.1515625
17 0.56328125 0.58515625 0.090625 0.153125
19 0.60859375 0.58515625 0.0796875 0.1546875
20 0.64140625 0.56171875 0.084375 0.1484375
21 0.66640625 0.515625 0.0859375 0.1234375
22 0.6859375 0.47421875 0.071875 0.1125
25 0.4609375 0.615625 0.0984375 0.1625
26 0.415625 0.63046875 0.090625 0.1625
27 0.36796875 0.63125 0.090625 0.1671875
28 0.3328125 0.62265625 0.0875 0.1484375
29 0.30546875 0.609375 0.06875 0.1140625
30 0.26640625 0.60078125 0.0890625 0.121875
31 0.228125 0.575 0.0921875 0.1296875