0 0.45 0.43984375 0.115625 0.1859375
1 0.3890625 0.43828125 0.0921875 0.175
2 0.3390625 0.4390625 0.0828125 0.18125
3 0.30546875 0.44921875 0.0609375 0.14375
4 0.28515625 0.44921875 0.0515625 0.14375
5 0.27109375 0.45390625 0.0453125 0.1296875
8 0.52578125 0.446875 0.109375 0.1765625
9 0.58671875 0.453125 0.0953125 0.16875
10 0.6375 0.45 0.0859375 0.1734375
11 0.66796875 0.4625 0.059375 0.14375
12 0.6859375 0.4546875 0.046875 0.128125
13 0.70234375 0.43984375 0.075 0.15
16 0.5046875 0.634375 0.0796875 0.1984375
17 0.5453125 0.62734375 0.0828125 0.1859375
19 0.59140625 0.628125 0.09375 0.1890625
20 0.63515625 0.61796875 0.090625 0.1578125
21 0.6578125 0.59609375 0.0828125 0.11875
22 0.6828125 0.5828125 0.0625 0.09375
24 0.70078125 0.53125 0.078125 0.1203125
25 0.4625 0.6359375 0.0859375 0.2078125
26 0.42265625 0.63203125 0.084375 0.2015625
27 0.3734375 0.63046875 0.0953125 0.1984375
28 0.3296875 0.6125 0.0875 0.1703125
29 0.29609375 0.609375 0.075 0.1671875
30 0.2640625 0.5921875 0.0734375 0.14375