0 0.4703125 0.4125 0.0953125 0.184375
1 0.41171875 0.3953125 0.07265625 0.19765625
2 0.36484375 0.4015625 0.06484375 0.159375
3 0.33828125 0.4140625 0.04375 0.13125
4 0.3203125 0.4109375 0.03671875 0.13046875
5 0.2984375 0.4125 0.0421875 0.1265625
6 0.27578125 0.4 0.021875 0.1046875
8 0.5375 0.41796875 0.09453125 0.1875
9 0.596875 0.42578125 0.0640625 0.171875
10 0.634375 0.4203125 0.05 0.1578125
11 0.6671875 0.43125 0.03828125 0.134375
12 0.68828125 0.43671875 0.0375 0.14765625
13 0.7125 0.43046875 0.0421875 0.14609375
14 0.73125 0.42578125 0.02109375 0.1234375
25 0.48046875 0.60546875 0.06328125 0.1328125
26 0.434375 0.59453125 0.065625 0.140625
27 0.39296875 0.59453125 0.0609375 0.14296875
28 0.35390625 0.58671875 0.03671875 0.1203125
29 0.334375 0.571875 0.0375 0.09140625
30 0.3125 0.5703125 0.0453125 0.103125
31 0.28359375 0.53984375 0.05 0.09921875
16 0.51953125 0.60546875 0.0671875 0.13671875
17 0.5625 0.5984375 0.05703125 0.13046875
19 0.60703125 0.60625 0.06171875 0.12421875
20 0.6359375 0.60390625 0.04921875 0.1328125
21 0.65859375 0.596875 0.03984375 0.10234375
22 0.68203125 0.59296875 0.06328125 0.11640625
23 0.7046875 0.5671875 0.0625 0.109375