0 0.44921875 0.40234375 0.1671875 0.2734375
1 0.34296875 0.38125 0.109375 0.25625
2 0.278125 0.38828125 0.1015625 0.2609375
4 0.21640625 0.4015625 0.0765625 0.18125
8 0.59453125 0.41640625 0.1609375 0.25625
9 0.70703125 0.41328125 0.13125 0.271875
10 0.771875 0.434375 0.1046875 0.2578125
11 0.8296875 0.453125 0.06875 0.225
25 0.4734375 0.76875 0.1109375 0.196875
26 0.39296875 0.76328125 0.1046875 0.2109375
27 0.321875 0.7625 0.1109375 0.246875
28 0.2453125 0.7203125 0.1140625 0.2375
16 0.5625 0.78671875 0.10625 0.2171875
17 0.63828125 0.78515625 0.1078125 0.253125
19 0.69765625 0.77421875 0.0921875 0.2765625
20 0.7546875 0.7265625 0.0953125 0.209375