0 0.40546875 0.2265625 0.1921875 0.3234375
1 0.29921875 0.26953125 0.140625 0.2359375
2 0.23671875 0.2921875 0.121875 0.2265625
3 0.1875 0.32109375 0.121875 0.228125
4 0.15078125 0.3234375 0.0875 0.1890625
5 0.11875 0.3265625 0.0875 0.20625
6 0.08828125 0.3234375 0.08125 0.1953125
8 0.55 0.21015625 0.2046875 0.296875
9 0.65859375 0.2046875 0.140625 0.2390625
10 0.73046875 0.21640625 0.1234375 0.2578125
11 0.78515625 0.26328125 0.078125 0.196875
12 0.821875 0.24140625 0.071875 0.209375
13 0.85390625 0.2265625 0.08125 0.209375
14 0.8828125 0.2140625 0.0578125 0.1734375
15 0.90703125 0.1875 0.065625 0.1359375
25 0.49453125 0.65 0.1578125 0.290625
26 0.4234375 0.65703125 0.13125 0.240625
27 0.340625 0.678125 0.1203125 0.275
28 0.28359375 0.65390625 0.0796875 0.1921875
29 0.2421875 0.65390625 0.1 0.2
30 0.18671875 0.64296875 0.1203125 0.190625
31 0.15390625 0.59765625 0.1 0.1671875
32 0.1671875 0.49453125 0.1125 0.13125
16 0.5625 0.64296875 0.1375 0.234375
17 0.64296875 0.64296875 0.1390625 0.2546875
19 0.7265625 0.66796875 0.13125 0.2796875
20 0.7625 0.60078125 0.109375 0.21875
21 0.8 0.584375 0.0984375 0.1890625
22 0.85078125 0.56484375 0.1296875 0.1875
23 0.88515625 0.521875 0.125 0.16875
24 0.86328125 0.428125 0.1625 0.1515625