0 0.46953125 0.428125 0.1234375 0.1890625
1 0.39921875 0.40859375 0.096875 0.15
2 0.3453125 0.38125 0.1046875 0.1671875
3 0.29765625 0.3828125 0.09375 0.1546875
4 0.27265625 0.39765625 0.065625 0.121875
5 0.2515625 0.3875 0.065625 0.1234375
6 0.2296875 0.3734375 0.065625 0.125
8 0.5515625 0.45078125 0.1203125 0.184375
9 0.615625 0.45859375 0.0875 0.1625
10 0.6609375 0.46796875 0.0890625 0.153125
11 0.690625 0.48515625 0.071875 0.134375
12 0.7078125 0.496875 0.05625 0.1109375
13 0.725 0.49296875 0.034375 0.1015625
16 0.46953125 0.67109375 0.08125 0.1390625
17 0.515625 0.67890625 0.08125 0.1359375
19 0.55703125 0.70546875 0.0859375 0.1453125
20 0.5984375 0.69140625 0.0828125 0.1328125
21 0.628125 0.6890625 0.06875 0.1234375
22 0.66171875 0.6703125 0.0609375 0.10625
25 0.425 0.65390625 0.0796875 0.1375
26 0.371875 0.64609375 0.090625 0.1484375
27 0.31953125 0.64296875 0.09375 0.1609375
28 0.27734375 0.62265625 0.08125 0.1359375
29 0.25 0.6125 0.06875 0.1328125
30 0.2203125 0.59296875 0.078125 0.121875
31 0.18828125 0.55 0.0796875 0.125