0 0.43515625 0.3109375 0.14375 0.2578125
1 0.3453125 0.325 0.1109375 0.240625
2 0.2828125 0.30625 0.1 0.234375
3 0.24609375 0.31328125 0.0765625 0.1625
4 0.21171875 0.31484375 0.096875 0.1671875
5 0.16640625 0.30859375 0.075 0.1375
8 0.55078125 0.30390625 0.140625 0.2578125
9 0.625 0.3421875 0.090625 0.203125
10 0.68125 0.34375 0.109375 0.253125
11 0.725 0.34609375 0.084375 0.19375
12 0.7703125 0.34609375 0.059375 0.1578125
13 0.8140625 0.3078125 0.071875 0.15
16 0.4875 0.6875 0.1015625 0.2265625
17 0.54921875 0.67890625 0.0828125 0.196875
19 0.59453125 0.6765625 0.08125 0.2234375
20 0.62421875 0.68203125 0.0609375 0.1671875
21 0.68125 0.6421875 0.1546875 0.203125
22 0.73359375 0.58125 0.15625 0.1640625
25 0.41328125 0.703125 0.1125 0.2296875
26 0.35 0.6890625 0.09375 0.2078125
27 0.290625 0.67578125 0.084375 0.196875
28 0.2484375 0.6703125 0.0859375 0.1453125
30 0.196875 0.5546875 0.15625 0.1671875