0 0.4296875 0.40078125 0.1125 0.178125
1 0.37109375 0.4203125 0.08125 0.1484375
2 0.32265625 0.41484375 0.0828125 0.171875
3 0.29765625 0.42734375 0.0375 0.109375
4 0.27578125 0.40546875 0.046875 0.1078125
5 0.25390625 0.39453125 0.0421875 0.0875
6 0.23046875 0.36875 0.0359375 0.08125
8 0.503125 0.3875 0.103125 0.1703125
9 0.55390625 0.396875 0.0640625 0.13125
10 0.59453125 0.40546875 0.0609375 0.1609375
11 0.61484375 0.39375 0.028125 0.0875
12 0.62578125 0.4046875 0.0328125 0.09375
13 0.6375 0.38671875 0.0375 0.0890625
14 0.6578125 0.3625 0.0359375 0.0796875
16 0.484375 0.54765625 0.075 0.1140625
17 0.53671875 0.5609375 0.0796875 0.1453125
19 0.58046875 0.60234375 0.08125 0.1640625
20 0.60703125 0.578125 0.05625 0.121875
21 0.6203125 0.55390625 0.0546875 0.1
22 0.6234375 0.53125 0.103125 0.115625
23 0.64140625 0.49296875 0.09375 0.109375
24 0.6453125 0.44375 0.0734375 0.084375
25 0.4375 0.55 0.06875 0.0984375
26 0.409375 0.60859375 0.084375 0.1265625
27 0.3703125 0.590625 0.084375 0.146875
28 0.33828125 0.58046875 0.0703125 0.1234375
29 0.30234375 0.56953125 0.0859375 0.1171875
30 0.265625 0.5375 0.08125 0.115625
31 0.24140625 0.50546875 0.06875 0.1015625