0 0.3828125 0.38515625 0.1125 0.1703125
1 0.3109375 0.378125 0.0875 0.1609375
2 0.26953125 0.3875 0.075 0.140625
3 0.234375 0.4046875 0.0640625 0.1109375
4 0.2109375 0.40234375 0.059375 0.115625
5 0.18828125 0.40390625 0.06875 0.11875
8 0.46640625 0.38359375 0.1171875 0.165625
9 0.534375 0.3671875 0.090625 0.1671875
10 0.5828125 0.37421875 0.0828125 0.14375
11 0.6234375 0.37890625 0.06875 0.11875
12 0.6546875 0.38125 0.0609375 0.11875
13 0.68359375 0.378125 0.065625 0.11875
16 0.44921875 0.52734375 0.075 0.140625
17 0.49375 0.52421875 0.0859375 0.1515625
19 0.55 0.54140625 0.096875 0.20625
20 0.584375 0.50078125 0.0765625 0.140625
21 0.6203125 0.503125 0.0734375 0.1421875
22 0.65390625 0.49921875 0.0703125 0.11875
23 0.67734375 0.48125 0.06875 0.115625
25 0.4 0.5234375 0.0734375 0.1421875
26 0.3515625 0.51953125 0.0890625 0.1421875
27 0.30390625 0.5234375 0.0828125 0.16875
28 0.27109375 0.50390625 0.08125 0.128125
29 0.24921875 0.49609375 0.06875 0.103125
30 0.225 0.4984375 0.06875 0.0890625
31 0.1984375 0.48671875 0.0859375 0.109375