0 0.446875 0.3125 0.1453125 0.22578125
1 0.3625 0.3109375 0.0953125 0.17578125
2 0.30390625 0.309375 0.09921875 0.1875
3 0.25859375 0.33046875 0.09296875 0.140625
4 0.21796875 0.32578125 0.06328125 0.146875
5 0.18671875 0.29765625 0.04453125 0.096875
6 0.16953125 0.29765625 0.021875 0.078125
8 0.54765625 0.33828125 0.11484375 0.2015625
9 0.62265625 0.325 0.0796875 0.1796875
10 0.68671875 0.2828125 0.0828125 0.178125
11 0.72109375 0.33515625 0.046875 0.13828125
12 0.734375 0.34453125 0.028125 0.13828125
13 0.7625 0.334375 0.04609375 0.13046875
16 0.51171875 0.59375 0.09375 0.20078125
17 0.57265625 0.5921875 0.08515625 0.15546875
19 0.625 0.59453125 0.08046875 0.21484375
20 0.6671875 0.578125 0.0640625 0.14921875
21 0.69765625 0.56953125 0.06953125 0.13828125
22 0.70703125 0.5203125 0.09609375 0.1359375
25 0.45 0.59296875 0.0875 0.16640625
26 0.39609375 0.5828125 0.09296875 0.146875
27 0.3265625 0.5921875 0.0859375 0.18515625
28 0.28671875 0.565625 0.09296875 0.15859375
29 0.228125 0.5484375 0.075 0.121875
30 0.20546875 0.50625 0.11484375 0.15546875
31 0.1828125 0.45703125 0.0984375 0.14453125
32 0.1875 0.38984375 0.08203125 0.0984375