0 0.4578125 0.490625 0.1109375 0.153125
1 0.3859375 0.515625 0.0828125 0.103125
2 0.3234375 0.5203125 0.078125 0.1375
3 0.271875 0.54375 0.0875 0.1390625
5 0.21796875 0.546875 0.0875 0.1515625
10 0.6859375 0.534375 0.103125 0.1984375
11 0.73515625 0.53515625 0.0546875 0.1421875
25 0.459375 0.5828125 0.0984375 0.175
26 0.3953125 0.584375 0.0953125 0.1578125
27 0.34765625 0.596875 0.0796875 0.1703125
28 0.29296875 0.62578125 0.06875 0.1109375
29 0.25 0.6375 0.065625 0.1203125
30 0.20703125 0.64921875 0.084375 0.11875
16 0.52109375 0.5734375 0.0859375 0.1828125
17 0.575 0.553125 0.1078125 0.1515625
19 0.62734375 0.540625 0.0875 0.1734375
20 0.665625 0.603125 0.0578125 0.1015625
21 0.6921875 0.62578125 0.0359375 0.0765625
23 0.76796875 0.559375 0.0671875 0.128125