0 0.459375 0.37578125 0.1671875 0.2359375
1 0.365625 0.365625 0.1328125 0.2484375
2 0.2890625 0.359375 0.14375 0.25
3 0.22265625 0.38046875 0.1390625 0.1875
4 0.16171875 0.39296875 0.0875 0.16875
5 0.12578125 0.38671875 0.06875 0.1765625
8 0.565625 0.37578125 0.15 0.228125
9 0.65 0.3671875 0.1125 0.203125
10 0.71328125 0.3625 0.0875 0.2125
11 0.75234375 0.3796875 0.0546875 0.165625
12 0.78359375 0.3796875 0.053125 0.1328125
13 0.80078125 0.36484375 0.065625 0.1875
16 0.53125 0.6703125 0.1078125 0.2265625
17 0.5953125 0.67109375 0.109375 0.23125
19 0.66015625 0.665625 0.1140625 0.24375
20 0.71015625 0.64453125 0.109375 0.1859375
21 0.74375 0.62421875 0.08125 0.171875
22 0.7765625 0.61875 0.1 0.1671875
23 0.81640625 0.603125 0.0921875 0.165625
25 0.46484375 0.66640625 0.1265625 0.23125
26 0.396875 0.67578125 0.1140625 0.2375
27 0.33203125 0.69296875 0.109375 0.2125
28 0.2703125 0.66484375 0.0875 0.1734375
29 0.24375 0.6359375 0.121875 0.1796875
30 0.1734375 0.63671875 0.0796875 0.1484375
31 0.134375 0.6296875 0.0734375 0.146875
32 0.13984375 0.56796875 0.1015625 0.11875