0 0.43984375 0.39296875 0.1625 0.2109375
1 0.33984375 0.403125 0.1375 0.19375
2 0.26953125 0.425 0.140625 0.240625
3 0.23125 0.4765625 0.09375 0.190625
4 0.18828125 0.4671875 0.0765625 0.1921875
5 0.159375 0.4640625 0.0421875 0.1609375
6 0.14375 0.43515625 0.0578125 0.184375
7 0.1265625 0.41484375 0.059375 0.1765625
8 0.5453125 0.39140625 0.1390625 0.190625
9 0.634375 0.38359375 0.1015625 0.175
10 0.69765625 0.36875 0.10625 0.24375
11 0.74609375 0.39296875 0.0546875 0.1578125
12 0.77421875 0.38671875 0.05625 0.178125
13 0.79609375 0.36015625 0.05625 0.1625
14 0.81171875 0.31875 0.0703125 0.1515625
16 0.54765625 0.67109375 0.0890625 0.178125
17 0.609375 0.6890625 0.0953125 0.203125
19 0.68125 0.68515625 0.1140625 0.196875
20 0.73828125 0.67578125 0.109375 0.1703125
21 0.77109375 0.63984375 0.0875 0.153125
22 0.81328125 0.6171875 0.1484375 0.1796875
23 0.85234375 0.55 0.11875 0.14375
25 0.49453125 0.68515625 0.1 0.1734375
26 0.434375 0.71171875 0.109375 0.2171875
27 0.3734375 0.73671875 0.1125 0.253125
28 0.3125 0.72578125 0.0953125 0.190625
29 0.25390625 0.72421875 0.0765625 0.1734375
31 0.18828125 0.68671875 0.1375 0.2828125