0 0.428125 0.390625 0.0953125 0.1734375
1 0.36328125 0.3875 0.065625 0.1796875
2 0.31640625 0.37890625 0.05703125 0.17578125
3 0.28359375 0.38671875 0.0328125 0.15859375
4 0.26328125 0.3953125 0.0359375 0.140625
8 0.50703125 0.3921875 0.084375 0.18984375
9 0.575 0.3953125 0.06484375 0.15859375
10 0.62421875 0.3953125 0.0625 0.1796875
11 0.65859375 0.40703125 0.03359375 0.15234375
12 0.67578125 0.396875 0.03046875 0.1421875
13 0.69765625 0.3859375 0.0484375 0.14453125
16 0.5015625 0.59296875 0.05703125 0.21015625
17 0.54296875 0.58125 0.05390625 0.178125
19 0.590625 0.5859375 0.0625 0.190625
20 0.634375 0.57265625 0.0671875 0.15078125
21 0.6609375 0.5484375 0.05625 0.11328125
22 0.68828125 0.5296875 0.04296875 0.11328125
25 0.4578125 0.59453125 0.05390625 0.21015625
26 0.4140625 0.584375 0.0546875 0.19609375
27 0.36796875 0.584375 0.065625 0.2015625
28 0.325 0.56796875 0.0671875 0.17265625
29 0.29296875 0.55546875 0.05859375 0.16484375
30 0.265625 0.54140625 0.05234375 0.14453125