0 0.44921875 0.42421875 0.11796875 0.21328125
1 0.35703125 0.4171875 0.08671875 0.17265625
2 0.2875 0.4171875 0.08046875 0.1953125
3 0.24375 0.4390625 0.0671875 0.15078125
4 0.21875 0.44140625 0.0453125 0.13359375
5 0.19375 0.4359375 0.03984375 0.11875
6 0.17578125 0.4171875 0.03203125 0.10859375
8 0.55 0.42421875 0.11015625 0.2125
9 0.62890625 0.42109375 0.09375 0.19296875
10 0.69609375 0.40546875 0.08203125 0.22421875
11 0.73984375 0.4375 0.05546875 0.15859375
12 0.7671875 0.43671875 0.04296875 0.13359375
13 0.79375 0.4375 0.03671875 0.1203125
14 0.809375 0.4328125 0.028125 0.11484375
16 0.540625 0.62734375 0.08203125 0.1953125
17 0.6078125 0.6234375 0.07578125 0.1984375
19 0.6734375 0.6390625 0.08671875 0.20546875
20 0.72734375 0.61015625 0.08203125 0.17109375
21 0.77109375 0.59140625 0.0625 0.13359375
22 0.7765625 0.57734375 0.1234375 0.14765625
25 0.47578125 0.62734375 0.0796875 0.196875
26 0.4046875 0.62265625 0.08515625 0.1734375
27 0.33984375 0.6046875 0.07578125 0.19921875
28 0.29140625 0.5859375 0.0828125 0.175
29 0.25234375 0.5828125 0.071875 0.13203125
30 0.215625 0.57265625 0.07734375 0.140625
31 0.190625 0.525 0.07578125 0.11875