0 0.428125 0.403125 0.1515625 0.26484375
1 0.31953125 0.3890625 0.11875 0.20390625
2 0.240625 0.4109375 0.10546875 0.2109375
3 0.1859375 0.43671875 0.07890625 0.17578125
4 0.13203125 0.440625 0.06953125 0.17265625
5 0.0921875 0.45546875 0.053125 0.15625
8 0.54296875 0.40546875 0.13515625 0.2421875
9 0.6296875 0.4015625 0.0921875 0.22421875
10 0.6921875 0.41171875 0.06015625 0.2140625
11 0.72578125 0.44296875 0.03828125 0.16328125
12 0.74375 0.44375 0.04609375 0.17578125
13 0.76953125 0.44765625 0.02109375 0.15546875
14 0.778125 0.44375 0.0109375 0.13359375
25 0.44921875 0.53125 0.08828125 0.11484375
26 0.37578125 0.51796875 0.1046875 0.1515625
27 0.2921875 0.53984375 0.128125 0.23671875
28 0.225 0.54765625 0.05625 0.14140625
29 0.178125 0.546875 0.06484375 0.125
30 0.125 0.56015625 0.07421875 0.1546875
16 0.5171875 0.5265625 0.08046875 0.11171875
17 0.5921875 0.52578125 0.075 0.14921875
19 0.6609375 0.5390625 0.07734375 0.2125
20 0.703125 0.55 0.03203125 0.1
21 0.72265625 0.5515625 0.03515625 0.0828125
22 0.7484375 0.5578125 0.0484375 0.09296875
23 0.7734375 0.559375 0.0328125 0.078125