0 0.46328125 0.41171875 0.13203125 0.19296875
1 0.37890625 0.4015625 0.0921875 0.16640625
2 0.31640625 0.40390625 0.07578125 0.1734375
3 0.25390625 0.396875 0.059375 0.16171875
4 0.21640625 0.39765625 0.06171875 0.15859375
5 0.18046875 0.39453125 0.0546875 0.1015625
6 0.15078125 0.3703125 0.0515625 0.1109375
8 0.5546875 0.3984375 0.10078125 0.19296875
9 0.6234375 0.38828125 0.08046875 0.1609375
10 0.6703125 0.36875 0.05859375 0.1703125
11 0.7125 0.371875 0.046875 0.134375
12 0.74140625 0.36640625 0.0390625 0.1078125
25 0.4515625 0.575 0.0890625 0.153125
26 0.38828125 0.58671875 0.08203125 0.18046875
27 0.32734375 0.5609375 0.084375 0.18671875
28 0.275 0.54609375 0.06328125 0.1484375
29 0.2234375 0.5234375 0.0796875 0.15078125
30 0.175 0.4890625 0.06640625 0.13203125
16 0.515625 0.5921875 0.07734375 0.14609375
17 0.5640625 0.57421875 0.06640625 0.134375
19 0.6125 0.56953125 0.06171875 0.1390625
20 0.6609375 0.56484375 0.059375 0.14375
21 0.69140625 0.54765625 0.05078125 0.14296875
22 0.7234375 0.5234375 0.06796875 0.1359375