0 0.4703125 0.43984375 0.1171875 0.178125
1 0.396875 0.43359375 0.115625 0.1890625
2 0.34296875 0.42890625 0.0796875 0.178125
3 0.3109375 0.42109375 0.0609375 0.140625
4 0.296875 0.43046875 0.046875 0.103125
5 0.27890625 0.425 0.0453125 0.1
6 0.2609375 0.41640625 0.0390625 0.103125
8 0.540625 0.43046875 0.1 0.1640625
9 0.6140625 0.41484375 0.075 0.1640625
10 0.66171875 0.41875 0.0640625 0.165625
11 0.703125 0.4234375 0.0546875 0.15625
12 0.728125 0.43359375 0.0390625 0.0953125
13 0.753125 0.42734375 0.046875 0.1140625
14 0.7796875 0.4140625 0.040625 0.0984375
15 0.80234375 0.3859375 0.0234375 0.0421875
16 0.5375 0.5828125 0.08125 0.1359375
17 0.5953125 0.57734375 0.078125 0.1390625
19 0.6453125 0.58984375 0.078125 0.159375
20 0.68125 0.578125 0.0609375 0.1609375
21 0.709375 0.5671875 0.0671875 0.159375
22 0.73671875 0.54921875 0.078125 0.146875
23 0.76640625 0.50078125 0.06875 0.09375
25 0.484375 0.57421875 0.0859375 0.1546875
26 0.43125 0.57890625 0.075 0.14375
27 0.37890625 0.58203125 0.078125 0.1625
28 0.34453125 0.57890625 0.0625 0.15625
29 0.32109375 0.56328125 0.0421875 0.15
30 0.296875 0.5515625 0.0515625 0.1359375
31 0.2875 0.51171875 0.0484375 0.115625
32 0.2625 0.459375 0.028125 0.053125