0 0.475 0.4296875 0.1 0.153125
1 0.4234375 0.4125 0.0765625 0.140625
2 0.37890625 0.4 0.0828125 0.1578125
3 0.34296875 0.4015625 0.0609375 0.1203125
4 0.3171875 0.39296875 0.0578125 0.1234375
5 0.29609375 0.38515625 0.05625 0.1203125
6 0.28046875 0.36796875 0.0484375 0.109375
8 0.5421875 0.43828125 0.0984375 0.15625
9 0.5953125 0.4390625 0.0703125 0.1375
10 0.6328125 0.43359375 0.0671875 0.1578125
11 0.65703125 0.43671875 0.0578125 0.1328125
12 0.67578125 0.43984375 0.040625 0.1125
13 0.690625 0.4390625 0.0375 0.1
14 0.70390625 0.4265625 0.034375 0.1015625
16 0.5203125 0.58671875 0.078125 0.140625
17 0.56875 0.5875 0.0875 0.1625
19 0.60546875 0.58125 0.075 0.1328125
20 0.63203125 0.5859375 0.071875 0.1234375
21 0.6609375 0.55390625 0.0828125 0.1109375
22 0.68046875 0.5 0.0734375 0.09375
25 0.47890625 0.57578125 0.06875 0.1140625
26 0.44140625 0.58203125 0.071875 0.128125
27 0.39921875 0.56953125 0.090625 0.1609375
28 0.353125 0.56328125 0.0828125 0.128125
29 0.33515625 0.5390625 0.0734375 0.10625
30 0.30703125 0.52734375 0.0765625 0.109375
31 0.2921875 0.49140625 0.0671875 0.1015625
32 0.27890625 0.45859375 0.0546875 0.078125