0 0.45625 0.3890625 0.13359375 0.221875
1 0.359375 0.36875 0.0890625 0.190625
2 0.3015625 0.35859375 0.09453125 0.19921875
3 0.25078125 0.3640625 0.084375 0.16796875
4 0.2140625 0.3375 0.05390625 0.1359375
5 0.1828125 0.3234375 0.04921875 0.1125
6 0.159375 0.29609375 0.03828125 0.05078125
8 0.571875 0.39140625 0.1421875 0.221875
9 0.65078125 0.38515625 0.1 0.19765625
10 0.71875 0.378125 0.08359375 0.221875
11 0.7703125 0.38515625 0.06328125 0.1640625
12 0.803125 0.3734375 0.0484375 0.1328125
13 0.8359375 0.3546875 0.04765625 0.109375
14 0.8609375 0.3359375 0.0171875 0.04296875
25 0.4671875 0.5 0.0875 0.115625
26 0.39765625 0.49921875 0.07890625 0.13359375
27 0.340625 0.49375 0.0828125 0.153125
28 0.2765625 0.475 0.08359375 0.134375
29 0.23515625 0.4421875 0.04375 0.09609375
30 0.20390625 0.41875 0.06484375 0.1046875
31 0.17109375 0.36484375 0.040625 0.0640625
16 0.528125 0.4984375 0.07265625 0.1125
17 0.59765625 0.50546875 0.06953125 0.1171875
19 0.65546875 0.50546875 0.0796875 0.1265625
20 0.71640625 0.50078125 0.07734375 0.13125
21 0.76015625 0.47578125 0.06484375 0.1046875
22 0.80390625 0.4375 0.0703125 0.103125
23 0.840625 0.39609375 0.0453125 0.0671875