0 0.48125 0.4296875 0.1125 0.2046875
1 0.38984375 0.41328125 0.08515625 0.18671875
2 0.334375 0.396875 0.08046875 0.196875
3 0.2953125 0.415625 0.0703125 0.1671875
4 0.26171875 0.42109375 0.040625 0.13828125
5 0.23359375 0.440625 0.07578125 0.159375
8 0.5875 0.428125 0.1078125 0.18203125
9 0.6625 0.42421875 0.08125 0.18125
10 0.72109375 0.4359375 0.06875 0.17890625
11 0.759375 0.44140625 0.04921875 0.16328125
12 0.7875 0.41953125 0.04296875 0.1546875
25 0.49375 0.6 0.0734375 0.2125
26 0.440625 0.571875 0.06875 0.15
27 0.4015625 0.60546875 0.090625 0.20078125
28 0.35078125 0.57421875 0.0859375 0.17109375
29 0.28671875 0.57578125 0.11484375 0.22734375
16 0.540625 0.58125 0.0625 0.17265625
17 0.59453125 0.61328125 0.08125 0.2015625
19 0.64140625 0.58515625 0.065625 0.1640625
20 0.68046875 0.60234375 0.07109375 0.20703125