0 0.42265625 0.43984375 0.184375 0.259375
1 0.3203125 0.396875 0.1375 0.2515625
2 0.25078125 0.3984375 0.1140625 0.1890625
3 0.2109375 0.41015625 0.08125 0.1328125
4 0.1828125 0.44140625 0.0703125 0.1375
5 0.15 0.38671875 0.096875 0.18125
6 0.11015625 0.41640625 0.1140625 0.178125
0 0.534375 0.45625 0.165625 0.2328125
1 0.621875 0.4640625 0.13125 0.2171875
2 0.6796875 0.4703125 0.1078125 0.2140625
3 0.7125 0.49765625 0.0765625 0.1703125
4 0.73515625 0.5140625 0.0578125 0.15625
5 0.771875 0.5109375 0.084375 0.1546875
6 0.8078125 0.51484375 0.05 0.115625
25 0.3609375 0.70390625 0.11875 0.2359375
26 0.30625 0.6671875 0.121875 0.2078125
27 0.25 0.67890625 0.13125 0.228125
16 0.4234375 0.68359375 0.121875 0.2109375
17 0.4953125 0.7 0.1265625 0.221875
19 0.55859375 0.72265625 0.115625 0.228125
20 0.6171875 0.7203125 0.0984375 0.2140625
21 0.6546875 0.709375 0.071875 0.159375
22 0.678125 0.6890625 0.1421875 0.2
23 0.71875 0.6671875 0.1421875 0.18125
28 0.19140625 0.6359375 0.0796875 0.165625
29 0.15546875 0.628125 0.053125 0.125
30 0.146875 0.58671875 0.1171875 0.15625