0 0.45859375 0.42265625 0.0875 0.1640625
1 0.39140625 0.415625 0.06953125 0.1296875
2 0.3375 0.4 0.0734375 0.14609375
3 0.29375 0.40859375 0.065625 0.13515625
4 0.2734375 0.42578125 0.04296875 0.10703125
5 0.2515625 0.4203125 0.04375 0.10859375
6 0.2296875 0.41171875 0.0421875 0.11015625
8 0.5375 0.43046875 0.0859375 0.15859375
9 0.59765625 0.42734375 0.05859375 0.14375
10 0.64140625 0.428125 0.0609375 0.13515625
11 0.67109375 0.4390625 0.046875 0.11875
12 0.68828125 0.44765625 0.03671875 0.0984375
13 0.70390625 0.44140625 0.01640625 0.0921875
16 0.4984375 0.64609375 0.0546875 0.121875
17 0.54140625 0.6453125 0.0546875 0.11875
19 0.58359375 0.66328125 0.06015625 0.1265625
20 0.61953125 0.64375 0.0578125 0.115625
21 0.646875 0.63671875 0.04609375 0.10859375
22 0.67421875 0.6140625 0.04140625 0.09296875
25 0.45390625 0.6375 0.0546875 0.12109375
26 0.40390625 0.6390625 0.0625 0.1296875
27 0.35546875 0.64375 0.0640625 0.140625
28 0.3140625 0.63203125 0.05625 0.11875
29 0.28671875 0.62734375 0.04375 0.11875
30 0.25625 0.6140625 0.05546875 0.10625
31 0.2203125 0.5796875 0.05703125 0.10859375