25 0.4109375 0.6328125 0.11171875 0.2203125
26 0.3296875 0.62109375 0.1140625 0.21796875
27 0.24296875 0.6640625 0.11484375 0.33828125
16 0.49453125 0.66171875 0.084375 0.25546875
17 0.5640625 0.6515625 0.1015625 0.22421875
19 0.63671875 0.653125 0.1203125 0.30078125
20 0.71328125 0.628125 0.07265625 0.2125
8 0.5359375 0.38828125 0.1796875 0.26640625
9 0.65078125 0.37421875 0.12890625 0.25234375
10 0.7390625 0.37734375 0.0984375 0.2421875
11 0.7859375 0.3890625 0.0546875 0.19921875
0 0.3875 0.36640625 0.17421875 0.2828125
1 0.278125 0.38203125 0.1171875 0.20859375
2 0.20859375 0.3671875 0.0828125 0.24375
3 0.1640625 0.37109375 0.04140625 0.1921875
4 0.1453125 0.34921875 0.021875 0.146875
5 0.12734375 0.3671875 0.0359375 0.16953125
6 0.10546875 0.371875 0.02421875 0.165625