0 0.4453125 0.4484375 0.134375 0.2109375
1 0.37734375 0.4625 0.10625 0.1734375
2 0.33046875 0.490625 0.096875 0.1609375
3 0.30234375 0.51640625 0.0875 0.140625
4 0.2796875 0.5359375 0.0625 0.1078125
5 0.259375 0.53203125 0.046875 0.1
6 0.24453125 0.52734375 0.0375 0.0875
8 0.52578125 0.4359375 0.125 0.19375
9 0.590625 0.42109375 0.0921875 0.171875
10 0.63984375 0.4234375 0.08125 0.1765625
11 0.68359375 0.4375 0.0515625 0.140625
12 0.7015625 0.45390625 0.034375 0.1
13 0.7140625 0.45 0.0328125 0.0921875
25 0.48671875 0.55234375 0.075 0.1109375
26 0.44140625 0.55625 0.078125 0.13125
27 0.39765625 0.56796875 0.0890625 0.1453125
28 0.3515625 0.58359375 0.08125 0.1203125
29 0.321875 0.5890625 0.0390625 0.065625
30 0.30390625 0.60078125 0.053125 0.0796875
31 0.271875 0.59140625 0.040625 0.05
16 0.53359375 0.5421875 0.0734375 0.1171875
17 0.5828125 0.53359375 0.0765625 0.128125
19 0.63203125 0.53671875 0.0921875 0.1515625
20 0.66796875 0.5328125 0.0703125 0.1265625
21 0.6921875 0.52890625 0.0390625 0.08125
22 0.7109375 0.5296875 0.0421875 0.071875
23 0.7234375 0.5125 0.0375 0.053125