0 0.446875 0.3359375 0.13671875 0.221875
1 0.36015625 0.340625 0.0984375 0.19296875
2 0.28515625 0.3046875 0.08984375 0.25546875
3 0.23046875 0.32734375 0.08984375 0.21484375
4 0.1828125 0.34921875 0.0546875 0.16171875
5 0.14765625 0.3375 0.059375 0.16171875
6 0.11640625 0.3359375 0.0578125 0.115625
8 0.56328125 0.33203125 0.125 0.24375
9 0.65859375 0.33984375 0.08359375 0.22890625
10 0.72421875 0.3265625 0.08359375 0.26015625
11 0.7796875 0.353125 0.053125 0.20234375
12 0.809375 0.36015625 0.03828125 0.20703125
13 0.825 0.33203125 0.0234375 0.16171875
14 0.84453125 0.31171875 0.0328125 0.14296875
16 0.5265625 0.59609375 0.084375 0.1734375
17 0.5921875 0.59453125 0.08671875 0.19609375
19 0.665625 0.59921875 0.10078125 0.21875
20 0.74140625 0.6109375 0.0890625 0.20859375
22 0.79765625 0.56953125 0.15078125 0.20703125
23 0.84609375 0.46640625 0.13828125 0.20234375
25 0.46328125 0.59609375 0.09453125 0.18984375
26 0.40234375 0.625 0.11875 0.25390625
27 0.321875 0.6203125 0.1 0.23828125
28 0.25859375 0.59921875 0.09453125 0.215625
30 0.1921875 0.57578125 0.12109375 0.19609375
31 0.14765625 0.48046875 0.13515625 0.1734375