0 0.4484375 0.39453125 0.128125 0.2125
1 0.38203125 0.40234375 0.0875 0.1578125
2 0.33125 0.396875 0.090625 0.18125
3 0.30390625 0.41875 0.0546875 0.13125
4 0.28046875 0.42578125 0.0578125 0.128125
5 0.25703125 0.415625 0.0609375 0.1078125
8 0.53203125 0.39296875 0.1171875 0.1828125
9 0.5984375 0.37578125 0.09375 0.1640625
10 0.64375 0.375 0.0796875 0.1734375
11 0.675 0.38203125 0.0609375 0.1390625
12 0.70078125 0.3734375 0.0625 0.1484375
13 0.72734375 0.36015625 0.0625 0.1453125
16 0.5578125 0.515625 0.078125 0.1640625
17 0.60234375 0.5046875 0.08125 0.1375
19 0.63828125 0.50625 0.071875 0.153125
20 0.6703125 0.50078125 0.0640625 0.1484375
21 0.7015625 0.48515625 0.0703125 0.1359375
22 0.7296875 0.465625 0.0625 0.125
25 0.51328125 0.52265625 0.0828125 0.1375
26 0.46875 0.525 0.08125 0.1328125
27 0.4171875 0.52109375 0.0828125 0.14375
28 0.365625 0.52265625 0.0765625 0.146875
29 0.33125 0.52578125 0.0625 0.125
30 0.3046875 0.515625 0.06875 0.125
31 0.2796875 0.50234375 0.0640625 0.1140625