0 0.415625 0.32890625 0.1734375 0.353125
1 0.2921875 0.31640625 0.134375 0.31796875
2 0.20625 0.325 0.109375 0.34140625
3 0.146875 0.346875 0.08984375 0.32734375
4 0.10390625 0.3375 0.0625 0.30078125
5 0.08203125 0.30703125 0.05234375 0.2453125
8 0.5671875 0.33125 0.1703125 0.33203125
9 0.6921875 0.33984375 0.1171875 0.303125
10 0.784375 0.328125 0.1046875 0.33046875
11 0.8421875 0.35625 0.05859375 0.26796875
12 0.88359375 0.3296875 0.06484375 0.25234375
13 0.90546875 0.2671875 0.075 0.2171875
14 0.9234375 0.24609375 0.06484375 0.19765625
25 0.4734375 0.7453125 0.115625 0.3671875
26 0.39375 0.7421875 0.10546875 0.3640625
27 0.2984375 0.7203125 0.13359375 0.3796875
28 0.22734375 0.69296875 0.1140625 0.2671875
29 0.1640625 0.70703125 0.109375 0.240625
30 0.11953125 0.6421875 0.17265625 0.2328125
16 0.54375 0.746875 0.11015625 0.340625
17 0.61015625 0.75625 0.10859375 0.33203125
19 0.6984375 0.75 0.13515625 0.346875
20 0.7859375 0.73203125 0.11328125 0.2421875
21 0.8140625 0.6671875 0.15390625 0.215625
22 0.84609375 0.60234375 0.17421875 0.25
23 0.91484375 0.47734375 0.12734375 0.25