0 0.40859375 0.49453125 0.109375 0.1921875
1 0.33984375 0.48671875 0.0640625 0.16328125
2 0.29453125 0.4859375 0.0625 0.16171875
3 0.25703125 0.48671875 0.04609375 0.1515625
4 0.24140625 0.50234375 0.03515625 0.11328125
5 0.2203125 0.49296875 0.04296875 0.11328125
8 0.5015625 0.5015625 0.10078125 0.19765625
9 0.5640625 0.49453125 0.06171875 0.1703125
10 0.6125 0.50703125 0.06640625 0.159375
11 0.640625 0.5265625 0.0390625 0.11796875
12 0.66328125 0.5390625 0.02734375 0.1125
13 0.6875 0.53671875 0.0359375 0.10625
14 0.70703125 0.53828125 0.021875 0.0671875
25 0.43671875 0.6234375 0.06171875 0.1609375
26 0.3859375 0.61484375 0.05859375 0.14453125
27 0.33671875 0.60078125 0.0671875 0.1390625
28 0.29609375 0.5796875 0.053125 0.10625
29 0.265625 0.56796875 0.04375 0.06953125
30 0.23671875 0.5578125 0.04296875 0.07890625
16 0.4875 0.628125 0.05546875 0.15703125
17 0.53359375 0.62578125 0.05078125 0.1484375
19 0.58125 0.63828125 0.06015625 0.1609375
20 0.61796875 0.609375 0.03515625 0.10078125
21 0.64765625 0.60859375 0.0328125 0.084375
22 0.66953125 0.59921875 0.04296875 0.08828125
23 0.690625 0.60390625 0.02109375 0.05703125