0 0.45859375 0.375 0.1640625 0.259375
1 0.35703125 0.38828125 0.109375 0.2171875
2 0.28671875 0.3796875 0.0953125 0.20625
3 0.2640625 0.41640625 0.08125 0.16875
4 0.23828125 0.421875 0.071875 0.15
5 0.19609375 0.39140625 0.06875 0.1359375
6 0.16328125 0.3734375 0.04375 0.1125
8 0.575 0.39296875 0.15625 0.234375
9 0.68125 0.39296875 0.1140625 0.2171875
10 0.75703125 0.396875 0.090625 0.2234375
11 0.8 0.41875 0.0609375 0.16875
12 0.828125 0.41796875 0.05625 0.1515625
13 0.86328125 0.40703125 0.05 0.0890625
25 0.425 0.6078125 0.0890625 0.20625
26 0.35078125 0.61640625 0.0984375 0.203125
27 0.29921875 0.59609375 0.0703125 0.190625
28 0.23984375 0.61328125 0.0890625 0.15
16 0.49296875 0.6 0.109375 0.1921875
17 0.5828125 0.60390625 0.1234375 0.2078125
19 0.6640625 0.58984375 0.1109375 0.190625
20 0.725 0.56796875 0.103125 0.2015625
21 0.7625 0.5421875 0.078125 0.1421875
22 0.81015625 0.5234375 0.1140625 0.1375
23 0.84609375 0.46640625 0.0703125 0.0953125
29 0.22265625 0.5421875 0.1046875 0.1609375
30 0.190625 0.46875 0.0671875 0.1125