0 0.6015625 0.48828125 0.15625 0.190625
1 0.51328125 0.4671875 0.1296875 0.175
2 0.42265625 0.44140625 0.109375 0.1578125
3 0.36015625 0.4375 0.10625 0.146875
4 0.31015625 0.43125 0.090625 0.1359375
5 0.27109375 0.41484375 0.0921875 0.1328125
8 0.7109375 0.50390625 0.146875 0.1765625
9 0.78984375 0.48046875 0.1078125 0.1734375
10 0.840625 0.47578125 0.075 0.128125
11 0.846875 0.5015625 0.0703125 0.125
25 0.6203125 0.57421875 0.0921875 0.0796875
26 0.54375 0.55546875 0.0953125 0.078125
27 0.46875 0.5421875 0.1015625 0.1453125
28 0.4 0.53828125 0.090625 0.125
29 0.340625 0.51953125 0.08125 0.10625
30 0.284375 0.49375 0.09375 0.10625
16 0.6828125 0.58359375 0.0765625 0.0734375
17 0.74296875 0.575 0.0671875 0.0796875
19 0.78828125 0.578125 0.0625 0.1
20 0.8125 0.58671875 0.034375 0.0703125
21 0.821875 0.57265625 0.0390625 0.0671875
32 0.2484375 0.4296875 0.0453125 0.0703125