0 0.44453125 0.40703125 0.11875 0.178125
1 0.384375 0.41953125 0.0828125 0.140625
2 0.33671875 0.40078125 0.05390625 0.16953125
3 0.31484375 0.4171875 0.0328125 0.11015625
5 0.27890625 0.353125 0.046875 0.0625
8 0.5203125 0.41796875 0.08671875 0.1546875
9 0.57421875 0.4140625 0.065625 0.14609375
10 0.61640625 0.42578125 0.059375 0.1546875
11 0.64609375 0.4109375 0.040625 0.15859375
12 0.66484375 0.415625 0.02734375 0.1421875
13 0.68046875 0.41875 0.03125 0.14375
16 0.53203125 0.63984375 0.05859375 0.11953125
17 0.57734375 0.6375 0.05625 0.1109375
19 0.60390625 0.62265625 0.05078125 0.12578125
20 0.63203125 0.60859375 0.05859375 0.11796875
21 0.6703125 0.6078125 0.05234375 0.0953125
22 0.68359375 0.57734375 0.0765625 0.12265625
23 0.6875 0.51171875 0.08125 0.11015625
25 0.48515625 0.6375 0.0578125 0.125
26 0.4453125 0.63984375 0.05703125 0.13515625
27 0.40234375 0.64453125 0.0609375 0.12734375
28 0.36328125 0.6328125 0.05546875 0.1125
29 0.3453125 0.62421875 0.06640625 0.09765625
30 0.321875 0.57734375 0.09765625 0.12421875
31 0.3 0.503125 0.09453125 0.1421875