0 0.4265625 0.46640625 0.1890625 0.2515625
1 0.32421875 0.46875 0.14375 0.234375
2 0.2359375 0.45390625 0.178125 0.2640625
3 0.1515625 0.42734375 0.15625 0.2578125
4 0.09375 0.428125 0.14375 0.2484375
5 0.05625 0.43984375 0.1125 0.2484375
8 0.56875 0.43671875 0.2046875 0.2578125
9 0.6796875 0.4203125 0.1515625 0.2328125
10 0.759375 0.3609375 0.171875 0.2859375
11 0.8375 0.31796875 0.125 0.2546875
12 0.88828125 0.3265625 0.096875 0.2125
13 0.92734375 0.315625 0.128125 0.2203125
14 0.95234375 0.2921875 0.0734375 0.2171875
16 0.590625 0.665625 0.140625 0.2203125
17 0.6609375 0.6359375 0.13125 0.215625
19 0.74296875 0.64375 0.146875 0.259375
20 0.803125 0.6328125 0.1234375 0.2390625
21 0.85234375 0.6296875 0.140625 0.25625
22 0.87890625 0.6046875 0.18125 0.240625
23 0.91328125 0.5859375 0.159375 0.2296875
25 0.50546875 0.6828125 0.1328125 0.2078125
26 0.42421875 0.69375 0.1375 0.221875
27 0.34140625 0.70390625 0.153125 0.28125
28 0.2625 0.7078125 0.140625 0.24375
29 0.2109375 0.696875 0.1328125 0.2125
30 0.15625 0.7546875 0.1234375 0.253125
31 0.11796875 0.69453125 0.16875 0.2265625
32 0.08515625 0.6140625 0.16875 0.1859375