0 0.425 0.43671875 0.1359375 0.18828125
1 0.33828125 0.4609375 0.08203125 0.17890625
2 0.278125 0.45859375 0.07109375 0.20234375
3 0.21015625 0.48203125 0.0875 0.15546875
4 0.14765625 0.51484375 0.05390625 0.16640625
8 0.5375 0.434375 0.12890625 0.19375
9 0.628125 0.4515625 0.078125 0.18828125
10 0.68203125 0.44453125 0.084375 0.215625
11 0.75625 0.46171875 0.11328125 0.18984375
12 0.8296875 0.475 0.0703125 0.1765625
16 0.50390625 0.61328125 0.0890625 0.2140625
17 0.55390625 0.58125 0.0796875 0.19296875
19 0.63046875 0.6046875 0.1046875 0.259375
20 0.69453125 0.60625 0.09609375 0.2015625
21 0.740625 0.61328125 0.090625 0.1921875
22 0.78671875 0.60859375 0.078125 0.1578125
23 0.83046875 0.6 0.0578125 0.13515625
25 0.440625 0.609375 0.09140625 0.196875
26 0.3828125 0.61640625 0.075 0.19375
27 0.3125 0.634375 0.1015625 0.27109375
28 0.24921875 0.6421875 0.08515625 0.22578125
29 0.209375 0.6359375 0.0796875 0.19921875
30 0.16796875 0.6375 0.0796875 0.17890625