0 0.4734375 0.50546875 0.09609375 0.14140625
1 0.40703125 0.534375 0.0734375 0.09375
2 0.34765625 0.54375 0.06640625 0.128125
3 0.30078125 0.56875 0.07578125 0.128125
5 0.24921875 0.57578125 0.07421875 0.13984375
10 0.6953125 0.53203125 0.0875 0.18515625
11 0.7421875 0.5296875 0.0421875 0.1328125
25 0.48203125 0.59375 0.08359375 0.16171875
26 0.42109375 0.59921875 0.08203125 0.14609375
27 0.37578125 0.61484375 0.065625 0.159375
28 0.32578125 0.64609375 0.059375 0.1015625
29 0.28515625 0.66015625 0.05546875 0.1125
30 0.2453125 0.67421875 0.0734375 0.10859375
16 0.540625 0.58046875 0.07109375 0.1703125
17 0.59140625 0.5578125 0.09375 0.1390625
19 0.63984375 0.54296875 0.0734375 0.16171875
20 0.68125 0.59921875 0.04921875 0.09375
21 0.7078125 0.61875 0.0296875 0.07109375
23 0.775 0.55078125 0.05703125 0.11953125