25 0.4484375 0.69765625 0.09296875 0.21171875
26 0.3875 0.71484375 0.08125 0.23046875
27 0.3234375 0.7109375 0.08203125 0.23984375
28 0.2640625 0.70078125 0.08046875 0.209375
29 0.21015625 0.68671875 0.08984375 0.20390625
30 0.1703125 0.6328125 0.0765625 0.15859375
16 0.51328125 0.70234375 0.0890625 0.23515625
17 0.571875 0.7078125 0.08359375 0.2578125
19 0.63046875 0.73203125 0.08828125 0.271875
20 0.68203125 0.7171875 0.084375 0.24921875
21 0.7265625 0.69765625 0.10859375 0.22109375
22 0.76015625 0.64140625 0.084375 0.1734375
13 0.75 0.3453125 0.0984375 0.14921875