0 0.45625 0.5578125 0.0953125 0.1765625
1 0.39765625 0.56796875 0.0640625 0.175
2 0.35390625 0.58671875 0.065625 0.1765625
3 0.31640625 0.60546875 0.05390625 0.165625
4 0.2796875 0.60625 0.0515625 0.1765625
5 0.240625 0.6171875 0.065625 0.125
8 0.53984375 0.546875 0.09453125 0.19921875
9 0.60234375 0.5484375 0.0625 0.1765625
10 0.6390625 0.55 0.05546875 0.18671875
11 0.66875 0.5796875 0.046875 0.171875
12 0.690625 0.59375 0.03984375 0.18515625
13 0.715625 0.57421875 0.04375 0.1703125
16 0.49453125 0.734375 0.0765625 0.1765625
17 0.54609375 0.7296875 0.06328125 0.16796875
19 0.60390625 0.7453125 0.065625 0.17265625
20 0.63984375 0.73984375 0.065625 0.15078125
21 0.6609375 0.74921875 0.04765625 0.1421875
22 0.69921875 0.740625 0.0859375 0.13984375
25 0.45859375 0.7578125 0.06796875 0.1765625
26 0.428125 0.74609375 0.06171875 0.18203125
27 0.3796875 0.7765625 0.07265625 0.15234375
28 0.340625 0.7734375 0.06484375 0.15703125
29 0.3078125 0.77421875 0.0609375 0.1484375
31 0.23515625 0.740625 0.0625 0.1359375