0 0.51484375 0.3296875 0.2125 0.3125
1 0.40546875 0.321875 0.1765625 0.2625
2 0.3109375 0.321875 0.15625 0.2390625
3 0.253125 0.33203125 0.1390625 0.20625
4 0.2078125 0.35078125 0.0890625 0.153125
5 0.165625 0.31484375 0.1203125 0.1890625
6 0.1234375 0.27890625 0.09375 0.184375
7 0.08984375 0.21953125 0.0703125 0.103125
8 0.6296875 0.37265625 0.1890625 0.2703125
9 0.73359375 0.4 0.1578125 0.2609375
10 0.8125 0.40546875 0.1296875 0.29375
11 0.85703125 0.43046875 0.0765625 0.178125
12 0.88671875 0.42265625 0.078125 0.178125
13 0.9265625 0.41328125 0.084375 0.1953125
14 0.96796875 0.3421875 0.0640625 0.153125
25 0.471875 0.67421875 0.1375 0.221875
26 0.39609375 0.6375 0.1390625 0.2140625
27 0.315625 0.63046875 0.14375 0.2328125
28 0.234375 0.61015625 0.128125 0.18125
29 0.20859375 0.57578125 0.1 0.1546875
30 0.16171875 0.55703125 0.1125 0.1703125
31 0.13828125 0.50234375 0.2 0.19375
32 0.1234375 0.39609375 0.1953125 0.175
16 0.55 0.66484375 0.1328125 0.190625
17 0.62578125 0.67421875 0.1484375 0.209375
19 0.7015625 0.684375 0.1375 0.221875
20 0.76015625 0.68125 0.121875 0.1671875
21 0.8 0.67109375 0.109375 0.1703125
22 0.84453125 0.63046875 0.2046875 0.234375
23 0.89453125 0.51484375 0.2 0.21875