0 0.41875 0.47578125 0.1515625 0.2484375
1 0.340625 0.49375 0.1015625 0.1828125
2 0.26875 0.48046875 0.1171875 0.225
3 0.2203125 0.48984375 0.10625 0.2078125
4 0.1828125 0.51484375 0.0828125 0.1734375
5 0.13984375 0.51484375 0.0890625 0.1625
6 0.0921875 0.496875 0.078125 0.15625
8 0.5234375 0.459375 0.153125 0.2359375
9 0.6125 0.45703125 0.1078125 0.1921875
10 0.67265625 0.43828125 0.1125 0.215625
11 0.7140625 0.44375 0.0984375 0.2
12 0.74765625 0.446875 0.0875 0.159375
13 0.7796875 0.4359375 0.0640625 0.1515625
14 0.81171875 0.40859375 0.06875 0.14375
17 0.62578125 0.55390625 0.065625 0.0875
19 0.67578125 0.56171875 0.08125 0.1359375
20 0.71640625 0.55703125 0.05625 0.1140625
21 0.7546875 0.56328125 0.0796875 0.13125
22 0.79140625 0.5421875 0.0703125 0.128125
27 0.3125 0.5828125 0.078125 0.0875
28 0.26328125 0.59765625 0.0890625 0.1625
29 0.221875 0.61796875 0.0625 0.128125
30 0.17265625 0.621875 0.0984375 0.14375
31 0.12890625 0.60546875 0.075 0.125