0 0.459375 0.43671875 0.0828125 0.1546875
1 0.4015625 0.43828125 0.05625 0.12109375
2 0.3546875 0.44609375 0.0671875 0.15546875
3 0.31796875 0.4515625 0.0484375 0.13515625
4 0.29921875 0.4609375 0.04375 0.09296875
5 0.2734375 0.44921875 0.0453125 0.09296875
6 0.2453125 0.4375 0.03984375 0.1
8 0.53203125 0.44609375 0.08515625 0.14921875
9 0.58828125 0.4578125 0.05859375 0.10625
10 0.63046875 0.45859375 0.07109375 0.14140625
11 0.66484375 0.478125 0.0484375 0.12109375
12 0.67890625 0.48671875 0.02578125 0.07421875
13 0.7015625 0.46875 0.02734375 0.08046875
14 0.71796875 0.45390625 0.021875 0.06875
16 0.50703125 0.61953125 0.0546875 0.1296875
17 0.5546875 0.6171875 0.0546875 0.13046875
19 0.59609375 0.6265625 0.04453125 0.13515625
20 0.6296875 0.6125 0.04921875 0.12890625
21 0.6609375 0.57578125 0.05625 0.103125
22 0.6875 0.54375 0.04609375 0.0953125
25 0.45703125 0.6234375 0.06015625 0.1390625
26 0.41328125 0.62734375 0.053125 0.140625
27 0.3703125 0.61875 0.0515625 0.14453125
28 0.34140625 0.603125 0.053125 0.12734375
29 0.3203125 0.5859375 0.04296875 0.09609375
30 0.28671875 0.57109375 0.06015625 0.10078125
31 0.2578125 0.5390625 0.0625 0.10859375