0 0.44296875 0.46875 0.13515625 0.22734375
1 0.359375 0.49140625 0.1015625 0.19453125
2 0.31484375 0.51171875 0.0875 0.16171875
3 0.28125 0.53125 0.05625 0.1390625
8 0.5484375 0.4578125 0.14609375 0.209375
9 0.64453125 0.4796875 0.10078125 0.20078125
10 0.709375 0.4921875 0.07109375 0.1734375
11 0.7640625 0.5046875 0.0625 0.1546875
12 0.8015625 0.52109375 0.0453125 0.13515625
13 0.82421875 0.50703125 0.03984375 0.13671875
14 0.85 0.490625 0.03984375 0.10078125
16 0.57109375 0.6484375 0.08203125 0.184375
17 0.6234375 0.6546875 0.084375 0.19140625
19 0.68203125 0.659375 0.06875 0.18984375
20 0.740625 0.66953125 0.08515625 0.178125
21 0.778125 0.6703125 0.06171875 0.14296875
22 0.8015625 0.64453125 0.0671875 0.153125
25 0.5109375 0.659375 0.08203125 0.184375
26 0.45 0.65546875 0.10078125 0.16953125
27 0.396875 0.6640625 0.0796875 0.16953125
28 0.346875 0.675 0.06328125 0.1640625
29 0.3140625 0.66328125 0.0515625 0.14609375
30 0.2859375 0.66328125 0.05078125 0.165625
31 0.25859375 0.621875 0.03671875 0.14140625
23 0.82578125 0.6125 0.0578125 0.12265625
24 0.840625 0.5453125 0.02265625 0.05
4 0.2546875 0.51171875 0.03828125 0.12421875
5 0.2359375 0.51875 0.021875 0.0828125
6 0.2171875 0.496875 0.03203125 0.071875