0 0.38984375 0.50546875 0.1203125 0.203125
1 0.31875 0.5 0.071875 0.171875
2 0.271875 0.50078125 0.0703125 0.1703125
3 0.23359375 0.503125 0.053125 0.159375
4 0.2171875 0.51953125 0.040625 0.11875
5 0.19453125 0.5109375 0.0484375 0.11875
8 0.48671875 0.51015625 0.1125 0.209375
9 0.5515625 0.5 0.0703125 0.178125
10 0.60234375 0.51015625 0.075 0.1671875
11 0.63125 0.53046875 0.0453125 0.1234375
12 0.65625 0.5421875 0.0328125 0.1171875
13 0.68125 0.5390625 0.040625 0.1109375
14 0.7015625 0.53984375 0.025 0.0703125
25 0.4234375 0.63828125 0.0703125 0.16875
26 0.371875 0.63125 0.065625 0.1515625
27 0.31953125 0.61796875 0.075 0.146875
28 0.2765625 0.59765625 0.059375 0.1125
29 0.24453125 0.58671875 0.0484375 0.0734375
30 0.2140625 0.57734375 0.046875 0.0828125
16 0.4765625 0.64140625 0.0640625 0.165625
17 0.52421875 0.6375 0.0578125 0.15625
19 0.575 0.6484375 0.06875 0.16875
20 0.6109375 0.6171875 0.040625 0.10625
21 0.64140625 0.61484375 0.0375 0.0890625
22 0.66484375 0.6046875 0.0484375 0.0921875
23 0.68671875 0.60859375 0.0234375 0.059375