0 0.40234375 0.4171875 0.1296875 0.2109375
1 0.3234375 0.39453125 0.1046875 0.215625
2 0.25703125 0.38359375 0.1109375 0.21875
3 0.21875 0.403125 0.08125 0.19375
4 0.1984375 0.3953125 0.0625 0.165625
5 0.178125 0.38125 0.0671875 0.1578125
8 0.48984375 0.42890625 0.1203125 0.19375
9 0.56796875 0.4203125 0.1125 0.2
10 0.62578125 0.4125 0.103125 0.2125
11 0.66328125 0.44375 0.06875 0.1796875
12 0.684375 0.465625 0.0609375 0.1640625
16 0.44296875 0.61015625 0.0828125 0.1515625
17 0.49609375 0.62109375 0.096875 0.1828125
19 0.54140625 0.63125 0.1015625 0.2015625
20 0.59140625 0.6359375 0.0890625 0.175
21 0.61015625 0.62109375 0.0828125 0.134375
22 0.6453125 0.6109375 0.140625 0.1484375
23 0.6671875 0.546875 0.128125 0.1328125
25 0.396875 0.58671875 0.06875 0.1359375
26 0.3421875 0.5984375 0.1 0.16875
27 0.27265625 0.61640625 0.10625 0.2015625
28 0.22109375 0.6 0.084375 0.16875
29 0.2140625 0.56796875 0.0953125 0.14375
30 0.1703125 0.55703125 0.09375 0.128125
31 0.14921875 0.5265625 0.1234375 0.1390625