0 0.509375 0.35859375 0.13125 0.2
1 0.44921875 0.33515625 0.1 0.1859375
2 0.4046875 0.303125 0.1078125 0.2015625
3 0.371875 0.2890625 0.06875 0.1640625
4 0.353125 0.26953125 0.053125 0.115625
8 0.58984375 0.3859375 0.128125 0.1765625
9 0.65703125 0.39453125 0.10625 0.165625
10 0.709375 0.38203125 0.10625 0.19375
11 0.74765625 0.39609375 0.0703125 0.15625
12 0.77421875 0.375 0.0453125 0.1
13 0.7921875 0.3796875 0.0484375 0.1078125
14 0.81171875 0.3671875 0.040625 0.0765625
16 0.54765625 0.515625 0.109375 0.1953125
17 0.60625 0.53828125 0.10625 0.1890625
19 0.6640625 0.5421875 0.109375 0.2265625
20 0.7140625 0.53515625 0.096875 0.18125
21 0.74609375 0.52109375 0.0875 0.1625
22 0.775 0.49609375 0.09375 0.153125
25 0.4859375 0.49921875 0.1140625 0.20625
26 0.42890625 0.4890625 0.1078125 0.2140625
27 0.3828125 0.4625 0.096875 0.1921875
28 0.359375 0.428125 0.0625 0.1375
29 0.33671875 0.39921875 0.0765625 0.1375
30 0.33046875 0.33671875 0.05625 0.11875