0 0.5203125 0.42734375 0.1953125 0.290625
1 0.42421875 0.403125 0.1546875 0.2265625
2 0.359375 0.3734375 0.15 0.2328125
3 0.30703125 0.35546875 0.1203125 0.2140625
4 0.26640625 0.34765625 0.103125 0.18125
5 0.24375 0.33359375 0.0890625 0.1671875
6 0.21953125 0.303125 0.0890625 0.1625
8 0.6171875 0.465625 0.1921875 0.265625
9 0.7078125 0.4859375 0.15 0.2515625
10 0.76875 0.50390625 0.13125 0.228125
11 0.80859375 0.5390625 0.1 0.1859375
12 0.83828125 0.546875 0.0828125 0.1671875
13 0.86015625 0.55 0.06875 0.15625
14 0.88203125 0.5375 0.05 0.1109375
25 0.4484375 0.671875 0.1453125 0.2265625
26 0.3859375 0.65234375 0.134375 0.2265625
27 0.32265625 0.62421875 0.121875 0.228125
28 0.271875 0.59140625 0.1234375 0.228125
29 0.23125 0.5640625 0.1015625 0.1796875
30 0.1984375 0.53984375 0.0984375 0.184375
31 0.203125 0.48359375 0.096875 0.1421875
16 0.51015625 0.690625 0.134375 0.2234375
17 0.571875 0.7078125 0.1453125 0.2296875
19 0.6296875 0.73515625 0.1296875 0.228125
20 0.6765625 0.728125 0.1234375 0.209375
21 0.72109375 0.73828125 0.10625 0.1859375
22 0.76015625 0.7390625 0.1125 0.1734375
23 0.78828125 0.678125 0.1109375 0.15