0 0.62421875 0.49921875 0.140625 0.175
1 0.5421875 0.48046875 0.11875 0.1609375
2 0.4578125 0.459375 0.0984375 0.1453125
3 0.4 0.45625 0.096875 0.134375
4 0.353125 0.45078125 0.08125 0.125
5 0.31640625 0.4375 0.0828125 0.121875
8 0.72578125 0.51171875 0.1328125 0.1625
9 0.7984375 0.4890625 0.096875 0.159375
10 0.84609375 0.48359375 0.0671875 0.1171875
11 0.85078125 0.5078125 0.0625 0.115625
25 0.6421875 0.5796875 0.084375 0.071875
26 0.57109375 0.56328125 0.0875 0.0703125
27 0.5015625 0.5515625 0.0921875 0.134375
28 0.43828125 0.5484375 0.0828125 0.115625
29 0.38359375 0.5328125 0.075 0.096875
30 0.33046875 0.509375 0.084375 0.096875
16 0.70078125 0.5859375 0.0703125 0.065625
17 0.75546875 0.57734375 0.0609375 0.0734375
19 0.79765625 0.57890625 0.05625 0.0921875
20 0.82109375 0.5875 0.03125 0.0640625
21 0.82890625 0.57421875 0.034375 0.0625
32 0.29609375 0.45078125 0.040625 0.0640625