0 0.44296875 0.4171875 0.12890625 0.2203125
1 0.3640625 0.41953125 0.08671875 0.18359375
2 0.29453125 0.3921875 0.09453125 0.19375
3 0.26328125 0.43515625 0.0671875 0.1328125
4 0.23203125 0.4515625 0.06796875 0.14375
5 0.2015625 0.471875 0.06875 0.13359375
6 0.1640625 0.45703125 0.05234375 0.125
8 0.54140625 0.4171875 0.11796875 0.22421875
9 0.62265625 0.42890625 0.06796875 0.171875
10 0.6828125 0.41796875 0.07578125 0.20703125
11 0.73671875 0.43125 0.053125 0.16328125
12 0.76171875 0.44921875 0.0390625 0.13828125
13 0.7984375 0.45703125 0.04375 0.15625
14 0.81953125 0.4828125 0.01875 0.10546875
16 0.51953125 0.528125 0.05546875 0.07734375
17 0.58984375 0.515625 0.06015625 0.07421875
19 0.65625 0.5234375 0.07734375 0.15625
20 0.71015625 0.54140625 0.08046875 0.15625
21 0.75234375 0.54921875 0.05546875 0.13828125
22 0.7890625 0.56640625 0.065625 0.1359375
26 0.38828125 0.50859375 0.05078125 0.0609375
27 0.33203125 0.52109375 0.0828125 0.125
28 0.28046875 0.5328125 0.06640625 0.11796875
30 0.21875 0.5546875 0.08671875 0.09375