0 0.44375 0.41640625 0.09453125 0.2
1 0.37734375 0.4109375 0.08515625 0.16171875
2 0.328125 0.41875 0.07421875 0.16640625
3 0.29375 0.42578125 0.040625 0.125
8 0.5140625 0.409375 0.09453125 0.18671875
9 0.57890625 0.41640625 0.0703125 0.17109375
10 0.63046875 0.4078125 0.06171875 0.18828125
11 0.66328125 0.45 0.02734375 0.11875
25 0.465625 0.64921875 0.07109375 0.16328125
26 0.415625 0.64375 0.06484375 0.14375
27 0.35625 0.66484375 0.0875 0.1921875
28 0.315625 0.63515625 0.028125 0.096875
29 0.29765625 0.61015625 0.06171875 0.10625
30 0.25546875 0.57421875 0.0765625 0.10625
31 0.253125 0.5234375 0.084375 0.08984375
16 0.5078125 0.63671875 0.065625 0.1484375
17 0.55859375 0.6515625 0.06953125 0.1671875
19 0.61796875 0.6640625 0.078125 0.20390625
20 0.6578125 0.64453125 0.0578125 0.1375
21 0.6875 0.62890625 0.06171875 0.12734375
22 0.71171875 0.60390625 0.08046875 0.11796875
23 0.7265625 0.5625 0.07421875 0.09921875
13 0.69921875 0.43203125 0.05625 0.12421875
14 0.73359375 0.415625 0.03125 0.11328125
4 0.26796875 0.409375 0.05078125 0.1203125
5 0.2359375 0.38984375 0.04921875 0.13515625