0 0.46640625 0.39609375 0.1546875 0.21875
1 0.38984375 0.39140625 0.128125 0.1828125
2 0.3203125 0.38203125 0.115625 0.178125
3 0.27890625 0.37890625 0.1046875 0.15
4 0.2390625 0.3734375 0.0734375 0.1265625
5 0.21875 0.39296875 0.0609375 0.08125
6 0.18203125 0.35546875 0.071875 0.121875
8 0.56640625 0.428125 0.1359375 0.190625
9 0.63828125 0.4375 0.1171875 0.1796875
10 0.69765625 0.396875 0.109375 0.171875
11 0.7125 0.4640625 0.0734375 0.1453125
12 0.74296875 0.46640625 0.059375 0.115625
13 0.79375 0.4609375 0.078125 0.0875
25 0.45703125 0.525 0.109375 0.14375
26 0.396875 0.50625 0.1078125 0.14375
27 0.33515625 0.50390625 0.09375 0.140625
28 0.28984375 0.48828125 0.084375 0.1453125
29 0.24765625 0.47578125 0.0640625 0.10625
16 0.52265625 0.5421875 0.096875 0.1359375
17 0.5796875 0.55234375 0.084375 0.14375
19 0.6296875 0.559375 0.0734375 0.115625
20 0.66171875 0.553125 0.08125 0.146875
21 0.696875 0.56328125 0.0625 0.11875
22 0.7234375 0.56171875 0.05 0.0859375
23 0.7453125 0.55625 0.0609375 0.0734375