0 0.4328125 0.4390625 0.12265625 0.225
1 0.36328125 0.4390625 0.0921875 0.20859375
2 0.3 0.440625 0.0703125 0.22421875
3 0.2625 0.4484375 0.04140625 0.16796875
4 0.23984375 0.4515625 0.03125 0.153125
5 0.21875 0.4328125 0.03515625 0.13828125
8 0.52890625 0.4421875 0.1140625 0.22109375
9 0.6125 0.4390625 0.07890625 0.225
10 0.68046875 0.453125 0.08359375 0.2109375
11 0.72578125 0.4609375 0.06015625 0.19609375
12 0.7515625 0.46640625 0.04375 0.165625
13 0.7921875 0.4640625 0.06328125 0.1578125
16 0.53203125 0.62109375 0.09296875 0.2125
17 0.590625 0.64375 0.0921875 0.25078125
19 0.65390625 0.66640625 0.08125 0.2828125
20 0.71484375 0.66640625 0.0984375 0.2828125
21 0.76875 0.6546875 0.1015625 0.2359375
22 0.80625 0.59140625 0.10078125 0.165625
25 0.46640625 0.63125 0.10078125 0.234375
26 0.4046875 0.6359375 0.08671875 0.25078125
27 0.33515625 0.63515625 0.10625 0.265625
28 0.2796875 0.6140625 0.08359375 0.2359375
29 0.2296875 0.60234375 0.0890625 0.21875
30 0.20859375 0.55625 0.07421875 0.171875