0 0.5109375 0.4171875 0.1328125 0.2375
1 0.42734375 0.42890625 0.090625 0.1953125
2 0.3578125 0.4390625 0.0953125 0.2140625
3 0.30859375 0.4515625 0.0640625 0.2125
4 0.2625 0.45234375 0.0828125 0.2125
5 0.2109375 0.4703125 0.0625 0.1765625
8 0.61015625 0.41796875 0.13125 0.234375
9 0.684375 0.40546875 0.09375 0.23125
10 0.7328125 0.41796875 0.065625 0.190625
11 0.76171875 0.3921875 0.0375 0.146875
25 0.525 0.5921875 0.08125 0.1890625
26 0.4640625 0.58671875 0.08125 0.20625
27 0.396875 0.6265625 0.1015625 0.296875
16 0.57734375 0.60703125 0.078125 0.234375
17 0.62578125 0.59921875 0.06875 0.2125
19 0.66328125 0.6015625 0.10625 0.275
20 0.71328125 0.59140625 0.0546875 0.1765625