0 0.45703125 0.39453125 0.1203125 0.2234375
1 0.38671875 0.3953125 0.10625 0.18125
2 0.334375 0.40859375 0.0953125 0.1859375
3 0.2984375 0.41875 0.0546875 0.1375
8 0.53125 0.38125 0.11875 0.2078125
9 0.6015625 0.38203125 0.0921875 0.1890625
10 0.65625 0.36875 0.0828125 0.20625
11 0.69453125 0.4109375 0.040625 0.1296875
25 0.50234375 0.64140625 0.0921875 0.18125
26 0.4484375 0.640625 0.0828125 0.1609375
27 0.3875 0.66796875 0.1125 0.2125
28 0.34140625 0.640625 0.0390625 0.10625
29 0.31875 0.615625 0.0765625 0.11875
30 0.27109375 0.58125 0.0921875 0.1203125
31 0.26328125 0.52734375 0.0984375 0.103125
16 0.54609375 0.62421875 0.084375 0.165625
17 0.60234375 0.6359375 0.0890625 0.1859375
19 0.66640625 0.64296875 0.1015625 0.225
20 0.70703125 0.61875 0.075 0.153125
21 0.7375 0.59921875 0.078125 0.1421875
22 0.7609375 0.5703125 0.096875 0.1328125
23 0.7734375 0.525 0.0890625 0.1125
13 0.73203125 0.38828125 0.071875 0.1390625
14 0.76640625 0.3671875 0.04375 0.1234375
4 0.26875 0.403125 0.065625 0.134375
5 0.2328125 0.3859375 0.0640625 0.1484375