0 0.428125 0.43125 0.196875 0.2828125
1 0.33046875 0.403125 0.121875 0.2296875
2 0.2625 0.384375 0.11875 0.2578125
3 0.215625 0.40078125 0.065625 0.1828125
5 0.1703125 0.40234375 0.10625 0.2171875
6 0.1125 0.396875 0.0515625 0.15
8 0.5453125 0.4 0.165625 0.3140625
9 0.63125 0.3890625 0.1 0.2390625
10 0.69453125 0.38984375 0.103125 0.253125
12 0.75078125 0.4 0.0921875 0.1796875
13 0.7875 0.38828125 0.0515625 0.16875
16 0.50390625 0.65625 0.103125 0.2125
17 0.575 0.65546875 0.1125 0.228125
19 0.64609375 0.6609375 0.1109375 0.2421875
20 0.7015625 0.715625 0.0671875 0.090625
21 0.721875 0.64375 0.121875 0.1734375
22 0.7484375 0.61171875 0.14375 0.1859375
24 0.790625 0.5046875 0.11875 0.128125
25 0.43671875 0.65703125 0.1046875 0.165625
26 0.3796875 0.6265625 0.10625 0.1890625
27 0.32265625 0.64765625 0.1015625 0.215625
28 0.265625 0.6484375 0.0859375 0.178125
29 0.21796875 0.63203125 0.084375 0.18125
31 0.1609375 0.5765625 0.11875 0.1671875
32 0.13125 0.48671875 0.0484375 0.06875