0 0.40703125 0.35546875 0.1625 0.2734375
1 0.28671875 0.34609375 0.1203125 0.259375
2 0.20078125 0.35 0.1171875 0.2796875
3 0.134375 0.3640625 0.0984375 0.259375
4 0.08046875 0.359375 0.0671875 0.209375
5 0.04375 0.35 0.0734375 0.253125
6 0.01953125 0.34453125 0.0390625 0.1890625
8 0.54609375 0.35078125 0.1546875 0.2734375
9 0.6578125 0.3640625 0.10625 0.2296875
10 0.740625 0.365625 0.1046875 0.2609375
11 0.8 0.35390625 0.0875 0.2390625
12 0.84921875 0.32734375 0.0640625 0.2734375
13 0.89296875 0.2890625 0.065625 0.215625
14 0.91484375 0.33359375 0.0671875 0.153125
16 0.5125 0.6578125 0.1046875 0.2421875
17 0.58828125 0.65078125 0.1046875 0.2703125
19 0.67109375 0.665625 0.1078125 0.290625
20 0.72578125 0.6390625 0.1078125 0.2609375
21 0.7859375 0.625 0.1078125 0.2296875
22 0.81953125 0.57421875 0.159375 0.16875
23 0.85078125 0.5171875 0.1515625 0.228125
25 0.43359375 0.6515625 0.0984375 0.2484375
26 0.3515625 0.6640625 0.115625 0.29375
27 0.2734375 0.67109375 0.1046875 0.2671875
28 0.20390625 0.6765625 0.0875 0.284375
29 0.15625 0.6265625 0.0921875 0.178125
30 0.10078125 0.6125 0.0875 0.1453125
31 0.08125 0.5265625 0.1625 0.1765625