8 0.503125 0.44765625 0.1375 0.2
9 0.575 0.44375 0.1015625 0.15625
10 0.62734375 0.44296875 0.096875 0.1890625
11 0.66171875 0.46171875 0.071875 0.140625
12 0.6984375 0.45 0.08125 0.1421875
2 0.31953125 0.42734375 0.115625 0.1828125
3 0.275 0.42109375 0.06875 0.14375
5 0.21796875 0.37890625 0.0890625 0.13125
16 0.4671875 0.6 0.078125 0.128125
17 0.51875 0.60546875 0.0875 0.1421875
19 0.57421875 0.61796875 0.0953125 0.16875
20 0.61484375 0.6078125 0.0953125 0.1515625
21 0.65546875 0.57578125 0.096875 0.11875
22 0.6984375 0.54296875 0.0921875 0.128125
25 0.41640625 0.6046875 0.0890625 0.1515625
26 0.3703125 0.59296875 0.0859375 0.146875
27 0.315625 0.60390625 0.0875 0.165625
28 0.27421875 0.5921875 0.0953125 0.1328125
29 0.2421875 0.5546875 0.1078125 0.13125
30 0.203125 0.515625 0.0875 0.121875
31 0.196875 0.453125 0.06875 0.0828125