0 0.4515625 0.340625 0.1484375 0.2
2 0.33125 0.35390625 0.1359375 0.1921875
3 0.28984375 0.38125 0.1046875 0.1796875
4 0.2609375 0.3921875 0.1 0.1765625
5 0.2328125 0.3875 0.096875 0.175
6 0.20546875 0.3890625 0.0828125 0.171875
8 0.52578125 0.31640625 0.1375 0.190625
10 0.634375 0.28125 0.1359375 0.1984375
11 0.68828125 0.26953125 0.103125 0.184375
12 0.72421875 0.271875 0.0890625 0.1609375
13 0.76796875 0.25859375 0.103125 0.1875
16 0.54921875 0.4875 0.109375 0.1703125
17 0.60390625 0.47734375 0.1046875 0.1546875
19 0.65859375 0.46171875 0.13125 0.2046875
20 0.70625 0.45390625 0.1 0.175
21 0.74296875 0.44765625 0.10625 0.153125
23 0.78984375 0.40546875 0.0796875 0.109375
24 0.7859375 0.3390625 0.059375 0.053125
25 0.49140625 0.49453125 0.109375 0.1625
26 0.44921875 0.5109375 0.1046875 0.178125
27 0.409375 0.52109375 0.0890625 0.1671875
28 0.37265625 0.53203125 0.090625 0.1671875
29 0.33828125 0.53359375 0.08125 0.13125
31 0.2921875 0.49609375 0.0890625 0.11875