0 0.45 0.4328125 0.0953125 0.15625
1 0.39375 0.42890625 0.0703125 0.14375
2 0.34453125 0.428125 0.0765625 0.1625
3 0.30859375 0.4375 0.05625 0.125
4 0.28046875 0.4359375 0.0515625 0.128125
5 0.25625 0.43359375 0.05 0.1234375
6 0.2375 0.41953125 0.04375 0.1140625
8 0.52109375 0.425 0.0921875 0.1609375
9 0.575 0.4125 0.0640625 0.140625
10 0.61171875 0.396875 0.059375 0.1640625
11 0.63828125 0.39453125 0.05 0.1390625
12 0.65703125 0.39296875 0.034375 0.11875
13 0.671875 0.3875 0.0328125 0.1046875
14 0.68359375 0.371875 0.028125 0.1046875
16 0.5359375 0.58125 0.071875 0.1453125
17 0.58515625 0.5703125 0.08125 0.1671875
19 0.62265625 0.5546875 0.06875 0.1359375
20 0.65 0.55234375 0.0671875 0.128125
21 0.67109375 0.5125 0.08125 0.1125
22 0.67734375 0.45234375 0.071875 0.09375
25 0.49140625 0.58046875 0.0640625 0.115625
26 0.4546875 0.59765625 0.065625 0.13125
27 0.4078125 0.5953125 0.084375 0.165625
28 0.359375 0.59921875 0.0796875 0.1296875
29 0.33515625 0.5796875 0.071875 0.1078125
30 0.30390625 0.575 0.0734375 0.1109375
31 0.28046875 0.54296875 0.0640625 0.103125
32 0.2578125 0.5125 0.053125 0.0796875