0 0.4140625 0.5359375 0.11875 0.1828125
1 0.3421875 0.53515625 0.0984375 0.1625
2 0.29375 0.5515625 0.08125 0.159375
3 0.26328125 0.57421875 0.0828125 0.1375
4 0.23359375 0.59296875 0.046875 0.10625
5 0.20703125 0.603125 0.05 0.1078125
6 0.18671875 0.59921875 0.0421875 0.115625
8 0.50234375 0.53359375 0.103125 0.171875
9 0.575 0.53984375 0.0796875 0.13125
10 0.6265625 0.53828125 0.065625 0.165625
10 0.66640625 0.54921875 0.0578125 0.1421875
12 0.69140625 0.55703125 0.040625 0.1125
13 0.7140625 0.55390625 0.0421875 0.10625
14 0.72890625 0.5421875 0.025 0.0890625
16 0.4984375 0.76640625 0.0703125 0.1546875
17 0.54140625 0.7609375 0.0734375 0.15625
19 0.590625 0.7296875 0.0765625 0.15
20 0.63828125 0.734375 0.0734375 0.1234375
21 0.6703125 0.72109375 0.0703125 0.13125
22 0.69453125 0.7109375 0.065625 0.115625
23 0.7109375 0.67578125 0.0609375 0.103125
24 0.71015625 0.634375 0.065625 0.0734375
25 0.45078125 0.7671875 0.0796875 0.1453125
26 0.4125 0.759375 0.0796875 0.15
27 0.3609375 0.77421875 0.0890625 0.165625
28 0.31796875 0.7640625 0.065625 0.140625
29 0.28984375 0.75625 0.0546875 0.121875
30 0.25859375 0.75234375 0.0546875 0.1234375
31 0.23671875 0.7265625 0.0515625 0.1109375
32 0.21953125 0.68984375 0.046875 0.084375