0 0.4546875 0.42109375 0.1296875 0.190625
1 0.39453125 0.4046875 0.103125 0.1578125
2 0.3515625 0.403125 0.0984375 0.1671875
3 0.31953125 0.40703125 0.0640625 0.1234375
4 0.3 0.403125 0.05625 0.1046875
5 0.27109375 0.39609375 0.0625 0.0984375
6 0.24453125 0.37734375 0.0609375 0.096875
8 0.5171875 0.4390625 0.1046875 0.1671875
9 0.57265625 0.446875 0.084375 0.15
10 0.62109375 0.45546875 0.084375 0.1609375
11 0.6453125 0.4796875 0.0578125 0.1328125
12 0.66640625 0.49296875 0.04375 0.1
13 0.684375 0.50390625 0.05 0.0984375
14 0.70703125 0.4984375 0.040625 0.078125
25 0.4453125 0.5703125 0.078125 0.1125
26 0.4078125 0.5640625 0.075 0.128125
27 0.36328125 0.56328125 0.075 0.13125
28 0.328125 0.54609375 0.0625 0.11875
29 0.30625 0.528125 0.0625 0.121875
30 0.2765625 0.521875 0.05625 0.103125
16 0.48125 0.58125 0.071875 0.125
17 0.52421875 0.5890625 0.0796875 0.1296875
19 0.56484375 0.603125 0.0828125 0.1234375
20 0.59921875 0.60546875 0.071875 0.1265625
21 0.62109375 0.61015625 0.06875 0.11875
22 0.64296875 0.609375 0.0671875 0.096875
23 0.6671875 0.584375 0.078125 0.109375
31 0.2890625 0.47421875 0.0578125 0.0578125