0 0.4671875 0.36953125 0.2015625 0.28125
1 0.35859375 0.33359375 0.1609375 0.2609375
2 0.2796875 0.31796875 0.1609375 0.278125
3 0.2171875 0.315625 0.140625 0.25625
4 0.16796875 0.29921875 0.103125 0.2046875
5 0.13671875 0.28203125 0.1171875 0.2453125
6 0.10390625 0.2703125 0.0984375 0.1875
8 0.5953125 0.396875 0.1953125 0.2796875
9 0.69453125 0.43515625 0.1421875 0.2296875
10 0.7703125 0.4546875 0.146875 0.259375
11 0.82734375 0.45859375 0.1265625 0.2359375
12 0.878125 0.4453125 0.1125 0.2625
13 0.92734375 0.4203125 0.103125 0.209375
14 0.9359375 0.46484375 0.090625 0.153125
16 0.49453125 0.66953125 0.1421875 0.2421875
17 0.565625 0.68125 0.1484375 0.2671875
19 0.6375 0.71328125 0.15625 0.2875
20 0.69375 0.70078125 0.15 0.2609375
21 0.75234375 0.7015625 0.14375 0.23125
22 0.79375 0.6640625 0.1796875 0.1859375
23 0.83671875 0.61953125 0.1828125 0.2375
25 0.42421875 0.64609375 0.1390625 0.246875
26 0.34609375 0.6390625 0.1625 0.290625
27 0.2734375 0.628125 0.146875 0.2640625
28 0.20859375 0.61640625 0.1359375 0.278125
29 0.1765625 0.56015625 0.1203125 0.18125
30 0.1296875 0.534375 0.109375 0.15
31 0.13046875 0.4515625 0.1828125 0.19375