0 0.47578125 0.490625 0.146875 0.2109375
1 0.38828125 0.50625 0.10625 0.1875
2 0.325 0.51328125 0.1046875 0.1828125
3 0.27890625 0.52734375 0.075 0.1703125
4 0.24921875 0.53046875 0.0765625 0.15
5 0.21796875 0.5421875 0.0875 0.153125
6 0.1796875 0.49453125 0.0625 0.13125
8 0.57578125 0.4765625 0.1453125 0.2203125
9 0.66484375 0.46015625 0.1109375 0.2
10 0.728125 0.453125 0.115625 0.209375
11 0.784375 0.44296875 0.0828125 0.184375
12 0.8203125 0.4328125 0.0703125 0.15625
13 0.8546875 0.41953125 0.0671875 0.1515625
16 0.58125 0.63125 0.109375 0.2015625
17 0.6453125 0.61328125 0.0984375 0.1859375
19 0.703125 0.61328125 0.096875 0.1859375
20 0.7546875 0.59140625 0.0796875 0.1453125
21 0.790625 0.5703125 0.06875 0.1546875
22 0.83359375 0.5359375 0.10625 0.1421875
25 0.51484375 0.6328125 0.1 0.1625
26 0.446875 0.6390625 0.1046875 0.1671875
27 0.38671875 0.63671875 0.09375 0.1796875
28 0.3375 0.634375 0.0875 0.1453125
29 0.296875 0.64296875 0.075 0.1328125