0 0.48671875 0.3859375 0.125 0.24765625
1 0.40703125 0.39375 0.09765625 0.19609375
2 0.34765625 0.384375 0.09765625 0.23125
3 0.290625 0.37734375 0.07734375 0.20078125
4 0.25703125 0.40625 0.0609375 0.140625
5 0.23046875 0.4078125 0.06640625 0.1625
8 0.58515625 0.403125 0.1140625 0.22265625
9 0.65859375 0.40546875 0.08515625 0.21484375
10 0.7109375 0.37421875 0.078125 0.26171875
11 0.753125 0.3921875 0.04375 0.19375
12 0.778125 0.396875 0.046875 0.1796875
13 0.796875 0.3859375 0.02421875 0.121875
14 0.8203125 0.4 0.04375 0.140625
16 0.53203125 0.63359375 0.0953125 0.21171875
17 0.59375 0.625 0.07734375 0.1984375
19 0.65078125 0.634375 0.07265625 0.21796875
20 0.6921875 0.62890625 0.0578125 0.2015625
21 0.725 0.62734375 0.0578125 0.16953125
22 0.74765625 0.6234375 0.0671875 0.1625
23 0.78203125 0.62734375 0.04609375 0.1671875
24 0.78203125 0.56953125 0.0890625 0.1359375
25 0.46640625 0.63203125 0.0875 0.22578125
26 0.4125 0.6234375 0.08828125 0.20546875
27 0.34921875 0.62109375 0.07578125 0.19921875
28 0.29921875 0.634375 0.065625 0.20078125
29 0.26171875 0.62421875 0.06328125 0.178125
30 0.225 0.6125 0.05546875 0.13359375
31 0.21875 0.55234375 0.0921875 0.10546875