0 0.39453125 0.503125 0.13828125 0.165625
1 0.2984375 0.50703125 0.1109375 0.15625
2 0.2296875 0.53828125 0.08515625 0.14921875
3 0.18046875 0.55625 0.078125 0.153125
4 0.1765625 0.646875 0.075 0.0796875
8 0.50625 0.4828125 0.12890625 0.175
9 0.60703125 0.496875 0.096875 0.165625
10 0.68203125 0.4953125 0.07578125 0.17578125
11 0.75546875 0.54375 0.08359375 0.1609375
25 0.440625 0.6234375 0.10078125 0.153125
26 0.36796875 0.63046875 0.0875 0.153125
27 0.2953125 0.66171875 0.0859375 0.190625
28 0.23515625 0.66953125 0.075 0.165625
16 0.5125 0.62265625 0.08125 0.16171875
17 0.5796875 0.621875 0.07734375 0.16328125
19 0.65234375 0.62421875 0.0859375 0.18203125
20 0.709375 0.6359375 0.053125 0.11875