0 0.46796875 0.4828125 0.1078125 0.159375
1 0.40546875 0.46640625 0.0953125 0.1625
2 0.3671875 0.46796875 0.090625 0.1640625
3 0.33984375 0.4625 0.065625 0.13125
4 0.321875 0.46328125 0.0515625 0.1109375
5 0.29921875 0.45546875 0.065625 0.1140625
8 0.5453125 0.5015625 0.1078125 0.171875
9 0.6046875 0.52578125 0.078125 0.146875
10 0.6453125 0.54140625 0.084375 0.1421875
11 0.67734375 0.559375 0.06875 0.134375
12 0.7046875 0.57109375 0.0609375 0.1234375
16 0.50390625 0.66953125 0.0625 0.0953125
17 0.54296875 0.684375 0.0671875 0.1
19 0.57890625 0.69921875 0.0609375 0.1046875
20 0.61328125 0.72578125 0.075 0.11875
21 0.625 0.72109375 0.0734375 0.1046875
22 0.65703125 0.71015625 0.065625 0.09375
25 0.4609375 0.65390625 0.065625 0.0953125
26 0.41953125 0.6390625 0.06875 0.10625
27 0.38359375 0.62890625 0.0625 0.115625
28 0.34140625 0.640625 0.071875 0.1078125
29 0.32421875 0.6265625 0.08125 0.1140625