0 0.43515625 0.43828125 0.0984375 0.17265625
1 0.37421875 0.43203125 0.0765625 0.14375
2 0.33203125 0.43828125 0.07109375 0.15390625
3 0.30234375 0.446875 0.04375 0.115625
4 0.28203125 0.44609375 0.03828125 0.096875
5 0.253125 0.4453125 0.04609375 0.090625
6 0.22421875 0.43125 0.04453125 0.0890625
8 0.49765625 0.44453125 0.0765625 0.153125
9 0.553125 0.4421875 0.059375 0.1390625
10 0.6015625 0.4421875 0.05625 0.15078125
11 0.62890625 0.46171875 0.0359375 0.125
12 0.6515625 0.47109375 0.0265625 0.09453125
13 0.6703125 0.478125 0.03359375 0.0921875
14 0.69140625 0.46953125 0.028125 0.07265625
25 0.4515625 0.5828125 0.0609375 0.10078125
26 0.4140625 0.5828125 0.053125 0.11875
27 0.37109375 0.58984375 0.05234375 0.12109375
28 0.334375 0.5796875 0.04296875 0.1109375
29 0.309375 0.56640625 0.0421875 0.11328125
30 0.28046875 0.565625 0.03984375 0.0953125
16 0.4875 0.58828125 0.05 0.115625
17 0.5296875 0.58828125 0.0578125 0.11953125
19 0.571875 0.59453125 0.06171875 0.1125
20 0.60546875 0.590625 0.05 0.1171875
21 0.62734375 0.5921875 0.04921875 0.109375
22 0.64921875 0.58671875 0.05234375 0.0859375
23 0.6671875 0.559375 0.06015625 0.09921875
31 0.28359375 0.5171875 0.0484375 0.0484375