0 0.4484375 0.453125 0.08359375 0.1703125
1 0.3921875 0.4453125 0.0828125 0.1640625
2 0.35 0.4359375 0.071875 0.15625
3 0.3203125 0.43515625 0.06171875 0.13203125
4 0.30078125 0.4390625 0.0484375 0.1203125
5 0.27890625 0.42265625 0.03671875 0.12265625
6 0.26875 0.43671875 0.01953125 0.08359375
7 0.25703125 0.40859375 0.01171875 0.07578125
8 0.515625 0.4421875 0.07578125 0.1875
9 0.5734375 0.446875 0.06328125 0.16796875
10 0.61484375 0.4421875 0.0578125 0.16875
11 0.64296875 0.46328125 0.03671875 0.12734375
12 0.66796875 0.45234375 0.03515625 0.11953125
13 0.68984375 0.440625 0.0390625 0.1359375
14 0.70625 0.4359375 0.025 0.10234375
16 0.50078125 0.6078125 0.0625 0.1390625
17 0.54765625 0.60390625 0.0609375 0.1484375
19 0.5875 0.60859375 0.0546875 0.15234375
20 0.62265625 0.60546875 0.04453125 0.1140625
21 0.640625 0.58203125 0.05234375 0.11328125
22 0.66015625 0.58046875 0.084375 0.1359375
25 0.45859375 0.596875 0.05859375 0.15078125
26 0.41640625 0.5921875 0.0609375 0.14609375
27 0.37578125 0.5875 0.06171875 0.15234375
28 0.34296875 0.57734375 0.03671875 0.1296875
29 0.32109375 0.56875 0.04609375 0.128125
30 0.2921875 0.5578125 0.04609375 0.1515625
32 0.26875 0.5328125 0.0140625 0.07578125