0 0.421875 0.384375 0.1328125 0.228125
1 0.3265625 0.38515625 0.1109375 0.2109375
2 0.2578125 0.37265625 0.121875 0.240625
3 0.203125 0.40625 0.075 0.1328125
8 0.528125 0.38046875 0.1328125 0.24375
9 0.6078125 0.375 0.10625 0.221875
10 0.66171875 0.3515625 0.096875 0.2515625
11 0.70859375 0.371875 0.065625 0.171875
12 0.7359375 0.36796875 0.046875 0.1421875
16 0.5359375 0.6484375 0.10625 0.196875
17 0.60546875 0.66328125 0.1015625 0.215625
19 0.6609375 0.6703125 0.0875 0.2234375
20 0.7046875 0.634375 0.0828125 0.1609375
21 0.71484375 0.58046875 0.1078125 0.1578125
22 0.71953125 0.48125 0.1109375 0.1125
25 0.4671875 0.653125 0.0953125 0.1984375
26 0.39921875 0.66015625 0.096875 0.209375
27 0.325 0.665625 0.1046875 0.2328125
28 0.2609375 0.63359375 0.0875 0.1421875
29 0.2171875 0.58359375 0.096875 0.1578125