0 0.4109375 0.4140625 0.13984375 0.21640625
1 0.33359375 0.4203125 0.09453125 0.2015625
2 0.26015625 0.39765625 0.08671875 0.23046875
3 0.21953125 0.39375 0.0609375 0.24296875
4 0.196875 0.425 0.05 0.2015625
5 0.16484375 0.39765625 0.0515625 0.19296875
6 0.1453125 0.3609375 0.03203125 0.1109375
8 0.521875 0.41328125 0.1328125 0.23359375
9 0.61875 0.42109375 0.1171875 0.21640625
10 0.684375 0.39921875 0.09453125 0.21796875
11 0.7453125 0.409375 0.06484375 0.21171875
12 0.7921875 0.409375 0.065625 0.21875
13 0.8328125 0.3875 0.06875 0.1875
25 0.440625 0.61640625 0.08359375 0.20234375
26 0.384375 0.6203125 0.0734375 0.20390625
27 0.31953125 0.61328125 0.07109375 0.21796875
28 0.2703125 0.61875 0.07890625 0.20703125
29 0.2234375 0.62421875 0.0734375 0.178125
30 0.16328125 0.59765625 0.0859375 0.16328125
31 0.1421875 0.521875 0.08984375 0.17109375
16 0.50703125 0.6265625 0.09609375 0.20703125
17 0.56796875 0.6359375 0.09921875 0.21875
19 0.64375 0.6234375 0.090625 0.2140625
20 0.6921875 0.621875 0.08671875 0.19921875
21 0.7625 0.63125 0.09765625 0.1796875
22 0.80390625 0.56640625 0.13828125 0.1796875