0 0.478125 0.3484375 0.14375 0.2578125
1 0.378125 0.36328125 0.10859375 0.24296875
2 0.303125 0.35 0.0859375 0.19375
3 0.25546875 0.3453125 0.07578125 0.19375
4 0.21875 0.33828125 0.065625 0.1890625
5 0.18046875 0.34921875 0.08125 0.17265625
6 0.134375 0.3125 0.0625 0.1375
8 0.58359375 0.38359375 0.11171875 0.25078125
9 0.67421875 0.40390625 0.0875 0.24453125
10 0.725 0.42734375 0.0515625 0.17578125
11 0.75625 0.43359375 0.05625 0.175
12 0.78125 0.43671875 0.03671875 0.1640625
13 0.82265625 0.39765625 0.06328125 0.153125
16 0.56640625 0.60234375 0.08671875 0.20546875
17 0.63125 0.63984375 0.0859375 0.2359375
19 0.68515625 0.60703125 0.07109375 0.18984375
20 0.7203125 0.61953125 0.06640625 0.18359375
21 0.75 0.59609375 0.05703125 0.14921875
23 0.81640625 0.5234375 0.11875 0.14140625
25 0.50234375 0.58359375 0.0921875 0.2265625
26 0.42578125 0.578125 0.10078125 0.215625
27 0.3640625 0.57109375 0.08671875 0.2265625
28 0.3140625 0.5390625 0.07109375 0.18984375
29 0.26875 0.5375 0.07421875 0.19921875
30 0.203125 0.50703125 0.125 0.20546875
31 0.15625 0.42421875 0.07109375 0.12734375