0 0.43359375 0.41328125 0.11484375 0.22734375
1 0.35078125 0.375 0.0796875 0.18984375
3 0.25546875 0.3875 0.128125 0.190625
4 0.19296875 0.396875 0.0578125 0.14375
5 0.1546875 0.36875 0.0640625 0.1125
8 0.54296875 0.3734375 0.11953125 0.190625
10 0.6890625 0.378125 0.12265625 0.21640625
11 0.7546875 0.384375 0.05546875 0.1546875
12 0.78359375 0.37734375 0.04296875 0.13203125
13 0.80859375 0.3453125 0.04375 0.1125
25 0.4203125 0.69140625 0.0796875 0.1296875
26 0.3546875 0.65078125 0.08203125 0.1640625
27 0.2875 0.65625 0.0875 0.17109375
28 0.2453125 0.64921875 0.06484375 0.1375
29 0.21484375 0.62109375 0.11640625 0.14375
30 0.175 0.5625 0.134375 0.15078125
16 0.48828125 0.703125 0.07890625 0.15546875
17 0.54765625 0.70234375 0.0796875 0.1546875
19 0.61796875 0.6671875 0.0828125 0.19296875
20 0.67265625 0.65546875 0.07109375 0.184375
21 0.72109375 0.65625 0.0828125 0.16796875
22 0.75546875 0.63515625 0.0703125 0.14140625
23 0.75234375 0.584375 0.1453125 0.15859375
24 0.7765625 0.5125 0.11953125 0.15