0 0.50625 0.40078125 0.15546875 0.25625
1 0.41328125 0.36171875 0.121875 0.2578125
2 0.33125 0.334375 0.109375 0.26796875
3 0.28515625 0.34921875 0.04921875 0.21796875
4 0.2390625 0.35625 0.06015625 0.20703125
8 0.6 0.396875 0.13359375 0.2296875
9 0.69296875 0.4046875 0.090625 0.2203125
10 0.75078125 0.4140625 0.08203125 0.2390625
12 0.79609375 0.4734375 0.05703125 0.2171875
13 0.83125 0.48046875 0.046875 0.21328125
14 0.8625 0.48515625 0.04609375 0.18515625
16 0.54296875 0.65390625 0.08125 0.278125
17 0.6140625 0.6625 0.09375 0.26484375
19 0.6828125 0.65390625 0.08359375 0.25703125
20 0.72578125 0.63046875 0.07421875 0.21953125
25 0.4859375 0.64609375 0.10859375 0.29140625
26 0.4265625 0.63203125 0.121875 0.271875
27 0.3578125 0.6140625 0.0875 0.27421875
28 0.2953125 0.58203125 0.0734375 0.2140625
30 0.22578125 0.54140625 0.14375 0.21875
22 0.76171875 0.56171875 0.04921875 0.05390625