0 0.41875 0.3734375 0.1046875 0.1515625
1 0.3625 0.3609375 0.08125 0.1296875
2 0.31796875 0.3671875 0.0828125 0.1453125
3 0.28828125 0.36953125 0.0453125 0.0953125
4 0.265625 0.3796875 0.0578125 0.1078125
5 0.2421875 0.37890625 0.0578125 0.0890625
8 0.49375 0.38359375 0.109375 0.15625
9 0.56328125 0.39609375 0.08125 0.1203125
10 0.61484375 0.38984375 0.0875 0.15625
11 0.64921875 0.4140625 0.0484375 0.10625
12 0.66484375 0.42421875 0.0390625 0.096875
13 0.6859375 0.41171875 0.0515625 0.1046875
14 0.7046875 0.40078125 0.028125 0.0734375
16 0.5 0.521875 0.075 0.1359375
17 0.5515625 0.534375 0.078125 0.1375
19 0.59375 0.53828125 0.0734375 0.125
20 0.628125 0.5515625 0.0671875 0.0984375
21 0.6515625 0.5296875 0.059375 0.08125
22 0.659375 0.49765625 0.0921875 0.0890625
25 0.44609375 0.52265625 0.084375 0.13125
26 0.39921875 0.5171875 0.0796875 0.1359375
27 0.35859375 0.51171875 0.071875 0.125
28 0.31953125 0.5125 0.075 0.140625
29 0.28828125 0.5046875 0.0625 0.09375
30 0.259375 0.49609375 0.0703125 0.1015625
31 0.23203125 0.471875 0.0703125 0.0984375