0 0.415625 0.30625 0.121875 0.1765625
1 0.35234375 0.26953125 0.096875 0.165625
2 0.31015625 0.26015625 0.0828125 0.14375
3 0.2703125 0.2609375 0.0703125 0.115625
4 0.25 0.24921875 0.065625 0.1171875
5 0.22890625 0.240625 0.075 0.121875
8 0.49375 0.34140625 0.1265625 0.171875
9 0.56328125 0.35625 0.1 0.171875
10 0.6046875 0.3828125 0.090625 0.1484375
11 0.640625 0.40546875 0.075 0.121875
12 0.66796875 0.42109375 0.06875 0.121875
13 0.6953125 0.43046875 0.071875 0.121875
16 0.415625 0.4671875 0.084375 0.1453125
17 0.45859375 0.4828125 0.09375 0.1546875
19 0.50234375 0.52265625 0.1078125 0.2109375
20 0.55234375 0.50078125 0.084375 0.1453125
21 0.584375 0.51796875 0.0796875 0.1453125
22 0.6171875 0.5296875 0.0765625 0.1234375
23 0.64609375 0.52265625 0.075 0.11875
25 0.37265625 0.44140625 0.08125 0.1453125
26 0.3296875 0.41796875 0.096875 0.146875
27 0.2828125 0.40078125 0.0921875 0.1734375
28 0.26171875 0.36875 0.0890625 0.1328125
29 0.2453125 0.35234375 0.075 0.10625
30 0.221875 0.34453125 0.0734375 0.0921875
31 0.2015625 0.321875 0.0921875 0.1140625