0 0.465625 0.234375 0.1109375 0.234375
1 0.3859375 0.23515625 0.0875 0.19375
2 0.33515625 0.23671875 0.08125 0.178125
3 0.28359375 0.24453125 0.078125 0.15625
4 0.23984375 0.240625 0.0859375 0.178125
5 0.1921875 0.1765625 0.071875 0.1328125
8 0.56484375 0.2265625 0.1296875 0.2578125
10 0.69921875 0.21953125 0.1109375 0.2109375
11 0.75859375 0.27578125 0.078125 0.178125
12 0.7953125 0.271875 0.0640625 0.175
13 0.83828125 0.21484375 0.05625 0.1078125
16 0.540625 0.509375 0.0765625 0.196875
17 0.59765625 0.53515625 0.0875 0.2515625
19 0.6625 0.54765625 0.0953125 0.2703125
20 0.71796875 0.51484375 0.0765625 0.2078125
21 0.76171875 0.5015625 0.090625 0.2015625
22 0.80078125 0.45078125 0.134375 0.209375
23 0.84140625 0.3390625 0.0984375 0.1765625
25 0.48359375 0.53046875 0.075 0.240625
26 0.42109375 0.5328125 0.0953125 0.25
27 0.3640625 0.54140625 0.096875 0.3171875
28 0.3046875 0.47421875 0.0796875 0.1734375
29 0.24375 0.52890625 0.096875 0.134375
30 0.22578125 0.46640625 0.1171875 0.1109375
31 0.2125 0.38828125 0.153125 0.146875
32 0.1734375 0.28515625 0.1375 0.18125