0 0.48515625 0.459375 0.1296875 0.1375
1 0.40625 0.44765625 0.1171875 0.13125
2 0.34296875 0.4375 0.0921875 0.1203125
3 0.29921875 0.42890625 0.0640625 0.1015625
4 0.27265625 0.4359375 0.0453125 0.0953125
5 0.25859375 0.43125 0.0421875 0.0921875
6 0.24375 0.41328125 0.0484375 0.096875
8 0.57421875 0.47109375 0.1328125 0.1390625
9 0.65234375 0.4828125 0.1109375 0.1359375
10 0.7140625 0.4875 0.096875 0.13125
11 0.76484375 0.51328125 0.075 0.115625
12 0.79296875 0.525 0.0421875 0.0921875
13 0.81640625 0.53046875 0.0515625 0.0953125
14 0.846875 0.52734375 0.05 0.0921875
25 0.50234375 0.55859375 0.0953125 0.1203125
26 0.45078125 0.5484375 0.10625 0.1359375
27 0.39453125 0.5390625 0.090625 0.125
28 0.3421875 0.5328125 0.090625 0.11875
29 0.3078125 0.5140625 0.05625 0.1015625
30 0.27578125 0.51484375 0.0671875 0.0859375
31 0.253125 0.49140625 0.0859375 0.0875
16 0.5578125 0.56484375 0.0875 0.121875
17 0.6171875 0.571875 0.0875 0.11875
19 0.6734375 0.58203125 0.0984375 0.1359375
20 0.72421875 0.590625 0.0796875 0.1234375
21 0.76328125 0.58984375 0.0640625 0.103125
22 0.79296875 0.59375 0.071875 0.0953125
23 0.8296875 0.59140625 0.0625 0.0796875