0 0.43046875 0.44140625 0.1875 0.2453125
1 0.34140625 0.4296875 0.134375 0.2125
2 0.29375 0.4125 0.128125 0.23125
3 0.25546875 0.38984375 0.11875 0.2140625
4 0.22109375 0.38046875 0.1 0.1609375
5 0.18984375 0.34765625 0.0953125 0.1625
6 0.16171875 0.353125 0.0828125 0.15
8 0.5359375 0.46953125 0.1984375 0.2625
9 0.61484375 0.49765625 0.1296875 0.221875
10 0.67421875 0.509375 0.1359375 0.2609375
11 0.71171875 0.534375 0.08125 0.16875
12 0.7515625 0.53671875 0.1203125 0.1953125
13 0.78828125 0.54453125 0.0734375 0.1421875
16 0.45703125 0.68828125 0.146875 0.2265625
17 0.51953125 0.675 0.1359375 0.2046875
19 0.58671875 0.69765625 0.146875 0.234375
20 0.634375 0.70703125 0.1140625 0.1859375
21 0.665625 0.69296875 0.1046875 0.1734375
22 0.70625 0.68828125 0.1265625 0.1953125
23 0.75078125 0.6515625 0.1078125 0.1546875
25 0.41484375 0.6359375 0.1265625 0.2109375
26 0.3515625 0.62421875 0.1421875 0.2171875
27 0.3109375 0.60078125 0.1421875 0.2328125
28 0.25703125 0.575 0.11875 0.18125
29 0.2046875 0.54140625 0.134375 0.16875
30 0.165625 0.49765625 0.1109375 0.153125
31 0.16015625 0.43671875 0.053125 0.06875