0 0.3328125 0.53046875 0.1734375 0.2
1 0.2265625 0.521875 0.1421875 0.1859375
2 0.14765625 0.546875 0.1125 0.175
3 0.09140625 0.56015625 0.10625 0.178125
4 0.07421875 0.6578125 0.0921875 0.0984375
8 0.4578125 0.5234375 0.1640625 0.209375
9 0.565625 0.55234375 0.128125 0.19375
10 0.6484375 0.5609375 0.1078125 0.203125
11 0.72265625 0.6234375 0.1125 0.1875
25 0.3671875 0.66796875 0.13125 0.18125
26 0.28671875 0.665625 0.115625 0.1796875
27 0.20234375 0.690625 0.1203125 0.2203125
28 0.1359375 0.69140625 0.103125 0.1921875
16 0.44609375 0.67734375 0.1109375 0.1875
17 0.51953125 0.6859375 0.1078125 0.1890625
19 0.59921875 0.69765625 0.11875 0.2109375
20 0.66015625 0.71796875 0.0734375 0.1375