0 0.4421875 0.4421875 0.1765625 0.234375
1 0.35625 0.43203125 0.125 0.203125
2 0.3109375 0.4171875 0.1203125 0.2203125
3 0.27265625 0.39609375 0.1109375 0.2046875
4 0.240625 0.3875 0.09375 0.153125
5 0.21015625 0.35703125 0.0890625 0.15625
6 0.18203125 0.36171875 0.0765625 0.14375
8 0.54375 0.46796875 0.1859375 0.25
9 0.61953125 0.49296875 0.121875 0.2125
10 0.6765625 0.50390625 0.1265625 0.25
11 0.71328125 0.5265625 0.075 0.1609375
12 0.75078125 0.528125 0.1125 0.1859375
13 0.7859375 0.5359375 0.06875 0.1359375
16 0.471875 0.67890625 0.1375 0.215625
17 0.53125 0.6640625 0.128125 0.1953125
19 0.5953125 0.68515625 0.1375 0.2234375
20 0.64140625 0.69375 0.1078125 0.178125
21 0.67109375 0.6796875 0.0984375 0.1671875
22 0.71015625 0.67421875 0.11875 0.1875
23 0.7515625 0.6390625 0.1015625 0.146875
25 0.4296875 0.62890625 0.11875 0.2015625
26 0.36875 0.61875 0.134375 0.2078125
27 0.3296875 0.59765625 0.1328125 0.2234375
28 0.278125 0.57265625 0.1109375 0.1734375
29 0.2265625 0.5421875 0.1265625 0.1609375
30 0.18984375 0.50078125 0.1046875 0.1453125
31 0.18203125 0.44296875 0.05 0.065625