0 0.4140625 0.34296875 0.1171875 0.2
8 0.49921875 0.3453125 0.128125 0.175
11 0.703125 0.3921875 0.1296875 0.140625
12 0.77109375 0.3921875 0.071875 0.10625
13 0.7984375 0.3796875 0.0640625 0.0984375
14 0.82734375 0.3640625 0.0625 0.10625
3 0.23828125 0.3765625 0.128125 0.14375
4 0.175 0.37421875 0.0859375 0.1265625
16 0.55703125 0.60546875 0.128125 0.196875
19 0.6546875 0.61171875 0.1140625 0.1703125
20 0.71484375 0.61171875 0.090625 0.159375
21 0.76640625 0.6265625 0.078125 0.134375
22 0.82578125 0.62734375 0.1171875 0.1546875
27 0.2984375 0.59609375 0.125 0.171875
28 0.2421875 0.6109375 0.096875 0.1359375
29 0.20390625 0.63984375 0.08125 0.13125
30 0.1609375 0.65625 0.09375 0.1296875
31 0.1234375 0.61171875 0.0796875 0.1125