0 0.4453125 0.421875 0.1671875 0.2078125
1 0.3765625 0.3984375 0.128125 0.20625
2 0.32578125 0.37109375 0.128125 0.209375
3 0.28984375 0.37421875 0.0875 0.1515625
4 0.26328125 0.365625 0.071875 0.1390625
5 0.2390625 0.35078125 0.078125 0.1515625
6 0.221875 0.334375 0.0671875 0.1390625
8 0.52109375 0.44296875 0.140625 0.1859375
9 0.58046875 0.45390625 0.1078125 0.178125
10 0.634375 0.4578125 0.1046875 0.1890625
11 0.66328125 0.4671875 0.0828125 0.175
12 0.68125 0.48671875 0.06875 0.1578125
13 0.70390625 0.47578125 0.0703125 0.1515625
14 0.72109375 0.4828125 0.0484375 0.109375
25 0.43203125 0.5921875 0.1078125 0.15625
26 0.371875 0.584375 0.109375 0.159375
27 0.3109375 0.57109375 0.1171875 0.178125
28 0.26953125 0.54453125 0.1015625 0.15625
29 0.253125 0.52421875 0.0796875 0.1328125
30 0.2234375 0.51484375 0.084375 0.146875
31 0.20390625 0.4828125 0.08125 0.125
32 0.1984375 0.43046875 0.084375 0.1171875
16 0.484375 0.61171875 0.10625 0.165625
17 0.53671875 0.6328125 0.1140625 0.1828125
19 0.578125 0.63359375 0.1046875 0.175
20 0.61171875 0.63515625 0.0796875 0.1515625
21 0.628125 0.61875 0.053125 0.1015625
22 0.6546875 0.62421875 0.078125 0.1234375
23 0.678125 0.56484375 0.1046875 0.1140625