0 0.3875 0.3953125 0.1296875 0.19375
1 0.31171875 0.40234375 0.0953125 0.1515625
2 0.253125 0.40390625 0.096875 0.1515625
3 0.2234375 0.41640625 0.05625 0.0953125
4 0.24765625 0.45703125 0.084375 0.1109375
5 0.20390625 0.453125 0.0828125 0.128125
6 0.17109375 0.4515625 0.0609375 0.1125
8 0.4828125 0.39375 0.13125 0.203125
9 0.55390625 0.36875 0.0890625 0.1546875
10 0.6125 0.36015625 0.09375 0.1578125
11 0.62734375 0.38515625 0.096875 0.13125
12 0.65546875 0.41796875 0.0859375 0.121875
13 0.684375 0.40234375 0.0609375 0.1171875
14 0.7109375 0.38828125 0.0546875 0.103125
16 0.5078125 0.6234375 0.0796875 0.1328125
17 0.5625 0.6296875 0.0921875 0.153125
19 0.6109375 0.63515625 0.090625 0.15625
20 0.63671875 0.6171875 0.06875 0.1203125
21 0.675 0.61953125 0.10625 0.140625
22 0.7140625 0.58359375 0.1078125 0.1421875
25 0.459375 0.63828125 0.0875 0.1296875
26 0.4046875 0.65 0.084375 0.134375
27 0.35234375 0.65703125 0.0921875 0.1546875
28 0.3265625 0.65 0.084375 0.1265625
29 0.284375 0.6609375 0.1171875 0.1421875
30 0.24140625 0.63828125 0.115625 0.1390625