0 0.440625 0.3 0.09140625 0.1734375
1 0.378125 0.29609375 0.06875 0.16171875
2 0.33203125 0.29609375 0.0640625 0.1859375
3 0.30703125 0.3234375 0.03984375 0.1234375
4 0.28828125 0.32109375 0.0328125 0.1046875
5 0.271875 0.3171875 0.02734375 0.103125
6 0.26015625 0.3140625 0.03359375 0.11640625
8 0.51796875 0.3125 0.08671875 0.15546875
9 0.5765625 0.3234375 0.04921875 0.13203125
10 0.62109375 0.31328125 0.0609375 0.16796875
11 0.6515625 0.34453125 0.0390625 0.1046875
12 0.67734375 0.33515625 0.034375 0.1171875
13 0.6953125 0.33125 0.03125 0.1078125
14 0.7109375 0.3234375 0.028125 0.10390625
16 0.4953125 0.575 0.05390625 0.13046875
17 0.5421875 0.5921875 0.06171875 0.1796875
19 0.58515625 0.584375 0.06171875 0.153125
20 0.6171875 0.5546875 0.0578125 0.128125
21 0.634375 0.54140625 0.07109375 0.09765625
22 0.65625 0.521875 0.08984375 0.11640625
23 0.6875 0.50703125 0.06640625 0.10859375
25 0.45390625 0.5625 0.053125 0.12109375
26 0.40625 0.59453125 0.06015625 0.1875
27 0.3609375 0.6 0.0703125 0.1796875
28 0.34375 0.5609375 0.06640625 0.11953125
29 0.33125 0.5421875 0.06875 0.103125
30 0.32265625 0.525 0.08828125 0.10703125
31 0.296875 0.49765625 0.07890625 0.09765625
32 0.28984375 0.44296875 0.0828125 0.11328125