0 0.46015625 0.26640625 0.178125 0.265625
1 0.34140625 0.29375 0.1171875 0.240625
2 0.26484375 0.3203125 0.10625 0.25
3 0.21328125 0.3375 0.0890625 0.240625
4 0.16328125 0.33671875 0.071875 0.2
8 0.60859375 0.27578125 0.1546875 0.2453125
9 0.72265625 0.29140625 0.1125 0.253125
10 0.78828125 0.31484375 0.090625 0.275
11 0.82890625 0.334375 0.065625 0.2328125
12 0.85859375 0.34453125 0.0578125 0.1859375
13 0.890625 0.3203125 0.0515625 0.1703125
14 0.91484375 0.31171875 0.0328125 0.1625
6 0.10546875 0.31015625 0.134375 0.190625
16 0.5875 0.65 0.10625 0.240625
17 0.65234375 0.6203125 0.1 0.240625
19 0.73203125 0.63671875 0.0953125 0.2765625
20 0.77421875 0.6203125 0.096875 0.2234375
21 0.81796875 0.6125 0.0875 0.1953125
22 0.81484375 0.5640625 0.1640625 0.2078125
23 0.84609375 0.51796875 0.1578125 0.184375
24 0.8625 0.4578125 0.11875 0.1234375
25 0.50078125 0.64296875 0.0953125 0.225
26 0.4125 0.6296875 0.103125 0.2125
27 0.33046875 0.65546875 0.0984375 0.2296875
28 0.2734375 0.6265625 0.0953125 0.20625
29 0.225 0.60859375 0.109375 0.1875
30 0.19140625 0.55703125 0.1890625 0.20625
31 0.11328125 0.5234375 0.0921875 0.1609375
32 0.11953125 0.44921875 0.125 0.1265625