0 0.46171875 0.409375 0.184375 0.303125
1 0.38125 0.38359375 0.146875 0.2640625
2 0.325 0.36328125 0.1375 0.2890625
3 0.278125 0.36328125 0.096875 0.2
4 0.2421875 0.365625 0.0703125 0.1546875
5 0.21953125 0.34296875 0.0765625 0.1640625
6 0.209375 0.31875 0.0703125 0.1484375
7 0.19296875 0.28359375 0.0375 0.0921875
8 0.5703125 0.43046875 0.1765625 0.2703125
9 0.64609375 0.4640625 0.1328125 0.25625
10 0.70625 0.45 0.1328125 0.2609375
11 0.7671875 0.4859375 0.10625 0.2015625
12 0.7859375 0.52734375 0.0609375 0.109375
14 0.83203125 0.4796875 0.0921875 0.1453125
15 0.865625 0.49296875 0.05625 0.1125
25 0.41875 0.59296875 0.1125 0.1734375
26 0.3578125 0.58203125 0.1109375 0.1765625
27 0.2984375 0.559375 0.109375 0.1765625
28 0.25234375 0.55234375 0.0875 0.1671875
29 0.2390625 0.5 0.059375 0.1
30 0.2046875 0.484375 0.09375 0.1421875
31 0.19765625 0.41953125 0.0703125 0.103125
16 0.47890625 0.60859375 0.1125 0.1734375
17 0.546875 0.62421875 0.1125 0.171875
19 0.60625 0.6390625 0.1171875 0.178125
20 0.65234375 0.62421875 0.1125 0.1578125
21 0.68671875 0.62578125 0.06875 0.11875
23 0.7515625 0.6109375 0.13125 0.1390625