0 0.45390625 0.35078125 0.159375 0.2390625
1 0.38515625 0.34609375 0.128125 0.2203125
2 0.33671875 0.31796875 0.103125 0.215625
3 0.303125 0.3078125 0.0796875 0.159375
4 0.27421875 0.32578125 0.0703125 0.1234375
5 0.2625 0.296875 0.096875 0.19375
6 0.23359375 0.2921875 0.084375 0.1953125
8 0.53359375 0.37109375 0.1421875 0.215625
9 0.59921875 0.39375 0.1125 0.1921875
10 0.634375 0.3984375 0.109375 0.221875
11 0.66171875 0.4265625 0.065625 0.1609375
12 0.68515625 0.43203125 0.0828125 0.1703125
13 0.70859375 0.4234375 0.0875 0.1671875
14 0.73828125 0.4203125 0.0609375 0.1078125
16 0.44296875 0.58984375 0.1140625 0.1828125
17 0.49140625 0.5984375 0.1015625 0.165625
19 0.54140625 0.61640625 0.1109375 0.2
20 0.58203125 0.625 0.109375 0.2015625
21 0.615625 0.6234375 0.0984375 0.1765625
22 0.65625 0.6171875 0.103125 0.1609375
23 0.67734375 0.5375 0.0859375 0.103125
25 0.39453125 0.58046875 0.1234375 0.18125
26 0.34765625 0.559375 0.1125 0.1765625
27 0.30625 0.54453125 0.1125 0.20625
28 0.26640625 0.51328125 0.1078125 0.1609375
29 0.23671875 0.49609375 0.0984375 0.1515625
30 0.203125 0.4703125 0.096875 0.1296875