0 0.4375 0.4625 0.08125 0.1421875
1 0.38046875 0.4703125 0.0546875 0.1109375
2 0.33671875 0.47265625 0.0578125 0.140625
3 0.309375 0.48359375 0.046875 0.121875
4 0.27890625 0.48125 0.0359375 0.1078125
5 0.2640625 0.48046875 0.0265625 0.0953125
6 0.2515625 0.46171875 0.0171875 0.0703125
8 0.5046875 0.46875 0.078125 0.1421875
9 0.5453125 0.5 0.0546875 0.10625
10 0.58828125 0.4546875 0.0765625 0.14375
11 0.61875 0.50234375 0.0328125 0.10625
12 0.63671875 0.50703125 0.0328125 0.096875
13 0.65390625 0.51328125 0.0390625 0.1
16 0.46953125 0.64296875 0.05625 0.1234375
17 0.51015625 0.646875 0.0578125 0.1265625
19 0.55 0.65703125 0.0515625 0.1328125
20 0.5734375 0.64453125 0.05625 0.1234375
21 0.6 0.63203125 0.04375 0.103125
23 0.621875 0.58984375 0.078125 0.1015625
25 0.428125 0.6375 0.0625 0.121875
26 0.3859375 0.63515625 0.0546875 0.121875
27 0.35 0.63203125 0.05 0.1328125
28 0.31796875 0.621875 0.0515625 0.11875
29 0.2984375 0.61015625 0.0421875 0.0984375
31 0.2703125 0.56171875 0.0734375 0.0984375