0 0.48125 0.41796875 0.1265625 0.2140625
1 0.4203125 0.42265625 0.0953125 0.15
2 0.36875 0.41015625 0.1015625 0.184375
3 0.33046875 0.40546875 0.065625 0.146875
4 0.30625 0.41015625 0.0625 0.1296875
5 0.28046875 0.396875 0.065625 0.1359375
6 0.253125 0.378125 0.0640625 0.121875
8 0.5484375 0.43203125 0.1171875 0.196875
9 0.60078125 0.46875 0.0765625 0.146875
10 0.64453125 0.4671875 0.0859375 0.1765625
11 0.6765625 0.48828125 0.053125 0.1328125
12 0.70234375 0.49453125 0.053125 0.13125
13 0.7265625 0.48984375 0.053125 0.1203125
14 0.746875 0.48828125 0.046875 0.1296875
16 0.4984375 0.57890625 0.084375 0.1703125
17 0.54609375 0.5921875 0.0859375 0.1671875
19 0.596875 0.603125 0.1015625 0.203125
20 0.63515625 0.596875 0.0734375 0.1453125
21 0.66328125 0.60078125 0.0640625 0.13125
22 0.68984375 0.59765625 0.075 0.13125
23 0.71484375 0.58203125 0.0609375 0.0953125
25 0.446875 0.5796875 0.084375 0.165625
26 0.4125 0.553125 0.0890625 0.1578125
27 0.3546875 0.5546875 0.0859375 0.1796875
28 0.32109375 0.53515625 0.0703125 0.1453125
29 0.3078125 0.51015625 0.0625 0.1140625
30 0.27890625 0.4921875 0.078125 0.103125
31 0.26328125 0.47109375 0.06875 0.096875
32 0.240625 0.44453125 0.0625 0.090625
24 0.725 0.55625 0.0390625 0.059375