0 0.46640625 0.46328125 0.10859375 0.23515625
1 0.3859375 0.4765625 0.08203125 0.21171875
2 0.33671875 0.49140625 0.0625 0.184375
3 0.3 0.48984375 0.053125 0.19296875
4 0.27578125 0.48984375 0.05546875 0.18671875
5 0.2453125 0.49296875 0.05859375 0.1796875
6 0.21015625 0.4828125 0.0515625 0.1546875
8 0.54296875 0.46171875 0.11328125 0.25
9 0.61875 0.48671875 0.078125 0.20390625
10 0.66484375 0.49296875 0.046875 0.196875
11 0.7015625 0.50234375 0.046875 0.16953125
12 0.72734375 0.50078125 0.03515625 0.16875
13 0.76484375 0.465625 0.0609375 0.15546875
14 0.7953125 0.4328125 0.03671875 0.14375
16 0.528125 0.6015625 0.059375 0.190625
17 0.58046875 0.6203125 0.0609375 0.21640625
19 0.63046875 0.621875 0.06171875 0.140625
20 0.66796875 0.61015625 0.05703125 0.1453125
21 0.7 0.6015625 0.04140625 0.121875
24 0.78359375 0.534375 0.1046875 0.19140625
25 0.47890625 0.5890625 0.06015625 0.171875
26 0.4265625 0.59453125 0.06953125 0.171875
27 0.37421875 0.60234375 0.06484375 0.15546875
28 0.3375 0.59609375 0.04765625 0.14296875
29 0.31015625 0.61875 0.04296875 0.14453125
31 0.2625 0.61171875 0.078125 0.16875
32 0.2171875 0.5640625 0.03203125 0.10234375