0 0.58359375 0.41328125 0.10546875 0.18125
1 0.5078125 0.40546875 0.0671875 0.16796875
2 0.45078125 0.415625 0.06015625 0.15546875
3 0.41015625 0.41015625 0.0453125 0.15
4 0.384375 0.409375 0.03359375 0.1421875
5 0.359375 0.41796875 0.04921875 0.125
6 0.32265625 0.41328125 0.05625 0.13671875
8 0.68203125 0.4171875 0.09765625 0.1734375
9 0.76015625 0.4265625 0.0671875 0.16171875
10 0.81796875 0.440625 0.06484375 0.16015625
11 0.8640625 0.46171875 0.05546875 0.1421875
12 0.896875 0.4640625 0.03359375 0.12109375
13 0.91953125 0.45859375 0.03984375 0.11171875
14 0.9515625 0.44609375 0.04609375 0.12109375
16 0.6515625 0.54921875 0.06953125 0.1515625
17 0.70859375 0.540625 0.06171875 0.1265625
19 0.765625 0.55859375 0.06953125 0.15546875
20 0.8109375 0.559375 0.06328125 0.1515625
21 0.846875 0.5578125 0.04765625 0.12109375
22 0.87890625 0.55703125 0.06171875 0.1171875
23 0.921875 0.53984375 0.06015625 0.10625
25 0.59140625 0.53828125 0.0671875 0.13046875
26 0.5328125 0.53125 0.06640625 0.1234375
27 0.4796875 0.53046875 0.06171875 0.13046875
28 0.44296875 0.534375 0.0671875 0.10625
29 0.4015625 0.51796875 0.05625 0.11015625
30 0.3703125 0.509375 0.0515625 0.090625
31 0.3390625 0.50234375 0.05078125 0.08125