0 0.4140625 0.3484375 0.134375 0.1890625
1 0.32421875 0.39921875 0.165625 0.2046875
2 0.25078125 0.39765625 0.1078125 0.19375
3 0.2 0.3890625 0.10625 0.178125
4 0.16328125 0.36171875 0.109375 0.1796875
8 0.50859375 0.3375 0.1515625 0.2125
9 0.61171875 0.353125 0.15625 0.2265625
10 0.6640625 0.296875 0.0796875 0.1359375
12 0.71796875 0.278125 0.1609375 0.21875
25 0.490625 0.5578125 0.1171875 0.1828125
26 0.43515625 0.5671875 0.1203125 0.1890625
27 0.37265625 0.56875 0.1125 0.1671875
28 0.3140625 0.5734375 0.128125 0.1640625
29 0.24765625 0.54140625 0.1 0.153125
16 0.56015625 0.5828125 0.1515625 0.2421875
17 0.6453125 0.56640625 0.15 0.23125
19 0.70078125 0.55078125 0.140625 0.246875
20 0.74453125 0.50078125 0.1515625 0.265625