0 0.40859375 0.3234375 0.1640625 0.271875
1 0.31171875 0.31640625 0.125 0.2046875
2 0.25234375 0.27578125 0.1328125 0.278125
3 0.19296875 0.2828125 0.103125 0.2359375
4 0.1546875 0.296875 0.08125 0.159375
5 0.12734375 0.2828125 0.0703125 0.16875
6 0.10078125 0.253125 0.08125 0.18125
8 0.53046875 0.33984375 0.1671875 0.278125
9 0.63125 0.36171875 0.13125 0.25
10 0.7171875 0.36875 0.128125 0.275
11 0.78046875 0.396875 0.0953125 0.228125
12 0.81640625 0.4109375 0.0859375 0.2125
13 0.878125 0.37109375 0.0953125 0.178125
16 0.4734375 0.7109375 0.1265625 0.19375
17 0.540625 0.7046875 0.11875 0.1953125
19 0.621875 0.73515625 0.1234375 0.171875
20 0.70390625 0.7625 0.1171875 0.1640625
22 0.78125 0.71171875 0.1953125 0.2203125
23 0.8546875 0.61015625 0.159375 0.2296875
25 0.39765625 0.703125 0.13125 0.19375
26 0.31875 0.6953125 0.11875 0.190625
27 0.246875 0.6984375 0.1234375 0.20625
28 0.18828125 0.690625 0.1265625 0.246875
30 0.153125 0.63671875 0.19375 0.2390625
31 0.1109375 0.50546875 0.153125 0.234375