0 0.41953125 0.4125 0.1421875 0.225
1 0.3375 0.42265625 0.109375 0.184375
2 0.2859375 0.42421875 0.121875 0.1984375
3 0.2390625 0.4171875 0.0890625 0.184375
8 0.50703125 0.38984375 0.1390625 0.2078125
9 0.58515625 0.38203125 0.1390625 0.2234375
10 0.640625 0.3875 0.1125 0.2
11 0.68203125 0.396875 0.0703125 0.1671875
12 0.7140625 0.4078125 0.0828125 0.1890625
13 0.73515625 0.371875 0.040625 0.0984375
14 0.7453125 0.415625 0.06875 0.078125
25 0.45703125 0.609375 0.096875 0.1609375
26 0.40625 0.6328125 0.0953125 0.15625
27 0.359375 0.6296875 0.0921875 0.16875
28 0.3171875 0.6265625 0.075 0.1578125
29 0.2875 0.61328125 0.0640625 0.15
31 0.23125 0.50078125 0.1453125 0.2203125
16 0.50546875 0.60546875 0.0828125 0.1484375
17 0.5578125 0.60078125 0.096875 0.159375
19 0.615625 0.60546875 0.0984375 0.1859375
20 0.65546875 0.6015625 0.0796875 0.1703125
21 0.69609375 0.5890625 0.0859375 0.1421875
22 0.71640625 0.5625 0.0828125 0.15625