0 0.4921875 0.46328125 0.125 0.13125
1 0.4171875 0.45234375 0.1125 0.125
2 0.35546875 0.4421875 0.0875 0.115625
3 0.3140625 0.43359375 0.0625 0.096875
4 0.2890625 0.440625 0.04375 0.090625
5 0.27578125 0.4359375 0.040625 0.0875
6 0.26171875 0.41953125 0.046875 0.09375
8 0.57734375 0.475 0.128125 0.134375
9 0.65234375 0.4859375 0.10625 0.13125
10 0.7109375 0.490625 0.0921875 0.125
11 0.7609375 0.51484375 0.071875 0.1109375
12 0.78671875 0.52578125 0.0390625 0.0875
13 0.809375 0.53125 0.0484375 0.090625
14 0.8375 0.528125 0.046875 0.0875
25 0.50859375 0.5578125 0.090625 0.115625
26 0.459375 0.5484375 0.1015625 0.1296875
27 0.40546875 0.53984375 0.0875 0.1203125
28 0.35546875 0.5328125 0.0859375 0.1125
29 0.32265625 0.51484375 0.053125 0.096875
30 0.29140625 0.515625 0.0640625 0.0828125
31 0.27109375 0.49375 0.08125 0.084375
16 0.56171875 0.5640625 0.084375 0.115625
17 0.61953125 0.57109375 0.0828125 0.1125
19 0.67265625 0.58125 0.0953125 0.1296875
20 0.72109375 0.58828125 0.0765625 0.1171875
21 0.7578125 0.58828125 0.0609375 0.0984375
22 0.78671875 0.5921875 0.0703125 0.090625
23 0.821875 0.5890625 0.059375 0.0765625