0 0.4203125 0.44453125 0.0984375 0.140625
1 0.36484375 0.42421875 0.0921875 0.1390625
2 0.3203125 0.4109375 0.0765625 0.1296875
3 0.2921875 0.4 0.06875 0.1140625
4 0.28125 0.403125 0.0359375 0.0734375
8 0.48828125 0.45078125 0.1 0.140625
9 0.546875 0.45390625 0.0921875 0.1390625
10 0.5921875 0.45546875 0.08125 0.1296875
11 0.6359375 0.459375 0.0546875 0.1125
12 0.65546875 0.46328125 0.04375 0.084375
13 0.678125 0.4484375 0.03125 0.0640625
25 0.41171875 0.546875 0.06875 0.09375
26 0.3765625 0.53359375 0.0703125 0.09375
27 0.33984375 0.51796875 0.0546875 0.084375
28 0.31875 0.50078125 0.0515625 0.0765625
29 0.3015625 0.47578125 0.034375 0.0515625
16 0.45703125 0.55 0.0703125 0.0890625
17 0.4984375 0.5453125 0.075 0.090625
19 0.54609375 0.5375 0.0640625 0.078125
20 0.57734375 0.528125 0.0734375 0.08125
21 0.61328125 0.51875 0.0640625 0.0625
14 0.6890625 0.44140625 0.0203125 0.046875
15 0.6984375 0.42578125 0.0203125 0.03125
24 0.696875 0.4515625 0.0234375 0.03125
23 0.67578125 0.47421875 0.0265625 0.025
22 0.6484375 0.49296875 0.0453125 0.046875
30 0.28515625 0.4609375 0.0359375 0.05