0 0.42421875 0.4640625 0.1140625 0.20625
1 0.353125 0.4609375 0.0921875 0.1828125
2 0.30390625 0.44765625 0.0765625 0.171875
3 0.26953125 0.4421875 0.0515625 0.134375
4 0.25859375 0.46796875 0.059375 0.13125
5 0.23203125 0.45390625 0.053125 0.1390625
8 0.50859375 0.47265625 0.096875 0.203125
9 0.5734375 0.4828125 0.0796875 0.1765625
10 0.62109375 0.47890625 0.05625 0.1546875
11 0.65625 0.49296875 0.05 0.1328125
12 0.6875 0.4953125 0.04375 0.13125
13 0.709375 0.48125 0.0375 0.11875
25 0.425 0.63359375 0.0734375 0.1484375
26 0.3796875 0.6328125 0.071875 0.165625
27 0.328125 0.63203125 0.071875 0.159375
28 0.2890625 0.603125 0.0671875 0.1390625
30 0.234375 0.58984375 0.084375 0.1328125
31 0.25078125 0.55546875 0.0828125 0.053125
16 0.4796875 0.6390625 0.0703125 0.1546875
17 0.5359375 0.65625 0.0703125 0.16875
19 0.59375 0.66171875 0.0796875 0.1703125
20 0.63125 0.6328125 0.06875 0.1328125
21 0.675 0.6296875 0.0703125 0.103125
22 0.69609375 0.61015625 0.0703125 0.1046875
23 0.70703125 0.5671875 0.0640625 0.0734375
32 0.23125 0.5296875 0.0703125 0.0609375