0 0.48359375 0.40703125 0.125 0.2203125
1 0.41953125 0.4015625 0.0828125 0.1734375
2 0.36796875 0.3828125 0.0953125 0.2015625
3 0.3328125 0.4140625 0.0640625 0.1546875
4 0.3015625 0.4015625 0.065625 0.1578125
5 0.2734375 0.4 0.0578125 0.140625
6 0.2515625 0.3921875 0.05 0.1265625
8 0.5609375 0.4078125 0.1125 0.2015625
9 0.61953125 0.39921875 0.0703125 0.1625
10 0.66328125 0.39921875 0.0953125 0.2234375
11 0.70390625 0.421875 0.0484375 0.165625
12 0.725 0.41875 0.046875 0.1640625
13 0.746875 0.42109375 0.059375 0.1671875
14 0.7703125 0.42265625 0.0375 0.1328125
16 0.5328125 0.63515625 0.078125 0.1671875
17 0.575 0.60234375 0.0890625 0.1765625
19 0.6265625 0.6140625 0.0921875 0.2140625
20 0.66875 0.60625 0.0671875 0.165625
21 0.690625 0.59296875 0.0625 0.1546875
22 0.7171875 0.5890625 0.0703125 0.159375
23 0.734375 0.5609375 0.05625 0.1234375
24 0.74609375 0.515625 0.0546875 0.0703125
25 0.49296875 0.6171875 0.08125 0.1765625
26 0.44453125 0.61796875 0.09375 0.190625
27 0.39375 0.609375 0.0875 0.2
28 0.3515625 0.5890625 0.0671875 0.16875
29 0.32109375 0.571875 0.059375 0.153125
30 0.29296875 0.55703125 0.0609375 0.1390625
31 0.27734375 0.53671875 0.0609375 0.1234375
32 0.26171875 0.5125 0.0421875 0.0765625