0 0.42734375 0.3296875 0.12421875 0.20546875
1 0.3375 0.3265625 0.08984375 0.1984375
2 0.28046875 0.3359375 0.07421875 0.2015625
3 0.23515625 0.33515625 0.065625 0.1921875
4 0.2046875 0.3359375 0.03359375 0.1265625
8 0.52890625 0.3234375 0.115625 0.2015625
9 0.61171875 0.325 0.0890625 0.190625
10 0.671875 0.340625 0.0625 0.1734375
11 0.7234375 0.3265625 0.06171875 0.18828125
12 0.76171875 0.33046875 0.03828125 0.1421875
13 0.79296875 0.31484375 0.0640625 0.17890625
16 0.5359375 0.5125 0.0796875 0.20078125
17 0.6015625 0.50234375 0.07578125 0.18203125
19 0.6640625 0.49921875 0.06484375 0.19921875
20 0.715625 0.48125 0.06875 0.1875
21 0.76328125 0.48046875 0.0640625 0.159375
22 0.815625 0.44140625 0.1140625 0.2046875
25 0.4609375 0.51640625 0.08984375 0.1796875
26 0.3890625 0.5078125 0.08203125 0.18828125
27 0.32109375 0.50234375 0.0796875 0.20234375
28 0.26171875 0.4921875 0.0796875 0.1703125
29 0.21796875 0.4734375 0.06953125 0.15546875
30 0.17421875 0.44765625 0.078125 0.1609375