0 0.47265625 0.375 0.15703125 0.23359375
1 0.3859375 0.37734375 0.11953125 0.2296875
2 0.29921875 0.353125 0.09609375 0.20234375
3 0.2421875 0.3515625 0.0796875 0.178125
5 0.1984375 0.3203125 0.05234375 0.1390625
6 0.17109375 0.32578125 0.0359375 0.11328125
8 0.59453125 0.38984375 0.14765625 0.2046875
9 0.68359375 0.3796875 0.0921875 0.19921875
10 0.74375 0.371875 0.08515625 0.21875
11 0.78828125 0.40234375 0.05 0.16640625
12 0.81328125 0.4046875 0.0375 0.15078125
13 0.8359375 0.38671875 0.03828125 0.1328125
16 0.56328125 0.67109375 0.07734375 0.15859375
17 0.62421875 0.67890625 0.08203125 0.1640625
19 0.68671875 0.69140625 0.08984375 0.2078125
20 0.7234375 0.671875 0.0890625 0.18203125
21 0.765625 0.66796875 0.06640625 0.14453125
22 0.79921875 0.6484375 0.075 0.125
23 0.8078125 0.5859375 0.09765625 0.1546875
25 0.5 0.66875 0.078125 0.1484375
26 0.4359375 0.66171875 0.0890625 0.1625
27 0.36953125 0.6671875 0.1078125 0.1875
28 0.29921875 0.64921875 0.0953125 0.17890625
29 0.253125 0.6296875 0.08671875 0.153125
30 0.21171875 0.5890625 0.08359375 0.14296875
31 0.2015625 0.52890625 0.10390625 0.125