0 0.503125 0.3859375 0.175 0.2875
1 0.4140625 0.38984375 0.1328125 0.2484375
2 0.35 0.375 0.128125 0.2953125
3 0.29921875 0.3953125 0.096875 0.2203125
4 0.26953125 0.415625 0.0640625 0.1625
5 0.24140625 0.403125 0.0625 0.1640625
6 0.21171875 0.3828125 0.08125 0.196875
8 0.615625 0.38203125 0.1640625 0.2796875
9 0.7046875 0.39921875 0.1265625 0.24375
10 0.765625 0.37265625 0.1421875 0.290625
11 0.83671875 0.38828125 0.0984375 0.225
12 0.865625 0.43046875 0.0625 0.1375
14 0.90078125 0.3640625 0.0828125 0.1640625
15 0.92890625 0.36484375 0.0328125 0.0921875
25 0.5140625 0.5828125 0.1015625 0.1765625
26 0.4515625 0.5921875 0.103125 0.16875
27 0.38828125 0.60078125 0.096875 0.175
28 0.3421875 0.60546875 0.0875 0.184375
29 0.30234375 0.55859375 0.0625 0.1296875
30 0.26328125 0.55703125 0.09375 0.15625
31 0.25078125 0.496875 0.0640625 0.0765625
16 0.590625 0.59140625 0.103125 0.1828125
17 0.66015625 0.57421875 0.103125 0.1703125
19 0.7328125 0.58125 0.11875 0.2015625
20 0.77265625 0.5625 0.08125 0.1421875
21 0.7984375 0.54609375 0.05625 0.1078125
23 0.859375 0.5171875 0.1015625 0.125