0 0.4390625 0.4125 0.1453125 0.2015625
1 0.371875 0.3921875 0.1015625 0.1765625
2 0.32734375 0.39375 0.090625 0.1515625
3 0.296875 0.38984375 0.0765625 0.1578125
4 0.278125 0.38828125 0.0515625 0.11875
5 0.2609375 0.3796875 0.0625 0.1234375
6 0.24453125 0.36875 0.0515625 0.1375
8 0.5375 0.4203125 0.1328125 0.175
9 0.61015625 0.4140625 0.09375 0.184375
10 0.6671875 0.41796875 0.0984375 0.171875
11 0.69296875 0.4171875 0.0671875 0.15625
12 0.72109375 0.41796875 0.053125 0.1328125
13 0.75390625 0.409375 0.075 0.15
14 0.77734375 0.41328125 0.040625 0.11875
25 0.45546875 0.65078125 0.090625 0.203125
26 0.409375 0.64609375 0.10625 0.2140625
27 0.3625 0.63984375 0.0921875 0.2125
28 0.31640625 0.609375 0.0875 0.18125
29 0.296875 0.5765625 0.0734375 0.153125
30 0.271875 0.55703125 0.06875 0.1375
31 0.26171875 0.51953125 0.078125 0.1203125
16 0.509375 0.659375 0.0984375 0.196875
17 0.55234375 0.65546875 0.0984375 0.2125
19 0.615625 0.6765625 0.115625 0.2328125
20 0.6546875 0.63125 0.1015625 0.1703125
21 0.6796875 0.59453125 0.0875 0.1359375
22 0.709375 0.5734375 0.084375 0.1078125