0 0.428125 0.45546875 0.1359375 0.2078125
1 0.353125 0.43203125 0.1203125 0.21875
2 0.3 0.421875 0.1140625 0.234375
3 0.259375 0.43046875 0.08125 0.15625
4 0.22265625 0.42265625 0.0859375 0.1546875
5 0.1921875 0.428125 0.0734375 0.1359375
8 0.50859375 0.45703125 0.1171875 0.1875
9 0.575 0.45703125 0.10625 0.1796875
10 0.63046875 0.44453125 0.1015625 0.209375
11 0.671875 0.44375 0.0703125 0.1625
12 0.7 0.440625 0.0703125 0.153125
13 0.72578125 0.43125 0.0671875 0.153125
25 0.375 0.68046875 0.0796875 0.1484375
26 0.31875 0.690625 0.1015625 0.190625
27 0.28125 0.66875 0.0828125 0.1609375
28 0.2515625 0.64921875 0.090625 0.146875
29 0.21640625 0.6453125 0.1078125 0.1546875
30 0.1890625 0.6015625 0.1078125 0.15625
16 0.41796875 0.68984375 0.090625 0.171875
17 0.4640625 0.6828125 0.0859375 0.1546875
19 0.51171875 0.69453125 0.1 0.190625
20 0.55859375 0.68203125 0.1 0.1578125
21 0.59140625 0.6734375 0.1 0.134375
22 0.621875 0.6609375 0.125 0.1515625
23 0.65 0.621875 0.1296875 0.15625