0 0.5328125 0.39453125 0.178125 0.296875
1 0.45 0.37265625 0.14375 0.24375
2 0.3765625 0.34921875 0.13125 0.2109375
3 0.3234375 0.34609375 0.1140625 0.190625
4 0.275 0.32421875 0.103125 0.1703125
5 0.24375 0.3359375 0.1203125 0.1859375
6 0.2203125 0.35078125 0.1703125 0.2078125
8 0.61484375 0.428125 0.171875 0.2765625
9 0.696875 0.43125 0.16875 0.290625
10 0.76015625 0.44609375 0.121875 0.2421875
11 0.80546875 0.4796875 0.09375 0.178125
12 0.83671875 0.503125 0.0953125 0.178125
13 0.86640625 0.503125 0.1078125 0.196875
25 0.49921875 0.59375 0.125 0.2046875
26 0.4390625 0.58359375 0.1375 0.2109375
27 0.37421875 0.5828125 0.128125 0.20625
28 0.33828125 0.53984375 0.13125 0.1953125
29 0.29453125 0.5171875 0.1140625 0.1625
30 0.24453125 0.4984375 0.13125 0.1828125
16 0.5578125 0.6109375 0.1328125 0.209375
17 0.61640625 0.6265625 0.1171875 0.1890625
19 0.66953125 0.63984375 0.1296875 0.203125
20 0.72265625 0.64453125 0.1046875 0.16875
21 0.76796875 0.646875 0.09375 0.1625
22 0.8015625 0.6546875 0.09375 0.159375
23 0.83359375 0.63046875 0.1 0.14375