0 0.4578125 0.42109375 0.140625 0.21875
1 0.3984375 0.390625 0.1203125 0.228125
2 0.346875 0.3875 0.103125 0.1859375
3 0.315625 0.3953125 0.0734375 0.15
4 0.29765625 0.38828125 0.0671875 0.1484375
5 0.2734375 0.38515625 0.071875 0.1453125
6 0.2515625 0.3671875 0.0453125 0.11875
8 0.5296875 0.44140625 0.140625 0.221875
9 0.5921875 0.4625 0.1046875 0.1984375
10 0.63359375 0.4640625 0.0875 0.1796875
11 0.66640625 0.48203125 0.0703125 0.153125
12 0.6875 0.49296875 0.0703125 0.1671875
13 0.715625 0.49140625 0.0765625 0.165625
14 0.73671875 0.490625 0.0484375 0.1375
25 0.428125 0.63125 0.0953125 0.15625
26 0.38125 0.61015625 0.1015625 0.165625
27 0.33671875 0.6015625 0.0953125 0.1671875
28 0.296875 0.58359375 0.065625 0.1375
29 0.278125 0.5640625 0.059375 0.10625
30 0.25546875 0.55859375 0.0703125 0.1203125
31 0.23125 0.51953125 0.075 0.1171875
16 0.47109375 0.6390625 0.1 0.1609375
17 0.51875 0.640625 0.0890625 0.1515625
19 0.565625 0.659375 0.0921875 0.146875
20 0.596875 0.66171875 0.08125 0.153125
21 0.62265625 0.659375 0.0640625 0.11875
22 0.6484375 0.66015625 0.0921875 0.1390625
23 0.67890625 0.63671875 0.090625 0.1296875