0 0.49140625 0.34296875 0.103125 0.209375
1 0.42421875 0.33359375 0.08125 0.1796875
2 0.37890625 0.3171875 0.06015625 0.17578125
3 0.3578125 0.3359375 0.06328125 0.16796875
4 0.33203125 0.34765625 0.05 0.1578125
5 0.29453125 0.3296875 0.04453125 0.128125
8 0.56640625 0.34921875 0.09453125 0.1796875
9 0.6328125 0.36171875 0.059375 0.16484375
10 0.67265625 0.36328125 0.05234375 0.15546875
11 0.6984375 0.36171875 0.04375 0.17109375
12 0.73203125 0.37109375 0.04140625 0.153125
13 0.75703125 0.37421875 0.03828125 0.12734375
25 0.4796875 0.60625 0.0671875 0.16796875
26 0.434375 0.6046875 0.071875 0.165625
27 0.38828125 0.61171875 0.06328125 0.1703125
28 0.353125 0.60859375 0.04453125 0.14765625
29 0.32734375 0.59921875 0.05390625 0.12578125
30 0.30390625 0.575 0.08203125 0.13515625
31 0.29453125 0.53828125 0.08203125 0.09921875
16 0.52109375 0.60390625 0.06484375 0.15546875
17 0.56796875 0.61171875 0.07734375 0.15546875
19 0.615625 0.61640625 0.07734375 0.1640625
20 0.6578125 0.609375 0.05546875 0.121875
21 0.68359375 0.61171875 0.05546875 0.115625
22 0.70859375 0.59609375 0.071875 0.1109375
23 0.73046875 0.57734375 0.078125 0.08359375