0 0.46171875 0.31875 0.1671875 0.23125
1 0.37265625 0.29765625 0.13125 0.215625
2 0.31484375 0.29453125 0.1171875 0.215625
3 0.26953125 0.284375 0.1046875 0.2046875
4 0.2390625 0.278125 0.0609375 0.1328125
8 0.56328125 0.33359375 0.1578125 0.225
9 0.64609375 0.35390625 0.1296875 0.2078125
10 0.70234375 0.38125 0.1 0.1859375
11 0.75703125 0.378125 0.1015625 0.2
12 0.79375 0.38984375 0.06875 0.15
13 0.828125 0.38203125 0.1015625 0.1921875
16 0.53125 0.5234375 0.121875 0.215625
17 0.59765625 0.52734375 0.1140625 0.196875
19 0.6609375 0.53671875 0.10625 0.2125
20 0.71640625 0.53046875 0.1078125 0.2015625
21 0.7640625 0.5390625 0.0984375 0.171875
22 0.82421875 0.5125 0.1578125 0.228125
25 0.45546875 0.5109375 0.128125 0.1984375
26 0.3859375 0.4875 0.121875 0.2046875
27 0.31953125 0.46796875 0.121875 0.2171875
28 0.26328125 0.44453125 0.115625 0.1859375
29 0.2234375 0.41796875 0.1015625 0.16875
30 0.184375 0.3828125 0.1109375 0.1765625