0 0.4328125 0.4328125 0.1 0.175
1 0.36953125 0.4203125 0.0734375 0.153125
2 0.321875 0.42734375 0.0671875 0.18125
3 0.28828125 0.43984375 0.0578125 0.1484375
4 0.2625 0.4359375 0.0421875 0.1296875
5 0.24140625 0.43515625 0.0421875 0.134375
6 0.2234375 0.42578125 0.03125 0.103125
8 0.50703125 0.44453125 0.0984375 0.1625
9 0.56953125 0.43828125 0.075 0.1578125
10 0.61796875 0.4515625 0.0734375 0.175
11 0.65390625 0.4609375 0.0515625 0.1625
12 0.67578125 0.4625 0.040625 0.1515625
13 0.69765625 0.46328125 0.0421875 0.1359375
14 0.7171875 0.453125 0.040625 0.1234375
16 0.51953125 0.59375 0.0671875 0.1515625
17 0.571875 0.5984375 0.0828125 0.1703125
19 0.6171875 0.60078125 0.0671875 0.146875
20 0.64921875 0.59921875 0.0578125 0.15
21 0.6859375 0.58203125 0.071875 0.121875
22 0.71953125 0.5421875 0.0578125 0.0953125
25 0.465625 0.57890625 0.0625 0.1328125
26 0.41484375 0.57890625 0.071875 0.1421875
27 0.353125 0.57265625 0.0890625 0.1921875
28 0.31328125 0.57109375 0.06875 0.1359375
29 0.29140625 0.55703125 0.05625 0.1078125
30 0.265625 0.553125 0.0609375 0.1125
31 0.24921875 0.5421875 0.0671875 0.1078125
32 0.22578125 0.51640625 0.0453125 0.06875