0 0.5015625 0.2984375 0.1609375 0.2828125
1 0.39453125 0.31640625 0.121875 0.265625
2 0.31328125 0.303125 0.096875 0.2125
3 0.26015625 0.29921875 0.0859375 0.2109375
4 0.2203125 0.29296875 0.075 0.20625
5 0.1796875 0.3046875 0.0921875 0.1875
6 0.12890625 0.265625 0.0703125 0.15
8 0.6171875 0.334375 0.1265625 0.2734375
9 0.715625 0.3546875 0.1 0.2671875
10 0.77109375 0.37890625 0.059375 0.1921875
11 0.80625 0.3859375 0.0640625 0.190625
12 0.8328125 0.3890625 0.0421875 0.178125
13 0.87734375 0.3453125 0.071875 0.1671875
16 0.603125 0.571875 0.0984375 0.225
17 0.67421875 0.61171875 0.096875 0.2578125
19 0.73125 0.575 0.0796875 0.20625
20 0.7703125 0.58828125 0.075 0.2
21 0.80078125 0.5625 0.0640625 0.1640625
23 0.87265625 0.48203125 0.13125 0.1546875
25 0.5328125 0.553125 0.1046875 0.2484375
26 0.44921875 0.5484375 0.1140625 0.2359375
27 0.3828125 0.5421875 0.0984375 0.2484375
28 0.32734375 0.50859375 0.0796875 0.20625
29 0.278125 0.5078125 0.084375 0.2171875
30 0.20625 0.4765625 0.1390625 0.225
31 0.1546875 0.3875 0.0796875 0.1390625