0 0.50390625 0.3859375 0.215625 0.3
1 0.4140625 0.3265625 0.1796875 0.2953125
2 0.334375 0.28046875 0.16875 0.303125
3 0.28359375 0.2875 0.0953125 0.2375
4 0.23359375 0.284375 0.1046875 0.228125
8 0.603125 0.40078125 0.1875 0.2671875
9 0.6984375 0.428125 0.1390625 0.2484375
10 0.7578125 0.45 0.134375 0.2671875
12 0.79296875 0.52109375 0.103125 0.2390625
13 0.828125 0.53515625 0.0921875 0.2328125
14 0.86015625 0.546875 0.084375 0.203125
16 0.490625 0.6578125 0.1421875 0.3078125
17 0.56328125 0.68203125 0.1515625 0.296875
19 0.63828125 0.68671875 0.1390625 0.2859375
20 0.6875 0.67109375 0.121875 0.2453125
25 0.4328125 0.63828125 0.1734375 0.3265625
26 0.37421875 0.6125 0.1828125 0.309375
27 0.3046875 0.57890625 0.1484375 0.3046875
28 0.246875 0.5328125 0.1203125 0.2390625
30 0.18125 0.47578125 0.1953125 0.2578125
22 0.73984375 0.60625 0.0625 0.065625