0 0.42734375 0.43515625 0.1984375 0.259375
1 0.3421875 0.48359375 0.1484375 0.209375
2 0.27421875 0.51953125 0.14375 0.2234375
3 0.2171875 0.53828125 0.11875 0.178125
4 0.175 0.55234375 0.0890625 0.1359375
5 0.146875 0.56484375 0.0796875 0.1265625
6 0.1 0.5125 0.071875 0.10625
8 0.53046875 0.39921875 0.1734375 0.2703125
9 0.63359375 0.40625 0.14375 0.20625
10 0.70859375 0.38359375 0.1078125 0.225
11 0.7671875 0.39375 0.1078125 0.2046875
12 0.80546875 0.409375 0.0640625 0.14375
13 0.8390625 0.3828125 0.0703125 0.1359375
25 0.45859375 0.55625 0.1203125 0.175
26 0.39921875 0.59140625 0.1015625 0.15
27 0.34140625 0.625 0.1171875 0.1765625
28 0.2828125 0.628125 0.0859375 0.125
29 0.2421875 0.634375 0.0890625 0.125
30 0.18828125 0.634375 0.09375 0.125
31 0.14453125 0.6078125 0.06875 0.08125
16 0.525 0.546875 0.1265625 0.18125
17 0.61171875 0.54296875 0.1265625 0.19375
19 0.690625 0.5453125 0.1375 0.203125
20 0.74453125 0.5171875 0.1046875 0.1703125
21 0.77734375 0.49140625 0.0921875 0.1453125
22 0.82734375 0.48671875 0.109375 0.1484375