0 0.46015625 0.46875 0.109375 0.1703125
1 0.40703125 0.484375 0.0875 0.1609375
2 0.3625 0.49765625 0.078125 0.165625
3 0.33671875 0.51640625 0.0578125 0.1328125
4 0.31875 0.521875 0.05 0.13125
5 0.3078125 0.52890625 0.0421875 0.11875
8 0.52890625 0.4546875 0.103125 0.1640625
9 0.584375 0.44375 0.0890625 0.15625
10 0.628125 0.42734375 0.0828125 0.1609375
11 0.65859375 0.43046875 0.05625 0.1328125
12 0.671875 0.41875 0.0453125 0.1171875
13 0.6828125 0.4015625 0.0703125 0.1390625
16 0.5609375 0.625 0.0765625 0.1828125
17 0.59453125 0.60859375 0.078125 0.171875
19 0.63515625 0.59609375 0.0890625 0.175
20 0.67109375 0.57578125 0.0859375 0.1453125
21 0.68515625 0.55078125 0.078125 0.1109375
22 0.70390625 0.53203125 0.0578125 0.0875
24 0.70625 0.48125 0.0734375 0.1109375
25 0.52421875 0.6375 0.08125 0.190625
26 0.48828125 0.6453125 0.0796875 0.1859375
27 0.4453125 0.65703125 0.090625 0.1828125
28 0.40078125 0.653125 0.0828125 0.1578125
29 0.37109375 0.65859375 0.0703125 0.153125
30 0.33828125 0.653125 0.06875 0.1328125