0 0.45 0.44921875 0.12734375 0.2515625
1 0.36171875 0.45078125 0.10234375 0.22109375
2 0.3015625 0.43828125 0.07421875 0.23984375
3 0.2578125 0.45234375 0.05078125 0.18125
4 0.23125 0.44453125 0.04296875 0.171875
5 0.2125 0.42421875 0.0390625 0.1578125
8 0.55546875 0.45390625 0.13828125 0.26328125
9 0.646875 0.459375 0.084375 0.23828125
10 0.71640625 0.47265625 0.0734375 0.2328125
11 0.76640625 0.478125 0.05 0.20234375
12 0.79921875 0.4671875 0.04765625 0.1859375
13 0.840625 0.471875 0.06484375 0.16796875
25 0.453125 0.65625 0.09296875 0.23828125
26 0.38203125 0.64921875 0.0953125 0.2390625
27 0.31484375 0.6578125 0.090625 0.27421875
28 0.25859375 0.6328125 0.065625 0.21796875
29 0.21015625 0.6046875 0.08671875 0.19453125
30 0.18515625 0.528125 0.06875 0.1453125
16 0.51640625 0.6546875 0.0984375 0.22890625
17 0.5875 0.6734375 0.1 0.2453125
19 0.659375 0.68984375 0.084375 0.278125
20 0.72734375 0.67734375 0.1015625 0.25546875
21 0.79140625 0.66171875 0.128125 0.22734375
22 0.8328125 0.58671875 0.10625 0.1671875