0 0.446875 0.3828125 0.1 0.1953125
1 0.37265625 0.371875 0.0875 0.175
2 0.31953125 0.34921875 0.0921875 0.2203125
3 0.28046875 0.3703125 0.0625 0.1640625
4 0.259375 0.38125 0.0515625 0.14375
5 0.225 0.36171875 0.059375 0.1421875
6 0.2046875 0.3765625 0.040625 0.1078125
8 0.528125 0.3875 0.10625 0.190625
9 0.60390625 0.3875 0.078125 0.2
10 0.653125 0.3953125 0.084375 0.196875
11 0.68671875 0.409375 0.0671875 0.1546875
12 0.7109375 0.4265625 0.0453125 0.121875
13 0.72890625 0.42109375 0.03125 0.1234375
14 0.74609375 0.42734375 0.0453125 0.1015625
16 0.471875 0.59453125 0.0625 0.128125
17 0.5171875 0.60390625 0.078125 0.1546875
19 0.56875 0.6234375 0.078125 0.1953125
20 0.609375 0.61640625 0.0796875 0.1703125
21 0.64765625 0.60703125 0.0546875 0.1546875
22 0.6828125 0.60546875 0.0671875 0.165625
23 0.70546875 0.578125 0.0453125 0.125
25 0.42265625 0.5953125 0.065625 0.1421875
26 0.3734375 0.5828125 0.071875 0.14375
27 0.31875 0.59921875 0.0890625 0.1859375
28 0.2828125 0.5859375 0.0875 0.1671875
29 0.26796875 0.55859375 0.0609375 0.1234375
30 0.2390625 0.55859375 0.090625 0.1484375
31 0.21796875 0.52734375 0.075 0.1234375