0 0.4421875 0.390625 0.1078125 0.22890625
1 0.35859375 0.4078125 0.10625 0.2375
2 0.29375 0.4046875 0.08046875 0.2390625
3 0.26171875 0.4046875 0.06015625 0.18125
4 0.23125 0.42265625 0.075 0.18984375
5 0.1984375 0.41015625 0.07109375 0.16953125
6 0.16875 0.42734375 0.04765625 0.15
8 0.5359375 0.38671875 0.11328125 0.234375
9 0.60546875 0.3953125 0.09453125 0.19765625
10 0.6578125 0.37890625 0.0734375 0.22109375
11 0.6953125 0.40546875 0.03515625 0.16328125
12 0.7171875 0.40859375 0.04453125 0.1703125
13 0.74296875 0.41171875 0.0390625 0.15078125
14 0.7640625 0.4140625 0.0328125 0.14765625
16 0.50625 0.51953125 0.05625 0.11796875
17 0.55859375 0.525 0.0578125 0.12265625
19 0.615625 0.53828125 0.06640625 0.1328125
20 0.65859375 0.52890625 0.04921875 0.1359375
21 0.6890625 0.54765625 0.02734375 0.115625
22 0.71640625 0.52890625 0.06171875 0.12578125
25 0.4609375 0.5078125 0.05625 0.08125
26 0.4125 0.52890625 0.0828125 0.13046875
27 0.35546875 0.55234375 0.09609375 0.128125
28 0.30234375 0.55078125 0.0703125 0.128125
29 0.25234375 0.5671875 0.0734375 0.1515625
30 0.21171875 0.5609375 0.05078125 0.13828125
31 0.1796875 0.5171875 0.04921875 0.10546875