25 0.45390625 0.59609375 0.0734375 0.134375
26 0.41015625 0.6078125 0.0875 0.1453125
27 0.359375 0.6296875 0.0828125 0.15625
28 0.31484375 0.62734375 0.0640625 0.1328125
29 0.28515625 0.63515625 0.0734375 0.1390625
16 0.49921875 0.59765625 0.0703125 0.134375
17 0.53984375 0.5859375 0.0734375 0.128125
19 0.5859375 0.58671875 0.075 0.128125
20 0.6234375 0.58125 0.0515625 0.1125
21 0.63984375 0.5671875 0.053125 0.0953125
22 0.66171875 0.53359375 0.1171875 0.1625
0 0.3796875 0.44453125 0.0953125 0.1453125
1 0.325 0.44375 0.084375 0.1640625
8 0.44765625 0.428125 0.1046875 0.1546875
9 0.51015625 0.41484375 0.0734375 0.15625
10 0.5609375 0.42421875 0.08125 0.1625
11 0.5953125 0.434375 0.0796875 0.15625
12 0.62578125 0.43203125 0.05 0.1328125