0 0.40390625 0.33125 0.2 0.328125
1 0.32265625 0.3734375 0.16875 0.3046875
2 0.2703125 0.4203125 0.1546875 0.3046875
3 0.23046875 0.4671875 0.125 0.275
4 0.2109375 0.5 0.13125 0.2734375
5 0.18125 0.53359375 0.1046875 0.221875
8 0.509375 0.29765625 0.1984375 0.3359375
9 0.59609375 0.2859375 0.178125 0.3234375
10 0.671875 0.2828125 0.1703125 0.3328125
11 0.7265625 0.29609375 0.1546875 0.346875
12 0.771875 0.30625 0.15 0.340625
13 0.8140625 0.3140625 0.1609375 0.3234375
14 0.83671875 0.27109375 0.0875 0.1453125
25 0.47734375 0.59609375 0.1609375 0.3046875
26 0.42265625 0.63828125 0.1734375 0.3296875
27 0.35703125 0.67421875 0.171875 0.3421875
28 0.29609375 0.7125 0.1359375 0.2890625
29 0.23203125 0.74140625 0.1359375 0.2484375
30 0.18515625 0.715625 0.109375 0.2046875
16 0.54453125 0.57265625 0.15 0.303125
17 0.61484375 0.5640625 0.16875 0.3484375
19 0.7015625 0.5890625 0.1921875 0.40625
20 0.78515625 0.60078125 0.1859375 0.3703125
21 0.8421875 0.5671875 0.196875 0.321875
22 0.8765625 0.52578125 0.159375 0.228125
23 0.89140625 0.43984375 0.0984375 0.1578125