0 0.43984375 0.37421875 0.1625 0.25625
1 0.38203125 0.3515625 0.1109375 0.2234375
2 0.328125 0.35234375 0.1125 0.215625
3 0.28828125 0.37265625 0.0796875 0.1921875
4 0.26171875 0.365625 0.071875 0.1984375
5 0.221875 0.3375 0.0890625 0.21875
8 0.5265625 0.3921875 0.125 0.2203125
9 0.590625 0.39375 0.0921875 0.1953125
10 0.6390625 0.3953125 0.10625 0.2203125
11 0.6796875 0.41796875 0.075 0.20625
12 0.7015625 0.44140625 0.05625 0.1625
13 0.725 0.40390625 0.075 0.190625
14 0.75234375 0.40859375 0.0625 0.18125
16 0.49921875 0.5859375 0.0984375 0.1890625
17 0.5421875 0.5921875 0.0859375 0.1828125
19 0.5859375 0.6015625 0.09375 0.2171875
20 0.628125 0.61484375 0.075 0.175
21 0.67109375 0.58046875 0.128125 0.1671875
25 0.44609375 0.58046875 0.103125 0.1828125
26 0.39609375 0.5796875 0.0984375 0.1921875
27 0.34765625 0.57890625 0.1109375 0.2328125
28 0.2984375 0.5703125 0.0828125 0.2
29 0.26484375 0.55 0.08125 0.1703125
30 0.228125 0.528125 0.090625 0.1984375