0 0.4640625 0.4328125 0.07890625 0.14140625
1 0.4109375 0.42421875 0.05546875 0.1328125
2 0.36484375 0.41953125 0.059375 0.14921875
3 0.33046875 0.42578125 0.04296875 0.11484375
4 0.303125 0.421875 0.03828125 0.11875
5 0.28125 0.4171875 0.0375 0.11484375
6 0.2640625 0.403125 0.0328125 0.1046875
8 0.53125 0.43203125 0.075 0.14609375
9 0.58359375 0.42421875 0.05078125 0.1296875
10 0.6203125 0.4125 0.04375 0.15234375
11 0.64453125 0.4125 0.0375 0.12890625
12 0.66328125 0.4125 0.0234375 0.11015625
13 0.67734375 0.40859375 0.02265625 0.09765625
14 0.6890625 0.39453125 0.01875 0.0984375
16 0.53359375 0.58125 0.05703125 0.1328125
17 0.58046875 0.57421875 0.06328125 0.153125
19 0.61640625 0.5625 0.0546875 0.125
20 0.64296875 0.5625 0.05390625 0.1171875
21 0.66640625 0.5265625 0.06796875 0.10078125
22 0.6765625 0.4703125 0.06171875 0.08359375
25 0.490625 0.57578125 0.05234375 0.10625
26 0.4546875 0.5890625 0.053125 0.12109375
27 0.4109375 0.5828125 0.0671875 0.15078125
28 0.36484375 0.5828125 0.06484375 0.11796875
29 0.34375 0.5625 0.059375 0.09765625
30 0.3140625 0.55546875 0.0609375 0.10078125
31 0.29453125 0.52265625 0.053125 0.09296875
32 0.27578125 0.4921875 0.04375 0.071875