0 0.4296875 0.4515625 0.1109375 0.21484375
1 0.33984375 0.446875 0.08984375 0.2125
2 0.27421875 0.46171875 0.08046875 0.19765625
3 0.22890625 0.46484375 0.08359375 0.17109375
4 0.19921875 0.46484375 0.065625 0.16171875
5 0.16015625 0.4578125 0.07421875 0.17578125
8 0.528125 0.45390625 0.109375 0.2125
9 0.61328125 0.44921875 0.08046875 0.2125
10 0.6796875 0.4515625 0.06875 0.20703125
11 0.7125 0.46171875 0.05625 0.1546875
12 0.7390625 0.4765625 0.06015625 0.15390625
13 0.7796875 0.446875 0.03671875 0.125
16 0.49375 0.69765625 0.07109375 0.14765625
17 0.55234375 0.6921875 0.075 0.15390625
19 0.6078125 0.6984375 0.0734375 0.1796875
20 0.61953125 0.6609375 0.0890625 0.14609375
23 0.6765625 0.60703125 0.13203125 0.13671875
21 0.6546875 0.65625 0.06953125 0.134375
25 0.43515625 0.70546875 0.06796875 0.159375
26 0.37734375 0.68984375 0.07578125 0.15703125
27 0.309375 0.70390625 0.07265625 0.16796875
28 0.29375 0.6625 0.09609375 0.1640625
29 0.27109375 0.6375 0.1109375 0.15546875
30 0.21328125 0.628125 0.09453125 0.1390625
31 0.18359375 0.603125 0.11953125 0.15859375