0 0.4453125 0.3078125 0.13125 0.2015625
1 0.3484375 0.36015625 0.1265625 0.1953125
2 0.29375 0.4109375 0.1234375 0.21875
3 0.26171875 0.50859375 0.146875 0.190625
4 0.22421875 0.5875 0.146875 0.1703125
5 0.2203125 0.6859375 0.18125 0.2171875
6 0.20625 0.7875 0.140625 0.134375
8 0.55 0.30078125 0.1390625 0.196875
9 0.63671875 0.33203125 0.1234375 0.203125
10 0.7078125 0.37578125 0.1453125 0.225
11 0.74609375 0.45 0.1453125 0.2078125
12 0.77890625 0.51171875 0.11875 0.178125
13 0.79140625 0.62265625 0.121875 0.1453125
14 0.803125 0.6984375 0.1203125 0.1671875
16 0.596875 0.81015625 0.0796875 0.128125
17 0.65546875 0.809375 0.0875 0.1640625
19 0.72109375 0.82734375 0.0890625 0.14375
20 0.76796875 0.8328125 0.0515625 0.0625
25 0.53203125 0.8125 0.0859375 0.1328125
26 0.46796875 0.85 0.096875 0.19375
27 0.39453125 0.8625 0.1125 0.1625
28 0.334375 0.86640625 0.0875 0.1078125