0 0.4625 0.21953125 0.2328125 0.36875
1 0.3421875 0.2078125 0.1828125 0.3265625
2 0.25859375 0.20078125 0.190625 0.353125
3 0.20078125 0.25859375 0.1140625 0.2546875
4 0.16328125 0.25 0.096875 0.215625
5 0.13515625 0.2328125 0.0890625 0.2125
6 0.109375 0.23125 0.0953125 0.2234375
8 0.61953125 0.25 0.225 0.334375
9 0.72578125 0.28515625 0.1515625 0.290625
10 0.81640625 0.26953125 0.178125 0.35625
11 0.8765625 0.32109375 0.1078125 0.2359375
12 0.91953125 0.30546875 0.09375 0.2421875
13 0.96015625 0.3015625 0.0765625 0.2203125
14 0.9765625 0.29140625 0.046875 0.2015625
16 0.52109375 0.740625 0.1625 0.253125
17 0.60703125 0.78671875 0.18125 0.3390625
19 0.703125 0.77421875 0.165625 0.3078125
20 0.76796875 0.7328125 0.14375 0.2359375
21 0.81953125 0.68828125 0.1453125 0.221875
22 0.8625 0.65546875 0.1921875 0.2578125
23 0.9140625 0.63046875 0.16875 0.2265625
25 0.44140625 0.71171875 0.153125 0.253125
26 0.35234375 0.77421875 0.2046875 0.3609375
27 0.246875 0.78125 0.171875 0.3640625
28 0.20546875 0.70546875 0.1046875 0.2328125
29 0.17890625 0.6578125 0.1203125 0.2
30 0.1484375 0.62265625 0.11875 0.2078125
31 0.1578125 0.5890625 0.171875 0.2171875
32 0.14140625 0.4859375 0.1671875 0.2109375