0 0.42265625 0.45078125 0.1140625 0.1890625
1 0.34296875 0.44453125 0.1046875 0.178125
2 0.29765625 0.4546875 0.0765625 0.178125
3 0.26875 0.47109375 0.05 0.1265625
4 0.24375 0.4734375 0.05625 0.109375
4 0.2140625 0.46015625 0.0546875 0.0984375
8 0.509375 0.43828125 0.121875 0.1921875
9 0.58203125 0.41953125 0.0953125 0.1828125
10 0.62890625 0.41484375 0.08125 0.1890625
11 0.6671875 0.428125 0.0515625 0.1359375
12 0.6953125 0.42109375 0.05 0.1109375
13 0.7171875 0.403125 0.0359375 0.0875
14 0.7265625 0.371875 0.0234375 0.053125
16 0.52734375 0.62890625 0.090625 0.1671875
17 0.5796875 0.61640625 0.08125 0.165625
19 0.61953125 0.5984375 0.0796875 0.16875
20 0.653125 0.5734375 0.075 0.1546875
21 0.69140625 0.5609375 0.0796875 0.1234375
22 0.71640625 0.525 0.0796875 0.1109375
23 0.72265625 0.475 0.08125 0.1015625
25 0.47109375 0.63359375 0.08125 0.1609375
26 0.4234375 0.64140625 0.0828125 0.1796875
27 0.371875 0.63125 0.0765625 0.165625
28 0.33046875 0.615625 0.0640625 0.1453125
29 0.2953125 0.603125 0.0828125 0.13125
30 0.259375 0.58671875 0.078125 0.1140625
30 0.23515625 0.540625 0.075 0.1046875