0 0.5125 0.36796875 0.11875 0.2296875
1 0.42109375 0.34609375 0.0828125 0.1890625
2 0.34453125 0.3375 0.103125 0.19375
3 0.2609375 0.33125 0.0984375 0.1890625
4 0.2015625 0.3234375 0.0796875 0.203125
5 0.16875 0.31640625 0.075 0.19375
6 0.134375 0.32734375 0.05 0.1390625
8 0.63984375 0.378125 0.1359375 0.2140625
9 0.72890625 0.38671875 0.0828125 0.2046875
10 0.796875 0.390625 0.1015625 0.221875
11 0.85859375 0.396875 0.109375 0.2203125
12 0.91953125 0.4328125 0.046875 0.14375
16 0.56484375 0.69296875 0.0765625 0.2125
17 0.6265625 0.6875 0.0953125 0.2015625
19 0.69609375 0.69609375 0.096875 0.1890625
20 0.75078125 0.70625 0.0859375 0.2109375
21 0.809375 0.71953125 0.0859375 0.19375
22 0.8515625 0.721875 0.0765625 0.1953125
23 0.89453125 0.678125 0.08125 0.234375
24 0.934375 0.61171875 0.065625 0.2453125
25 0.49140625 0.6953125 0.0890625 0.215625
26 0.41484375 0.66328125 0.09375 0.196875
27 0.33828125 0.66328125 0.09375 0.23125
28 0.2625 0.684375 0.1171875 0.240625