0 0.45 0.39609375 0.0875 0.1484375
1 0.3953125 0.39921875 0.059375 0.1265625
2 0.35546875 0.3953125 0.0578125 0.1640625
3 0.32109375 0.38828125 0.05625 0.153125
4 0.30390625 0.39453125 0.0421875 0.125
5 0.28984375 0.3890625 0.0375 0.115625
8 0.52265625 0.3859375 0.0921875 0.175
9 0.5796875 0.39765625 0.078125 0.1515625
10 0.6265625 0.3953125 0.0609375 0.16875
11 0.65703125 0.3890625 0.0484375 0.1546875
12 0.68046875 0.38046875 0.0546875 0.1546875
13 0.69921875 0.36875 0.0671875 0.15
16 0.52578125 0.5421875 0.0578125 0.1453125
17 0.57109375 0.5515625 0.0640625 0.1359375
19 0.60546875 0.5609375 0.0578125 0.15
20 0.640625 0.57109375 0.0515625 0.1390625
21 0.67109375 0.55625 0.0578125 0.1359375
22 0.70234375 0.5359375 0.0609375 0.134375
23 0.7109375 0.4984375 0.0671875 0.09375
25 0.475 0.55 0.0578125 0.1359375
26 0.42265625 0.55 0.0609375 0.1359375
27 0.3859375 0.55546875 0.059375 0.1359375
28 0.34765625 0.56875 0.0625 0.1296875
29 0.32734375 0.54296875 0.053125 0.1125
30 0.29921875 0.528125 0.0578125 0.1015625
31 0.29375 0.5 0.0546875 0.0890625