25 0.5234375 0.55703125 0.0765625 0.171875
26 0.47109375 0.55390625 0.0765625 0.15
27 0.41953125 0.56640625 0.0796875 0.1640625
28 0.38046875 0.56484375 0.0703125 0.14375
29 0.35234375 0.56640625 0.05625 0.115625
30 0.32109375 0.55703125 0.0796875 0.125
31 0.2890625 0.52265625 0.0875 0.1203125
16 0.57265625 0.5453125 0.0765625 0.15625
17 0.61796875 0.54765625 0.08125 0.1515625
19 0.6671875 0.5625 0.078125 0.178125
20 0.7078125 0.5640625 0.0609375 0.1375
21 0.73046875 0.55234375 0.071875 0.1421875
22 0.76484375 0.5453125 0.0765625 0.125
23 0.79609375 0.51328125 0.06875 0.1359375
1 0.42421875 0.39296875 0.0953125 0.1515625
2 0.37109375 0.39140625 0.0734375 0.1703125
3 0.3453125 0.41171875 0.0640625 0.146875
4 0.32421875 0.41953125 0.046875 0.1140625
5 0.30546875 0.40546875 0.0453125 0.128125
6 0.28203125 0.3890625 0.05 0.1375
10 0.67421875 0.34296875 0.109375 0.215625
11 0.728125 0.37265625 0.0796875 0.165625
12 0.75859375 0.38671875 0.0515625 0.11875
13 0.78046875 0.37578125 0.05625 0.121875
14 0.80546875 0.35859375 0.053125 0.1296875