0 0.4703125 0.3734375 0.140625 0.246875
1 0.38828125 0.371875 0.0984375 0.2109375
2 0.3296875 0.378125 0.0828125 0.1765625
3 0.2828125 0.3671875 0.0578125 0.1625
6 0.23671875 0.32421875 0.084375 0.1265625
8 0.56640625 0.3625 0.13125 0.215625
9 0.64921875 0.359375 0.10625 0.196875
10 0.7140625 0.34765625 0.0828125 0.2078125
11 0.75234375 0.346875 0.0609375 0.2046875
12 0.784375 0.3578125 0.040625 0.134375
13 0.8171875 0.33515625 0.0546875 0.1328125
25 0.4640625 0.6765625 0.090625 0.1765625
26 0.4046875 0.6703125 0.0859375 0.1734375
27 0.33984375 0.665625 0.0921875 0.178125
28 0.29453125 0.65390625 0.096875 0.165625
29 0.259375 0.62578125 0.0765625 0.153125
31 0.18671875 0.5234375 0.115625 0.1796875
16 0.53046875 0.68203125 0.0875 0.153125
17 0.5890625 0.67421875 0.08125 0.1703125
19 0.65078125 0.66640625 0.0703125 0.1515625
20 0.696875 0.65390625 0.0890625 0.1375
21 0.72421875 0.6265625 0.090625 0.1359375