0 0.46953125 0.4421875 0.12109375 0.2453125
1 0.378125 0.44375 0.0953125 0.190625
2 0.31328125 0.4328125 0.08984375 0.19921875
3 0.2625 0.4296875 0.0640625 0.1875
4 0.225 0.43203125 0.05546875 0.15859375
5 0.20078125 0.425 0.04609375 0.146875
6 0.171875 0.403125 0.046875 0.1421875
8 0.565625 0.45390625 0.12421875 0.21953125
9 0.65078125 0.45 0.084375 0.21796875
10 0.709375 0.4515625 0.07109375 0.19921875
11 0.75234375 0.4734375 0.0515625 0.1640625
12 0.78125 0.4734375 0.0390625 0.1484375
13 0.8015625 0.4703125 0.02734375 0.140625
14 0.81796875 0.4546875 0.02109375 0.1
25 0.4640625 0.678125 0.0875 0.19296875
26 0.403125 0.675 0.0765625 0.19609375
27 0.340625 0.66484375 0.0625 0.2015625
28 0.2875 0.6484375 0.06328125 0.20078125
29 0.2453125 0.63359375 0.05390625 0.1578125
30 0.21015625 0.61953125 0.05 0.1625
31 0.20078125 0.56796875 0.06015625 0.11875
16 0.5234375 0.6796875 0.07734375 0.1921875
17 0.5828125 0.6796875 0.08671875 0.196875
19 0.63984375 0.690625 0.06953125 0.2
20 0.68046875 0.6734375 0.06875 0.18203125
21 0.72265625 0.671875 0.0578125 0.16171875
22 0.7578125 0.6625 0.06875 0.14765625
23 0.76875 0.60234375 0.07265625 0.1234375