0 0.41875 0.4140625 0.109375 0.1609375
1 0.35 0.4203125 0.08671875 0.1578125
2 0.31484375 0.42734375 0.0671875 0.15234375
3 0.28203125 0.4234375 0.046875 0.13203125
4 0.25703125 0.4109375 0.04140625 0.121875
5 0.2328125 0.3953125 0.046875 0.1203125
6 0.20859375 0.38359375 0.0453125 0.09609375
8 0.50078125 0.4171875 0.09296875 0.1546875
9 0.56875 0.4296875 0.075 0.14453125
10 0.6171875 0.41953125 0.05546875 0.15234375
11 0.65390625 0.4234375 0.046875 0.13203125
12 0.6765625 0.41015625 0.03671875 0.1109375
13 0.696875 0.39921875 0.05234375 0.121875
14 0.72578125 0.3796875 0.03984375 0.1078125
16 0.48515625 0.55703125 0.0734375 0.134375
17 0.53203125 0.55234375 0.06328125 0.1421875
19 0.58203125 0.5546875 0.05625 0.13046875
20 0.62265625 0.596875 0.0625 0.115625
21 0.6421875 0.5515625 0.0578125 0.10078125
22 0.68203125 0.5390625 0.0703125 0.115625
23 0.71015625 0.5015625 0.06328125 0.10546875
25 0.4390625 0.5734375 0.078125 0.1375
26 0.39609375 0.55 0.065625 0.146875
27 0.359375 0.55703125 0.04453125 0.121875
28 0.31953125 0.5921875 0.06015625 0.1171875
29 0.28828125 0.56171875 0.04296875 0.10390625
30 0.2609375 0.534375 0.05546875 0.1171875
31 0.23984375 0.48984375 0.053125 0.1125