0 0.51015625 0.4046875 0.18125 0.396875
1 0.3625 0.39140625 0.1359375 0.3328125
2 0.24765625 0.3671875 0.1421875 0.321875
3 0.16640625 0.4125 0.10625 0.2453125
4 0.11875 0.37421875 0.0484375 0.2
5 0.08359375 0.34296875 0.05625 0.1609375
8 0.671875 0.4015625 0.178125 0.36875
9 0.78984375 0.3515625 0.109375 0.328125
10 0.87421875 0.35078125 0.1 0.3
11 0.93125 0.35703125 0.059375 0.271875
12 0.9609375 0.30234375 0.0265625 0.1609375
25 0.53671875 0.61484375 0.1078125 0.31875
26 0.425 0.609375 0.125 0.325
27 0.3296875 0.61171875 0.1125 0.3203125
28 0.2375 0.5890625 0.1140625 0.2828125
29 0.17265625 0.55390625 0.0625 0.190625
30 0.1140625 0.48828125 0.084375 0.1796875
31 0.059375 0.41015625 0.053125 0.15
16 0.62890625 0.60078125 0.109375 0.309375
17 0.7265625 0.58515625 0.1078125 0.3125
19 0.81015625 0.5640625 0.103125 0.290625
20 0.87265625 0.54765625 0.0875 0.2203125
21 0.91953125 0.52890625 0.05 0.1546875