0 0.49140625 0.37734375 0.109375 0.1875
1 0.4234375 0.3796875 0.071875 0.1453125
2 0.378125 0.38046875 0.0703125 0.1640625
3 0.35078125 0.396875 0.053125 0.1234375
4 0.328125 0.41171875 0.0640625 0.1421875
5 0.2984375 0.41484375 0.053125 0.1203125
8 0.5765625 0.3953125 0.1078125 0.178125
9 0.6453125 0.4046875 0.0703125 0.13125
10 0.6796875 0.42421875 0.0703125 0.1515625
11 0.7125 0.428125 0.0625 0.1421875
12 0.73359375 0.44921875 0.046875 0.1328125
13 0.76015625 0.446875 0.04375 0.11875
16 0.540625 0.6046875 0.071875 0.1484375
17 0.59140625 0.6171875 0.0734375 0.1640625
19 0.63984375 0.6453125 0.0859375 0.159375
20 0.66796875 0.6109375 0.06875 0.11875
21 0.71328125 0.6125 0.0796875 0.121875
22 0.7390625 0.603125 0.078125 0.1140625
23 0.74375 0.55625 0.084375 0.0984375
25 0.4921875 0.60078125 0.06875 0.1453125
26 0.44765625 0.59765625 0.071875 0.1546875
27 0.39453125 0.58671875 0.0859375 0.159375
28 0.3609375 0.5703125 0.065625 0.1234375
30 0.303125 0.56171875 0.09375 0.128125
31 0.29453125 0.515625 0.090625 0.109375