0 0.48046875 0.4484375 0.1015625 0.171875
1 0.41953125 0.4421875 0.065625 0.1578125
2 0.37265625 0.4390625 0.075 0.1546875
3 0.3390625 0.44765625 0.046875 0.1171875
4 0.31484375 0.43515625 0.0453125 0.1171875
5 0.29296875 0.428125 0.05 0.128125
6 0.26640625 0.40234375 0.0390625 0.1125
7 0.24921875 0.35703125 0.0265625 0.0578125
8 0.56328125 0.45625 0.1015625 0.1625
9 0.6296875 0.44765625 0.0609375 0.1375
10 0.67578125 0.446875 0.0609375 0.1453125
11 0.703125 0.45234375 0.0421875 0.125
12 0.7265625 0.4484375 0.03125 0.1
13 0.74375 0.4453125 0.0390625 0.109375
14 0.7578125 0.4203125 0.0171875 0.078125
16 0.5515625 0.6125 0.0640625 0.15
17 0.59921875 0.61796875 0.059375 0.1515625
19 0.634375 0.60859375 0.0703125 0.1625
20 0.66796875 0.5859375 0.0578125 0.1375
21 0.69921875 0.5765625 0.059375 0.1171875
22 0.709375 0.53046875 0.096875 0.0890625
25 0.50390625 0.62734375 0.0625 0.1625
26 0.4546875 0.62578125 0.06875 0.165625
27 0.40546875 0.61796875 0.071875 0.15625
28 0.37421875 0.59609375 0.0578125 0.1328125
29 0.3484375 0.5671875 0.0640625 0.1078125
31 0.3140625 0.51875 0.1109375 0.1
32 0.26796875 0.45234375 0.06875 0.0796875