0 0.4484375 0.42265625 0.18125 0.2703125
1 0.36796875 0.43125 0.1375 0.2359375
2 0.30546875 0.44140625 0.1203125 0.2109375
3 0.25 0.4421875 0.0984375 0.1796875
4 0.21015625 0.428125 0.08125 0.1484375
5 0.190625 0.446875 0.096875 0.1484375
6 0.146875 0.46875 0.1140625 0.1796875
9 0.62265625 0.4109375 0.1359375 0.2328125
10 0.69375 0.40078125 0.1109375 0.190625
11 0.75 0.40390625 0.1015625 0.1765625
12 0.80390625 0.38984375 0.103125 0.1515625
13 0.85 0.375 0.08125 0.14375
16 0.56953125 0.64453125 0.115625 0.2015625
17 0.63203125 0.6390625 0.11875 0.203125
19 0.68046875 0.62578125 0.1125 0.203125
20 0.728125 0.60390625 0.1078125 0.1734375
21 0.78046875 0.5921875 0.1265625 0.1875
22 0.78828125 0.57265625 0.159375 0.1921875
23 0.82265625 0.5265625 0.1484375 0.19375
25 0.5046875 0.653125 0.1078125 0.190625
26 0.44453125 0.67421875 0.11875 0.1984375
27 0.403125 0.72265625 0.1140625 0.1875
28 0.3578125 0.63515625 0.134375 0.1828125
29 0.31796875 0.61328125 0.1265625 0.159375
30 0.2828125 0.60078125 0.1640625 0.1828125