0 0.50625 0.4796875 0.1078125 0.1421875
1 0.44140625 0.47890625 0.07734375 0.134375
2 0.3875 0.46640625 0.0734375 0.1359375
3 0.34765625 0.47734375 0.0609375 0.11640625
4 0.31484375 0.47421875 0.05 0.109375
5 0.2859375 0.465625 0.0625 0.121875
8 0.590625 0.484375 0.09375 0.1234375
9 0.6546875 0.48203125 0.07109375 0.1265625
10 0.7125 0.47578125 0.07109375 0.1328125
11 0.74765625 0.47109375 0.0515625 0.09921875
12 0.77578125 0.465625 0.0421875 0.1140625
13 0.81015625 0.465625 0.046875 0.1265625
14 0.83515625 0.453125 0.03359375 0.10703125
25 0.51875 0.56015625 0.0625 0.07578125
26 0.4671875 0.56015625 0.065625 0.09140625
27 0.4203125 0.56640625 0.0640625 0.09375
28 0.371875 0.56015625 0.05546875 0.09453125
29 0.33046875 0.559375 0.0484375 0.09375
30 0.29375 0.55703125 0.0515625 0.09140625
31 0.26328125 0.50390625 0.04921875 0.1046875
16 0.56484375 0.5484375 0.05859375 0.08671875
17 0.6109375 0.5515625 0.05 0.071875
19 0.6578125 0.5609375 0.0625 0.0875
20 0.70703125 0.56328125 0.06484375 0.09921875
21 0.74453125 0.55078125 0.04296875 0.1015625
22 0.78046875 0.54609375 0.05625 0.09453125
23 0.81328125 0.51953125 0.03359375 0.0515625