0 0.50859375 0.35 0.159375 0.25625
1 0.4125 0.33203125 0.1375 0.221875
2 0.340625 0.31484375 0.1296875 0.240625
3 0.28203125 0.315625 0.1109375 0.21875
4 0.24296875 0.31953125 0.0890625 0.1765625
8 0.60859375 0.38359375 0.1671875 0.259375
9 0.7015625 0.41171875 0.14375 0.23125
10 0.77578125 0.42578125 0.1453125 0.2609375
11 0.82265625 0.47578125 0.121875 0.215625
12 0.86015625 0.503125 0.084375 0.159375
16 0.50859375 0.62890625 0.13125 0.2515625
17 0.5796875 0.64375 0.146875 0.259375
19 0.6546875 0.67265625 0.15 0.2828125
20 0.71640625 0.6515625 0.11875 0.2390625
21 0.76171875 0.62890625 0.1046875 0.178125
22 0.81328125 0.6234375 0.1234375 0.165625
25 0.45390625 0.59296875 0.1203125 0.228125
26 0.3796875 0.5875 0.140625 0.2546875
27 0.30234375 0.57890625 0.140625 0.2671875
28 0.2625 0.5328125 0.134375 0.234375
29 0.23125 0.52109375 0.128125 0.2359375
30 0.2109375 0.46015625 0.1375 0.1921875
5 0.2109375 0.3046875 0.090625 0.1625
31 0.18203125 0.39765625 0.1046875 0.14375