0 0.40625 0.43046875 0.153125 0.21875
1 0.321875 0.434375 0.1296875 0.2046875
2 0.253125 0.44140625 0.1078125 0.2109375
3 0.20234375 0.425 0.0671875 0.175
4 0.1796875 0.44375 0.0765625 0.16875
5 0.15234375 0.43515625 0.0765625 0.196875
8 0.51328125 0.41015625 0.128125 0.2265625
9 0.5875 0.409375 0.1 0.1796875
10 0.65625 0.41015625 0.0875 0.2078125
11 0.69375 0.4 0.0578125 0.2
12 0.71484375 0.38125 0.0390625 0.1515625
13 0.73828125 0.38671875 0.0453125 0.16875
25 0.46875 0.64296875 0.1046875 0.240625
26 0.409375 0.65 0.0984375 0.2390625
27 0.33125 0.64375 0.140625 0.278125
28 0.2609375 0.6109375 0.09375 0.1984375
29 0.2203125 0.59765625 0.06875 0.134375
30 0.17109375 0.58125 0.0921875 0.1359375
16 0.52109375 0.634375 0.0890625 0.2203125
17 0.5984375 0.63984375 0.121875 0.2796875
19 0.65234375 0.6078125 0.096875 0.225
20 0.684375 0.55546875 0.078125 0.1390625
21 0.7109375 0.54375 0.065625 0.1109375