0 0.375 0.45546875 0.2359375 0.340625
1 0.28046875 0.4046875 0.1140625 0.1625
2 0.228125 0.44375 0.1359375 0.2140625
6 0.134375 0.5078125 0.1234375 0.24375
8 0.55078125 0.459375 0.25 0.3390625
9 0.6921875 0.4609375 0.19375 0.3234375
10 0.79140625 0.45859375 0.15625 0.31875
11 0.85703125 0.425 0.0671875 0.146875
16 0.5140625 0.76875 0.15625 0.31875
17 0.615625 0.73984375 0.15 0.3015625
19 0.70234375 0.72578125 0.140625 0.3515625
20 0.7703125 0.684375 0.1375 0.2671875
25 0.4125 0.75234375 0.1828125 0.2921875
26 0.3109375 0.75859375 0.1828125 0.3203125
27 0.2328125 0.7625 0.1625 0.340625
28 0.14453125 0.7484375 0.1609375 0.33125