0 0.44921875 0.41640625 0.10625 0.1734375
1 0.378125 0.42421875 0.06953125 0.15625
2 0.32578125 0.41171875 0.0796875 0.175
3 0.28359375 0.4296875 0.07734375 0.1421875
4 0.2359375 0.3921875 0.046875 0.1203125
8 0.5375 0.4125 0.1140625 0.1953125
9 0.60546875 0.378125 0.0796875 0.16875
10 0.671875 0.34140625 0.07890625 0.19453125
11 0.70234375 0.3890625 0.08125 0.14375
12 0.74453125 0.37578125 0.04296875 0.146875
13 0.7796875 0.35625 0.06171875 0.1328125
25 0.478125 0.57734375 0.08515625 0.15546875
26 0.4234375 0.565625 0.06640625 0.14140625
27 0.37265625 0.5984375 0.0703125 0.1734375
28 0.3328125 0.5828125 0.05 0.15859375
29 0.28984375 0.58125 0.0578125 0.13203125
30 0.28671875 0.54375 0.12421875 0.16875
31 0.2484375 0.496875 0.08046875 0.15625
16 0.5328125 0.57421875 0.08359375 0.153125
17 0.58671875 0.56875 0.07890625 0.165625
19 0.6421875 0.57109375 0.08515625 0.2140625
20 0.69296875 0.54765625 0.06953125 0.16875
21 0.71953125 0.5265625 0.0703125 0.11796875
22 0.75390625 0.496875 0.10546875 0.128125
23 0.778125 0.4328125 0.078125 0.0609375