0 0.43828125 0.3796875 0.103125 0.1890625
1 0.35703125 0.365625 0.0875 0.178125
2 0.30546875 0.36328125 0.053125 0.165625
3 0.28125 0.37265625 0.04375 0.1125
4 0.26328125 0.3828125 0.0375 0.1015625
5 0.24765625 0.38203125 0.0328125 0.103125
6 0.22890625 0.34453125 0.0296875 0.103125
8 0.52734375 0.3734375 0.1109375 0.19375
9 0.61875 0.37734375 0.08125 0.1875
10 0.6828125 0.37578125 0.0734375 0.19375
11 0.7328125 0.3796875 0.0546875 0.1625
12 0.77109375 0.40078125 0.0328125 0.11875
13 0.8015625 0.403125 0.04375 0.115625
25 0.47109375 0.63515625 0.071875 0.140625
26 0.428125 0.61640625 0.059375 0.146875
27 0.378125 0.6015625 0.059375 0.14375
28 0.33515625 0.5875 0.0625 0.13125
29 0.3015625 0.56796875 0.053125 0.10625
16 0.52890625 0.64296875 0.071875 0.1546875
17 0.58828125 0.64140625 0.075 0.1453125
19 0.64609375 0.63828125 0.075 0.140625
20 0.69140625 0.61953125 0.084375 0.1734375
21 0.73828125 0.59140625 0.0796875 0.140625
23 0.7859375 0.51328125 0.115625 0.13125