0 0.4 0.47578125 0.1484375 0.21875
1 0.33125 0.48828125 0.1234375 0.19375
2 0.28046875 0.4859375 0.1046875 0.178125
3 0.246875 0.48828125 0.075 0.1390625
4 0.2421875 0.51484375 0.08125 0.1359375
5 0.2140625 0.50703125 0.0765625 0.14375
8 0.48203125 0.46484375 0.13125 0.2125
9 0.54765625 0.459375 0.1109375 0.184375
10 0.59140625 0.4453125 0.0828125 0.159375
11 0.62890625 0.4515625 0.0734375 0.1359375
12 0.659375 0.44609375 0.0671875 0.134375
13 0.67734375 0.428125 0.0578125 0.1203125
25 0.43828125 0.6375 0.0984375 0.15625
26 0.39453125 0.646875 0.1 0.171875
27 0.34453125 0.65703125 0.0984375 0.165625
28 0.30078125 0.6390625 0.090625 0.146875
30 0.24609375 0.63828125 0.10625 0.1421875
31 0.25390625 0.60078125 0.0890625 0.0671875
16 0.49140625 0.63046875 0.096875 0.1609375
17 0.5484375 0.634375 0.1 0.175
19 0.60703125 0.62734375 0.109375 0.1796875
20 0.63515625 0.59140625 0.090625 0.140625
21 0.67734375 0.578125 0.0859375 0.1125
22 0.6921875 0.5546875 0.0859375 0.1140625
23 0.69296875 0.5109375 0.0765625 0.0828125
32 0.2296875 0.58046875 0.0796875 0.071875