0 0.46640625 0.43515625 0.121875 0.175
1 0.3984375 0.425 0.0875 0.1484375
2 0.3453125 0.4171875 0.096875 0.1578125
3 0.30859375 0.425 0.0640625 0.11875
4 0.28359375 0.41875 0.05 0.10625
5 0.2546875 0.4015625 0.059375 0.1171875
6 0.22578125 0.37421875 0.0609375 0.11875
8 0.55859375 0.4453125 0.1125 0.178125
9 0.62421875 0.4640625 0.075 0.128125
10 0.6765625 0.465625 0.078125 0.14375
11 0.7078125 0.475 0.0640625 0.096875
12 0.7375 0.46640625 0.0625 0.1171875
13 0.7703125 0.465625 0.059375 0.115625
14 0.80546875 0.44765625 0.05 0.1171875
16 0.51875 0.575 0.0734375 0.140625
17 0.57265625 0.60078125 0.0796875 0.159375
19 0.621875 0.6078125 0.075 0.1640625
20 0.6625 0.609375 0.0671875 0.15625
21 0.69921875 0.603125 0.0671875 0.1296875
22 0.73125 0.590625 0.065625 0.10625
23 0.76328125 0.5734375 0.0578125 0.1171875
25 0.45859375 0.5890625 0.0828125 0.1578125
26 0.409375 0.56328125 0.0734375 0.1359375
27 0.36328125 0.56640625 0.06875 0.153125
28 0.321875 0.56796875 0.071875 0.146875
29 0.2921875 0.565625 0.0703125 0.13125
30 0.26484375 0.5359375 0.0859375 0.1171875
31 0.25 0.49765625 0.115625 0.134375