0 0.51015625 0.4359375 0.10859375 0.165625
1 0.43984375 0.41640625 0.0921875 0.171875
2 0.390625 0.43671875 0.07890625 0.16328125
3 0.34375 0.44296875 0.0546875 0.159375
4 0.3171875 0.44765625 0.0328125 0.1515625
5 0.2984375 0.45078125 0.0328125 0.1140625
6 0.278125 0.4390625 0.03046875 0.09765625
8 0.5890625 0.421875 0.0890625 0.16484375
9 0.65234375 0.40546875 0.06328125 0.175
10 0.690625 0.4328125 0.05 0.1703125
11 0.71796875 0.459375 0.03203125 0.12734375
12 0.74296875 0.45859375 0.03984375 0.11484375
13 0.7578125 0.43515625 0.03046875 0.0953125
16 0.55703125 0.53671875 0.06796875 0.16171875
17 0.60390625 0.53984375 0.0609375 0.1375
19 0.64375 0.54765625 0.06015625 0.16484375
20 0.678125 0.54765625 0.0390625 0.12421875
21 0.70078125 0.56171875 0.04375 0.1375
22 0.7234375 0.54140625 0.040625 0.09609375
23 0.74296875 0.52109375 0.0328125 0.06953125
25 0.50625 0.54296875 0.0625 0.13359375
26 0.46171875 0.54453125 0.078125 0.12421875
27 0.41328125 0.55546875 0.07734375 0.15
28 0.3703125 0.55546875 0.0546875 0.14921875
29 0.33671875 0.54140625 0.034375 0.115625
30 0.31328125 0.53125 0.040625 0.1046875
31 0.29296875 0.51953125 0.028125 0.08125