0 0.43671875 0.47890625 0.09296875 0.18203125
1 0.37578125 0.4921875 0.0625 0.13515625
2 0.3328125 0.49453125 0.07265625 0.14765625
3 0.3046875 0.5078125 0.046875 0.11171875
4 0.27734375 0.496875 0.0484375 0.1203125
5 0.25078125 0.49453125 0.04140625 0.10078125
8 0.51953125 0.4765625 0.09921875 0.17578125
9 0.5953125 0.48203125 0.0859375 0.16953125
10 0.6515625 0.4953125 0.0703125 0.14453125
11 0.68359375 0.51484375 0.0375 0.11171875
12 0.7046875 0.50703125 0.0375 0.12109375
13 0.73046875 0.49921875 0.04375 0.11171875
16 0.525 0.628125 0.0578125 0.1359375
17 0.57109375 0.625 0.0609375 0.1359375
19 0.61875 0.628125 0.0546875 0.13203125
20 0.6546875 0.6234375 0.053125 0.115625
21 0.68046875 0.61015625 0.05078125 0.11015625
22 0.71953125 0.61171875 0.05703125 0.0984375
25 0.475 0.6203125 0.0546875 0.12421875
26 0.42890625 0.62265625 0.05546875 0.12734375
27 0.3828125 0.625 0.05390625 0.1359375
28 0.3421875 0.6203125 0.0546875 0.11484375
29 0.3140625 0.60859375 0.05703125 0.10625
30 0.27109375 0.6015625 0.0640625 0.115625